1 0.2984375 0.52734375 0.1203125 0.0953125
1 0.17421875 0.51015625 0.06015625 0.125
1 0.19765625 0.21875 0.08984375 0.1046875
1 0.23203125 0.8015625 0.08359375 0.125
1 0.37109375 0.9125 0.08359375 0.1125
1 0.334375 0.9390625 0.08671875 0.0953125
1 0.121875 0.875 0.08671875 0.0921875
1 0.17265625 0.94609375 0.075 0.0796875
1 0.0828125 0.77890625 0.06328125 0.1125
1 0.03828125 0.63125 0.075 0.10234375
1 0.14609375 0.58125 0.10859375 0.1375
1 0.04296875 0.5015625 0.0546875 0.11015625
1 0.08515625 0.2140625 0.06640625 0.1125
1 0.021875 0.22734375 0.0296875 0.0953125
1 0.0375 0.80234375 0.046875 0.1046875
1 0.66796875 0.7078125 0.10703125 0.125
1 0.76953125 0.8703125 0.1 0.1421875
1 0.69921875 0.48515625 0.09140625 0.11484375
1 0.446875 0.28359375 0.08203125 0.1125
1 0.51484375 0.2046875 0.06328125 0.0875
1 0.84765625 0.3046875 0.08359375 0.0875
1 0.84296875 0.46875 0.1484375 0.1328125
1 0.88671875 0.6875 0.13203125 0.1453125
1 0.89453125 0.9375 0.1703125 0.075