1 0.21796875 0.4859375 0.0875 0.06015625
1 0.1515625 0.1953125 0.09375 0.06015625
1 0.07734375 0.1453125 0.07109375 0.059375
1 0.07109375 0.29453125 0.06953125 0.06484375
1 0.071875 0.36015625 0.0546875 0.053125
1 0.1546875 0.44375 0.0578125 0.0484375
1 0.04296875 0.4609375 0.06953125 0.05625
1 0.04921875 0.6078125 0.07109375 0.065625
1 0.271875 0.60625 0.0890625 0.04609375
1 0.27265625 0.26015625 0.07421875 0.05859375
1 0.2703125 0.3140625 0.08046875 0.0359375
1 0.15 0.31328125 0.0453125 0.03515625
1 0.18203125 0.34765625 0.07578125 0.0484375
1 0.21875 0.3953125 0.06640625 0.0484375
1 0.25 0.43515625 0.08046875 0.0359375
1 0.24921875 0.20390625 0.07265625 0.059375
1 0.134375 0.115625 0.07734375 0.0515625
1 0.04296875 0.1015625 0.0859375 0.0703125
1 0.23828125 0.08515625 0.1 0.05078125
1 0.2015625 0.2640625 0.06171875 0.0390625
1 0.30625 0.38125 0.05 0.03359375
1 0.11328125 0.409375 0.0375 0.0359375