1 0.771875 0.18046875 0.11640625 0.18984375
1 0.646875 0.18984375 0.14140625 0.22890625
1 0.5875 0.42890625 0.125 0.21953125
1 0.69375 0.51171875 0.09296875 0.26484375
1 0.75234375 0.50859375 0.15390625 0.34375
1 0.8796875 0.32421875 0.15078125 0.2875
1 0.8265625 0.27890625 0.11484375 0.20625
1 0.33125 0.28828125 0.115625 0.18828125
1 0.26875 0.36875 0.16875 0.19453125
1 0.265625 0.53515625 0.1234375 0.28515625
1 0.203125 0.63828125 0.14453125 0.32578125
1 0.2921875 0.640625 0.15390625 0.30234375
1 0.3953125 0.71953125 0.121875 0.23515625
1 0.4390625 0.49296875 0.12578125 0.271875
1 0.3734375 0.48359375 0.09296875 0.21640625
1 0.55625 0.63984375 0.11796875 0.28359375
1 0.4875 0.71796875 0.1359375 0.27109375
1 0.45625 0.221875 0.0875 0.10703125
1 0.87890625 0.14453125 0.07890625 0.11484375