1 0.4796875 0.20390625 0.1296875 0.1828125
1 0.56875 0.27578125 0.1453125 0.1828125
1 0.7140625 0.28671875 0.153125 0.17578125
1 0.6796875 0.41796875 0.15625 0.225
1 0.62265625 0.48125 0.1390625 0.21328125
1 0.4453125 0.32421875 0.14375 0.22734375
1 0.4734375 0.52109375 0.13125 0.2203125
1 0.67421875 0.65390625 0.1953125 0.22265625
1 0.6421875 0.75 0.159375 0.25859375
1 0.559375 0.84375 0.1609375 0.16640625
1 0.48046875 0.815625 0.1109375 0.2015625
1 0.44296875 0.6640625 0.1875 0.20390625
1 0.33359375 0.54609375 0.1328125 0.1453125
1 0.2875 0.68671875 0.1484375 0.196875
1 0.3828125 0.77109375 0.1375 0.1921875