1 0.17421875 0.28515625 0.05078125 0.14140625
1 0.24296875 0.196875 0.0578125 0.13515625
1 0.2671875 0.1 0.0609375 0.13515625
1 0.38359375 0.08203125 0.0875 0.1234375
1 0.73984375 0.08515625 0.1046875 0.13515625
1 0.8140625 0.26796875 0.1015625 0.21796875
1 0.84140625 0.446875 0.07421875 0.153125
1 0.6484375 0.40859375 0.125 0.21171875
1 0.7125 0.65859375 0.0671875 0.16484375
1 0.40390625 0.39140625 0.04375 0.153125
1 0.35 0.34375 0.084375 0.16484375
1 0.3546875 0.54140625 0.07109375 0.13515625
1 0.3109375 0.68828125 0.07734375 0.15859375
1 0.19765625 0.54140625 0.09453125 0.153125
1 0.11171875 0.66796875 0.0640625 0.13515625
1 0.05546875 0.59140625 0.0578125 0.11796875
1 0.03359375 0.44375 0.0671875 0.08828125
1 0.09609375 0.33828125 0.0578125 0.11796875
1 0.03046875 0.546875 0.0375 0.11171875