1 0.31875 0.58125 0.1328125 0.203125
1 0.5078125 0.8125 0.10546875 0.1875
1 0.7640625 0.67265625 0.171875 0.2078125
1 0.73828125 0.3703125 0.1640625 0.19765625
1 0.92578125 0.4796875 0.1328125 0.19296875
1 0.7328125 0.1671875 0.12890625 0.146875
1 0.515625 0.15234375 0.125 0.15703125
1 0.23828125 0.20078125 0.08984375 0.1015625
1 0.1796875 0.13203125 0.140625 0.1875
1 0.1015625 0.42109375 0.140625 0.15703125
1 0.05859375 0.6015625 0.09765625 0.17265625
1 0.2125 0.69765625 0.1015625 0.1625
1 0.34375 0.796875 0.12109375 0.1421875
1 0.209375 0.83984375 0.1875 0.19296875
1 0.603125 0.46171875 0.07421875 0.1625