1 0.81875 0.6296875 0.18515625 0.215625
1 0.40390625 0.64375 0.25703125 0.29765625
1 0.1140625 0.921875 0.19609375 0.13828125
1 0.17734375 0.52734375 0.23125 0.23203125
1 0.18515625 0.30390625 0.16875 0.2
1 0.2453125 0.146875 0.15625 0.1359375
1 0.371875 0.19609375 0.1625 0.13828125
1 0.52734375 0.16796875 0.16875 0.2015625
1 0.80703125 0.22109375 0.1734375 0.18671875
1 0.71015625 0.05625 0.13046875 0.08203125
1 0.61796875 0.3578125 0.1734375 0.15078125
1 0.67265625 0.51015625 0.175 0.21015625
1 0.9234375 0.36328125 0.13671875 0.22890625
1 0.90546875 0.19765625 0.13359375 0.15234375