0 0.23515625 0.23671875 0.14296875 0.26015625
0 0.81328125 0.26953125 0.178125 0.1671875
0 0.65703125 0.33359375 0.14609375 0.2609375
0 0.09140625 0.3578125 0.0609375 0.259375
0 0.13671875 0.378125 0.059375 0.24609375
0 0.50234375 0.38203125 0.0859375 0.2609375
0 0.77265625 0.45078125 0.14609375 0.27109375
0 0.2359375 0.4859375 0.1453125 0.1328125
0 0.878125 0.5 0.10625 0.24296875
0 0.346875 0.5171875 0.06328125 0.2734375
0 0.40703125 0.53125 0.06640625 0.25546875
0 0.584375 0.559375 0.05546875 0.26484375
0 0.23515625 0.58671875 0.17734375 0.215625
0 0.1 0.61953125 0.096875 0.2421875
0 0.52421875 0.6703125 0.1015625 0.2640625
0 0.39453125 0.696875 0.184375 0.12421875
0 0.77734375 0.7109375 0.06875 0.26328125
0 0.925 0.73359375 0.0578125 0.27421875
0 0.2375 0.74296875 0.2203125 0.2765625
0 0.83671875 0.784375 0.125 0.26484375
0 0.4359375 0.85859375 0.12109375 0.26171875
0 0.59921875 0.8703125 0.121875 0.25390625
0 0.69609375 0.8703125 0.04765625 0.25859375
0 0.234375 0.87265625 0.1765625 0.178125
0 0.78515625 0.10234375 0.16640625 0.12734375
0 0.44765625 0.125 0.0484375 0.24921875
0 0.553125 0.1578125 0.146875 0.1375
0 0.79921875 0.16796875 0.1515625 0.1109375
0 0.35390625 0.225 0.19375 0.32109375