1 0.31640625 0.66875 0.27890625 0.07578125
1 0.06875 0.68203125 0.1375 0.0703125
1 0.0421875 0.71796875 0.08359375 0.065625
1 0.20390625 0.6984375 0.196875 0.0625
1 0.10234375 0.63828125 0.2046875 0.08125
1 0.11015625 0.38046875 0.17109375 0.08359375
1 0.93515625 0.15 0.128125 0.14765625
1 0.89921875 0.1078125 0.19765625 0.14765625
1 0.79296875 0.0828125 0.1828125 0.13046875
1 0.68125 0.05546875 0.17265625 0.1015625
1 0.559375 0.03515625 0.1484375 0.0703125
1 0.50078125 0.06328125 0.1796875 0.12578125
1 0.42265625 0.103125 0.16015625 0.1171875
1 0.31796875 0.05703125 0.16171875 0.1140625
1 0.3828125 0.0375 0.15625 0.075
1 0.209375 0.0359375 0.13125 0.07109375
1 0.60390625 0.11171875 0.14609375 0.0890625
1 0.865625 0.215625 0.13125 0.07265625
1 0.70078125 0.13359375 0.14609375 0.0890625
1 0.78984375 0.171875 0.14609375 0.0890625
1 0.940625 0.40703125 0.1171875 0.1078125
1 0.90703125 0.321875 0.109375 0.0859375
1 0.840625 0.31171875 0.08359375 0.07421875
1 0.62578125 0.88203125 0.17109375 0.05859375
1 0.65859375 0.84921875 0.17109375 0.05859375
1 0.6890625 0.81953125 0.12265625 0.03984375
1 0.7515625 0.79140625 0.1640625 0.0546875
1 0.765625 0.7578125 0.11484375 0.0421875
1 0.46796875 0.846875 0.2265625 0.0703125
1 0.51171875 0.8140625 0.14921875 0.04453125
1 0.575 0.78203125 0.196875 0.0640625
1 0.61015625 0.7453125 0.13203125 0.04453125
1 0.2609375 0.43671875 0.29453125 0.0984375
1 0.584375 0.50703125 0.23515625 0.075
1 0.73203125 0.55703125 0.14453125 0.05703125
1 0.4984375 0.3078125 0.25859375 0.10546875
1 0.25390625 0.23828125 0.28828125 0.12421875