1 0.63515625 0.6921875 0.28828125 0.059375
1 0.896875 0.746875 0.1640625 0.0578125
1 0.915625 0.7875 0.11953125 0.0546875
1 0.7375 0.7390625 0.2 0.05234375
1 0.875 0.6953125 0.2171875 0.06484375
1 0.94765625 0.42421875 0.103125 0.0765625
1 0.19921875 0.06796875 0.17890625 0.1359375
1 0.2890625 0.0515625 0.17578125 0.103125
1 0.41015625 0.0421875 0.16328125 0.084375
1 0.53828125 0.028125 0.16015625 0.05625
1 0.675 0.01953125 0.1375 0.0328125
1 0.721875 0.05390625 0.1609375 0.0984375
1 0.784375 0.09375 0.1453125 0.115625
1 0.9140625 0.0640625 0.1453125 0.1078125
1 0.85859375 0.03828125 0.140625 0.059375
1 0.99140625 0.0515625 0.01484375 0.07421875
1 0.59375 0.0765625 0.1375 0.0859375
1 0.2765625 0.1453125 0.12421875 0.06875
1 0.4828125 0.08515625 0.1375 0.0859375
1 0.37421875 0.11171875 0.1375 0.0859375
1 0.103125 0.33125 0.1171875 0.1078125
1 0.18515625 0.24921875 0.09609375 0.08671875
1 0.2578125 0.2484375 0.071875 0.07421875
1 0.21875 0.8671875 0.1734375 0.04921875
1 0.2 0.828125 0.1734375 0.04921875
1 0.1828125 0.79375 0.12578125 0.0328125
1 0.13125 0.75546875 0.16640625 0.04609375
1 0.13125 0.71953125 0.11484375 0.03671875
1 0.39765625 0.85390625 0.23203125 0.0578125
1 0.3671875 0.8140625 0.15390625 0.03515625
1 0.3171875 0.771875 0.19921875 0.05390625
1 0.29765625 0.728125 0.13359375 0.0375
1 0.79921875 0.4609375 0.3 0.08359375
1 0.4328125 0.48671875 0.240625 0.0625
1 0.25859375 0.5171875 0.14453125 0.05078125
1 0.6125 0.29375 0.2578125 0.09375
1 0.8765625 0.2578125 0.2453125 0.11328125