1 0.6515625 0.31171875 0.28046875 0.0671875
1 0.91640625 0.2875 0.16484375 0.06484375
1 0.94140625 0.25 0.11484375 0.0609375
1 0.7625 0.278125 0.19609375 0.05703125
1 0.8859375 0.33359375 0.2265625 0.07421875
1 0.9015625 0.59609375 0.17265625 0.08046875
1 0.07421875 0.8640625 0.14765625 0.1453125
1 0.13203125 0.90390625 0.18515625 0.14453125
1 0.24296875 0.92578125 0.17265625 0.12890625
1 0.36015625 0.9484375 0.165625 0.0984375
1 0.4875 0.96484375 0.14375 0.06875
1 0.5421875 0.93515625 0.16953125 0.12578125
1 0.61640625 0.88984375 0.1515625 0.115625
1 0.728125 0.934375 0.1515625 0.115625
1 0.665625 0.95859375 0.15 0.08125
1 0.84609375 0.95703125 0.1296875 0.084375
1 0.43125 0.88828125 0.140625 0.08671875
1 0.15234375 0.79296875 0.1265625 0.0703125
1 0.3296875 0.8703125 0.140625 0.08671875
1 0.23515625 0.834375 0.140625 0.08671875
1 0.053125 0.603125 0.10625 0.10703125
1 0.096875 0.68671875 0.10234375 0.08515625
1 0.165625 0.6953125 0.07734375 0.0734375
1 0.31171875 0.10859375 0.1703125 0.053125
1 0.2828125 0.14296875 0.1703125 0.053125
1 0.25546875 0.17421875 0.12265625 0.0359375
1 0.19609375 0.20546875 0.16328125 0.05078125
1 0.1859375 0.23984375 0.1140625 0.0390625
1 0.4765625 0.1375 0.2265625 0.06328125
1 0.4359375 0.17265625 0.15 0.0390625
1 0.37578125 0.2078125 0.19609375 0.05859375
1 0.3453125 0.24609375 0.13203125 0.040625
1 0.73828125 0.54453125 0.29375 0.08984375
1 0.40078125 0.48671875 0.2359375 0.06796875
1 0.2453125 0.44140625 0.14375 0.053125
1 0.5140625 0.68515625 0.25546875 0.0984375
1 0.7703125 0.74609375 0.2828125 0.1171875