1 0.81953125 0.88984375 0.359375 0.1140625
1 0.8078125 0.8203125 0.28984375 0.08984375
1 0.8265625 0.94765625 0.34609375 0.0890625
1 0.48203125 0.9546875 0.35625 0.08984375
1 0.4546875 0.890625 0.32890625 0.0859375
1 0.44609375 0.83203125 0.2359375 0.06171875
1 0.190625 0.903125 0.22109375 0.075
1 0.14453125 0.85234375 0.15078125 0.0625
1 0.7234375 0.49609375 0.3203125 0.10390625
1 0.40078125 0.53671875 0.27734375 0.084375
1 0.39609375 0.4828125 0.26328125 0.0765625
1 0.45390625 0.59453125 0.20390625 0.06484375
1 0.14765625 0.61015625 0.2203125 0.07265625
1 0.14609375 0.5671875 0.2359375 0.06484375
1 0.646875 0.175 0.30859375 0.1265625
1 0.71796875 0.28515625 0.30546875 0.1125