1 0.634375 0.68984375 0.4640625 0.12578125
1 0.61484375 0.61328125 0.45234375 0.09609375
1 0.55234375 0.37421875 0.3625 0.103125
1 0.19296875 0.39296875 0.36015625 0.1046875
1 0.6078125 0.55859375 0.30234375 0.071875
1 0.1828125 0.33359375 0.17109375 0.04921875
1 0.62109375 0.89609375 0.2703125 0.20625
1 0.853125 0.88125 0.29140625 0.209375
1 0.98125 0.86953125 0.0359375 0.1984375
1 0.93671875 0.6765625 0.12578125 0.096875
1 0.92890625 0.603125 0.13984375 0.0796875
1 0.95625 0.540625 0.08515625 0.0671875
1 0.953125 0.49609375 0.09140625 0.04296875