1 0.06640625 0.8203125 0.0828125 0.11015625
1 0.09140625 0.9125 0.11015625 0.13828125
1 0.11328125 0.95625 0.13203125 0.0859375
1 0.21953125 0.771875 0.15390625 0.14765625
1 0.24765625 0.87109375 0.209375 0.18984375
1 0.3125 0.9578125 0.20234375 0.0828125
1 0.3046875 0.93203125 0.15390625 0.134375
1 0.91796875 0.35390625 0.16171875 0.20078125
1 0.48671875 0.53828125 0.24140625 0.21640625
1 0.73125 0.421875 0.26953125 0.23203125
1 0.70234375 0.5421875 0.20703125 0.16484375
1 0.71171875 0.61796875 0.2 0.15859375
1 0.52578125 0.61484375 0.1703125 0.15703125
1 0.21953125 0.13515625 0.21640625 0.146875
1 0.559375 0.021875 0.2609375 0.04375
1 0.84296875 0.1546875 0.215625 0.18359375
1 0.06953125 0.2625 0.13828125 0.17578125
1 0.83515625 0.07265625 0.2390625 0.1453125