1 0.2546875 0.0265625 0.17421875 0.053125
1 0.4703125 0.05546875 0.12890625 0.11015625
1 0.64140625 0.11640625 0.09140625 0.09140625
1 0.85625 0.19609375 0.06015625 0.07265625
1 0.84375 0.12421875 0.07890625 0.06875
1 0.83984375 0.08125 0.10390625 0.05859375
1 0.59921875 0.590625 0.140625 0.1140625
1 0.60234375 0.51015625 0.140625 0.11953125
1 0.5296875 0.41015625 0.13125 0.103125
1 0.51015625 0.33125 0.1328125 0.09296875
1 0.7203125 0.3828125 0.13046875 0.09921875
1 0.715625 0.45 0.128125 0.09921875
1 0.71875 0.52109375 0.11015625 0.0890625
1 0.71484375 0.5859375 0.10859375 0.09296875