1 0.18828125 0.721875 0.3765625 0.10625
1 0.196875 0.6578125 0.39296875 0.09609375
1 0.20546875 0.6 0.4 0.0921875
1 0.2234375 0.546875 0.39375 0.0875
1 0.24375 0.4953125 0.38046875 0.08671875
1 0.575 0.75703125 0.43671875 0.109375
1 0.584375 0.68984375 0.41953125 0.09609375
1 0.59296875 0.6296875 0.40234375 0.09375
1 0.60546875 0.575 0.3953125 0.08671875
1 0.61171875 0.52421875 0.38671875 0.0859375
1 0.48984375 0.96953125 0.33515625 0.059375
1 0.06171875 0.93203125 0.1234375 0.0765625
1 0.30234375 0.39921875 0.36484375 0.0765625
1 0.32265625 0.35546875 0.35625 0.0796875
1 0.3484375 0.3140625 0.3453125 0.075
1 0.36015625 0.27578125 0.3375 0.078125
1 0.37421875 0.2328125 0.33046875 0.071875
1 0.68125 0.09453125 0.271875 0.07890625
1 0.68125 0.14609375 0.24765625 0.0671875
1 0.690625 0.03984375 0.30546875 0.0796875
1 0.40546875 0.0515625 0.24609375 0.075
1 0.4171875 0.121875 0.26640625 0.08515625
1 0.3890625 0.01796875 0.265625 0.0359375
1 0.9140625 0.0953125 0.16953125 0.0984375