1 0.39765625 0.475 0.1625 0.04453125
1 0.4203125 0.43671875 0.14140625 0.040625
1 0.08125 0.4546875 0.1625 0.04453125
1 0.32890625 0.17265625 0.13125 0.07578125
1 0.45078125 0.16796875 0.13125 0.07578125
1 0.58125 0.171875 0.125 0.05078125
1 0.46015625 0.07734375 0.1140625 0.04140625
1 0.334375 0.08515625 0.1140625 0.04140625
1 0.3859375 0.05859375 0.12578125 0.04609375
1 0.5703125 0.04453125 0.1140625 0.04140625
1 0.57578125 0.06953125 0.1140625 0.04140625
1 0.2265625 0.0921875 0.1140625 0.0390625
1 0.3828125 0.2640625 0.125 0.05078125
1 0.28515625 0.26875 0.11015625 0.04921875
1 0.478125 0.27578125 0.11015625 0.04921875
1 0.5703125 0.25078125 0.11015625 0.04921875
1 0.86875 0.134375 0.1171875 0.05
1 0.7625 0.146875 0.125 0.05078125
1 0.83359375 0.0328125 0.1453125 0.065625
1 0.02265625 0.11015625 0.0453125 0.0390625
1 0.53984375 0.3484375 0.15234375 0.0640625
1 0.8984375 0.4671875 0.0625 0.0546875
1 0.94921875 0.465625 0.06328125 0.05625
1 0.046875 0.27578125 0.09375 0.0484375
1 0.11875 0.2796875 0.11015625 0.04921875
1 0.778125 0.33984375 0.13125 0.0703125
1 0.9296875 0.3390625 0.08671875 0.05546875
1 0.8875 0.2296875 0.12109375 0.0484375
1 0.38671875 0.36796875 0.13125 0.0546875
1 0.01953125 0.371875 0.0390625 0.06875
1 0.16484375 0.3765625 0.078125 0.046875