1 0.8734375 0.975 0.1328125 0.0484375
1 0.859375 0.89609375 0.1 0.13046875
1 0.85234375 0.79921875 0.08125 0.0921875
1 0.8515625 0.7265625 0.06875 0.08125
1 0.8390625 0.653125 0.06640625 0.08828125
1 0.83046875 0.5921875 0.0625 0.08125
1 0.72421875 0.55859375 0.1578125 0.09453125
1 0.7296875 0.62265625 0.16640625 0.1046875
1 0.72734375 0.70625 0.184375 0.1484375
1 0.70625 0.80625 0.16875 0.11171875
1 0.7125 0.896875 0.17890625 0.1484375
1 0.68671875 0.9578125 0.13203125 0.0703125
1 0.56953125 0.515625 0.15703125 0.1015625
1 0.41328125 0.49765625 0.1609375 0.14453125
1 0.56484375 0.5984375 0.16796875 0.14296875
1 0.55546875 0.71171875 0.159375 0.13671875
1 0.40859375 0.615625 0.15078125 0.12890625
1 0.40390625 0.70078125 0.146875 0.096875
1 0.403125 0.76484375 0.1484375 0.096875
1 0.54765625 0.809375 0.15 0.103125
1 0.39375 0.83203125 0.15234375 0.1046875
1 0.53984375 0.87734375 0.15234375 0.10859375
1 0.3828125 0.89453125 0.153125 0.090625
1 0.534375 0.93828125 0.15859375 0.08828125
1 0.24765625 0.528125 0.1671875 0.146875
1 0.2640625 0.44296875 0.1578125 0.103125
1 0.25078125 0.6265625 0.15546875 0.103125
1 0.23671875 0.6875 0.16015625 0.10625
1 0.2234375 0.7578125 0.16171875 0.1140625
1 0.1109375 0.41953125 0.1640625 0.14765625