1 0.0375 0.94375 0.075 0.059375
1 0.0421875 0.8453125 0.08359375 0.1265625
1 0.0484375 0.74375 0.08515625 0.08515625
1 0.0578125 0.665625 0.07265625 0.0765625
1 0.078125 0.58984375 0.06875 0.084375
1 0.09453125 0.528125 0.06484375 0.078125
1 0.21171875 0.52734375 0.1703125 0.07265625
1 0.19921875 0.59453125 0.17890625 0.08125
1 0.19296875 0.6859375 0.196875 0.12734375
1 0.20546875 0.8 0.18203125 0.0890625
1 0.18828125 0.8953125 0.190625 0.12734375
1 0.2109375 0.96484375 0.14375 0.0421875
1 0.38359375 0.5328125 0.16875 0.08046875
1 0.553125 0.56640625 0.1703125 0.12890625
1 0.3796875 0.62421875 0.17890625 0.1234375
1 0.37734375 0.7484375 0.16953125 0.1203125
1 0.54609375 0.69453125 0.1609375 0.1125
1 0.5421875 0.7890625 0.1578125 0.0765625
1 0.5359375 0.8578125 0.159375 0.0765625
1 0.37578125 0.85703125 0.1609375 0.084375
1 0.5390625 0.93359375 0.16328125 0.084375
1 0.3765625 0.93359375 0.16328125 0.0890625
1 0.5453125 0.98359375 0.16640625 0.03046875
1 0.3765625 0.98203125 0.171875 0.03046875
1 0.728125 0.65546875 0.17734375 0.12890625
1 0.7203125 0.5578125 0.16953125 0.0828125
1 0.71484375 0.76015625 0.16640625 0.08359375
1 0.72265625 0.83046875 0.171875 0.08515625
1 0.7296875 0.9109375 0.1734375 0.09296875
1 0.88671875 0.584375 0.17421875 0.13046875