1 0.36640625 0.50859375 0.48359375 0.0875
1 0.3765625 0.56953125 0.47421875 0.0921875
1 0.36015625 0.634375 0.4671875 0.09296875
1 0.35703125 0.69296875 0.4421875 0.08515625
1 0.3546875 0.7484375 0.42421875 0.08046875
1 0.475 0.0484375 0.575 0.096875
1 0.46953125 0.11796875 0.5484375 0.1171875
1 0.45078125 0.20546875 0.58828125 0.13828125
1 0.43203125 0.3046875 0.41953125 0.12265625
1 0.8890625 0.06796875 0.21953125 0.0984375
1 0.8890625 0.2515625 0.21953125 0.1078125
1 0.8734375 0.33515625 0.2515625 0.10390625
1 0.86015625 0.40703125 0.27734375 0.08359375
1 0.7828125 0.66796875 0.38515625 0.09609375
1 0.7734375 0.71171875 0.3796875 0.0640625
1 0.75859375 0.753125 0.3953125 0.07109375
1 0.79375 0.58828125 0.3984375 0.12421875