1 0.65078125 0.48203125 0.4890625 0.1015625
1 0.64609375 0.4203125 0.48046875 0.10625
1 0.66875 0.35625 0.47265625 0.10625
1 0.67734375 0.296875 0.446875 0.09765625
1 0.684375 0.24140625 0.42890625 0.09296875
1 0.49609375 0.94140625 0.5859375 0.115625
1 0.5109375 0.87109375 0.55625 0.1328125
1 0.5375 0.784375 0.596875 0.1546875
1 0.565625 0.684375 0.428125 0.134375
1 0.09921875 0.90703125 0.19765625 0.1078125
1 0.1078125 0.7234375 0.215625 0.115625
1 0.128125 0.640625 0.25625 0.1125
1 0.14375 0.56875 0.2875 0.09296875
1 0.24296875 0.309375 0.40078125 0.1078125
1 0.25625 0.265625 0.39296875 0.07578125
1 0.27890625 0.225 0.40234375 0.08203125
1 0.225 0.3890625 0.41640625 0.1359375