1 0.37890625 0.46171875 0.45859375 0.06640625
1 0.3953125 0.403125 0.44921875 0.071875
1 0.3875 0.34140625 0.44140625 0.07265625
1 0.39140625 0.284375 0.41875 0.06484375
1 0.396875 0.23125 0.4015625 0.0625
1 0.428125 0.925 0.5421875 0.11015625
1 0.43046875 0.83828125 0.5171875 0.0921875
1 0.4234375 0.7546875 0.553125 0.11171875
1 0.4171875 0.65859375 0.39140625 0.10234375
1 0.8625 0.90390625 0.2734375 0.08359375
1 0.8734375 0.728125 0.2515625 0.09453125
1 0.8625 0.646875 0.2734375 0.08984375
1 0.85390625 0.578125 0.290625 0.0703125
1 0.80234375 0.32421875 0.3765625 0.078125
1 0.79921875 0.28203125 0.37578125 0.04765625
1 0.784375 0.2421875 0.378125 0.053125
1 0.803125 0.40078125 0.38515625 0.10546875