1 0.4703125 0.09296875 0.2890625 0.0796875
1 0.759375 0.0671875 0.284375 0.08671875
1 0.75859375 0.125 0.27421875 0.07578125
1 0.85859375 0.36328125 0.23515625 0.08515625
1 0.2734375 0.465625 0.33984375 0.09140625
1 0.26328125 0.40859375 0.33828125 0.0796875
1 0.2515625 0.36796875 0.33671875 0.07578125
1 0.24140625 0.3265625 0.33671875 0.07421875
1 0.2359375 0.2890625 0.33515625 0.06953125
1 0.03203125 0.3109375 0.0640625 0.0453125
1 0.03671875 0.3453125 0.0734375 0.05
1 0.0390625 0.40078125 0.078125 0.08046875
1 0.053125 0.471875 0.10546875 0.08203125
1 0.059375 0.5875 0.09609375 0.05703125
1 0.07265625 0.64921875 0.096875 0.0796875
1 0.090625 0.7203125 0.09453125 0.06953125
1 0.64375 0.53125 0.35390625 0.08359375
1 0.659375 0.584375 0.36875 0.08515625
1 0.67578125 0.64609375 0.38203125 0.115625
1 0.9265625 0.5578125 0.1453125 0.0734375
1 0.934375 0.615625 0.12890625 0.0734375
1 0.9234375 0.5046875 0.15078125 0.06171875
1 0.29453125 0.615625 0.35859375 0.07890625
1 0.3015625 0.6703125 0.37578125 0.09140625
1 0.3421875 0.97265625 0.334375 0.05390625