1 0.4734375 0.94453125 0.290625 0.078125
1 0.76484375 0.9625 0.2828125 0.07421875
1 0.76484375 0.909375 0.2765625 0.07421875
1 0.85546875 0.6671875 0.23203125 0.08359375
1 0.26328125 0.5703125 0.34296875 0.0890625
1 0.25390625 0.62734375 0.340625 0.07734375
1 0.24453125 0.66875 0.33984375 0.0734375
1 0.23515625 0.7109375 0.33984375 0.071875
1 0.23046875 0.74921875 0.33828125 0.0671875
1 0.028125 0.7296875 0.05625 0.04453125
1 0.03203125 0.69296875 0.0640625 0.0484375
1 0.03359375 0.6390625 0.06640625 0.08046875
1 0.04609375 0.565625 0.0921875 0.08125
1 0.04609375 0.44921875 0.08828125 0.05546875
1 0.0578125 0.3859375 0.0890625 0.07890625
1 0.0734375 0.3140625 0.0859375 0.06875
1 0.63515625 0.5 0.35703125 0.08125
1 0.64921875 0.44609375 0.371875 0.0828125
1 0.6640625 0.38359375 0.38515625 0.1140625
1 0.9234375 0.4703125 0.15078125 0.07265625
1 0.93046875 0.41171875 0.13671875 0.07265625
1 0.92109375 0.5234375 0.15625 0.0609375
1 0.2796875 0.41796875 0.36171875 0.0765625
1 0.284375 0.3625 0.37890625 0.08984375
1 0.315625 0.040625 0.3375 0.08125