1 0.609375 0.93984375 0.60234375 0.11875
1 0.6296875 0.85703125 0.60546875 0.16328125
1 0.18671875 0.796875 0.3734375 0.125
1 0.178125 0.8890625 0.35546875 0.1125
1 0.7 0.60390625 0.57421875 0.13203125
1 0.67734375 0.69296875 0.57421875 0.13203125
1 0.20390625 0.6484375 0.4078125 0.125
1 0.21640625 0.55625 0.4328125 0.125
1 0.6921875 0.4984375 0.3875 0.07578125
1 0.33984375 0.46875 0.346875 0.06875
1 0.7359375 0.278125 0.52578125 0.1359375
1 0.26171875 0.246875 0.44765625 0.12734375
1 0.24453125 0.340625 0.4453125 0.115625
1 0.72578125 0.37421875 0.54609375 0.125