1 0.2390625 0.08046875 0.47734375 0.16015625
1 0.25390625 0.17265625 0.5078125 0.1921875
1 0.68515625 0.15859375 0.44921875 0.1453125
1 0.65546875 0.06484375 0.4453125 0.1296875
1 0.275 0.4390625 0.55 0.1578125
1 0.26328125 0.3453125 0.5265625 0.15859375
1 0.73046875 0.31328125 0.4546875 0.14453125
1 0.75625 0.409375 0.4625 0.1453125
1 0.30625 0.5453125 0.4078125 0.09453125
1 0.67578125 0.51796875 0.365625 0.084375
1 0.36328125 0.7765625 0.58359375 0.16015625
1 0.81484375 0.72890625 0.36875 0.14921875
1 0.8 0.63125 0.3984375 0.1359375
1 0.33359375 0.67734375 0.58359375 0.14921875