1 0.77890625 0.08671875 0.440625 0.171875
1 0.76015625 0.17890625 0.478125 0.1984375
1 0.3421875 0.15234375 0.4609375 0.15
1 0.3765625 0.06484375 0.45625 0.1296875
1 0.7328125 0.43359375 0.5328125 0.1640625
1 0.746875 0.34375 0.5046875 0.1640625
1 0.2890625 0.3015625 0.46640625 0.15
1 0.2578125 0.39375 0.4734375 0.15078125
1 0.69609375 0.534375 0.3953125 0.0984375
1 0.34140625 0.5015625 0.35390625 0.08828125
1 0.63203125 0.7578125 0.57578125 0.16640625
1 0.18828125 0.7 0.37578125 0.15390625
1 0.2046875 0.60703125 0.40859375 0.1421875
1 0.66640625 0.6625 0.575 0.15546875