1 0.5890625 0.11875 0.81953125 0.2375
1 0.5640625 0.2875 0.64921875 0.18203125
1 0.55859375 0.41640625 0.6140625 0.1671875
1 0.5890625 0.521875 0.4828125 0.115625
1 0.55546875 0.5984375 0.45546875 0.1140625
1 0.17265625 0.38046875 0.2375 0.14921875
1 0.1671875 0.2609375 0.23125 0.11875
1 0.17578125 0.15390625 0.21953125 0.128125
1 0.08828125 0.4375 0.12109375 0.2015625
1 0.02421875 0.4296875 0.04765625 0.196875
1 0.1796875 0.48203125 0.10625 0.12109375
1 0.27890625 0.48828125 0.12109375 0.12734375