1 0.47421875 0.04453125 0.2859375 0.0890625
1 0.74765625 0.08515625 0.2796875 0.10078125
1 0.83828125 0.14140625 0.3109375 0.109375
1 0.22578125 0.0640625 0.2296875 0.07890625
1 0.25234375 0.03046875 0.21015625 0.06015625
1 0.26484375 0.01328125 0.24296875 0.0265625
1 0.88203125 0.73125 0.14765625 0.11796875
1 0.86484375 0.66015625 0.115625 0.1
1 0.96484375 0.525 0.06953125 0.11328125
1 0.89921875 0.35078125 0.2 0.09296875
1 0.67734375 0.6859375 0.12265625 0.10234375
1 0.75390625 0.7 0.11796875 0.10546875
1 0.60078125 0.70390625 0.09609375 0.1015625
1 0.65703125 0.12265625 0.1140625 0.05703125
1 0.7453125 0.7671875 0.0984375 0.05546875
1 0.6671875 0.74765625 0.078125 0.04296875