1 0.85546875 0.44453125 0.25625 0.184375
1 0.865625 0.3375 0.2671875 0.1890625
1 0.86328125 0.20390625 0.22421875 0.17109375
1 0.28125 0.36015625 0.19375 0.15390625
1 0.80546875 0.63203125 0.30078125 0.27109375
1 0.5703125 0.4875 0.23671875 0.22109375
1 0.3953125 0.8140625 0.18828125 0.21953125
1 0.26171875 0.60625 0.17578125 0.14140625
1 0.25234375 0.678125 0.17578125 0.14140625
1 0.434375 0.70234375 0.17578125 0.14140625
1 0.59140625 0.89609375 0.2015625 0.20625
1 0.5578125 0.7234375 0.07265625 0.07734375
1 0.55234375 0.78515625 0.07265625 0.07734375