1 0.85859375 0.50078125 0.26171875 0.2234375
1 0.86875 0.39453125 0.26171875 0.2328125
1 0.8796875 0.2578125 0.23046875 0.20625
1 0.2796875 0.32421875 0.19921875 0.18359375
1 0.79921875 0.684375 0.3109375 0.31796875
1 0.5671875 0.50078125 0.2453125 0.2578125
1 0.3734375 0.8046875 0.19765625 0.2484375
1 0.24765625 0.571875 0.18125 0.16875
1 0.234375 0.64375 0.18125 0.16875
1 0.41796875 0.696875 0.18125 0.16875
1 0.5671875 0.9 0.21328125 0.1984375
1 0.54296875 0.73828125 0.07578125 0.0890625
1 0.534375 0.8 0.07578125 0.0890625