1 0.1546875 0.21953125 0.2671875 0.21796875
1 0.17109375 0.109375 0.2734375 0.21875
1 0.19453125 0.03671875 0.2421875 0.07265625
1 0.74375 0.525 0.20859375 0.18203125
1 0.16171875 0.43984375 0.32265625 0.31796875
1 0.4265625 0.45625 0.25625 0.25625
1 0.53125 0.8875 0.20625 0.22265625
1 0.71015625 0.78515625 0.18984375 0.16640625
1 0.70390625 0.8640625 0.18984375 0.16640625
1 0.51640625 0.76328125 0.18984375 0.16640625
1 0.31484375 0.8515625 0.21640625 0.24375
1 0.3875 0.70078125 0.07890625 0.0890625
1 0.3796875 0.765625 0.07890625 0.0890625