1 0.465625 0.40078125 0.4625 0.07890625
1 0.4703125 0.4734375 0.4625 0.06953125
1 0.465625 0.5578125 0.5140625 0.10078125
1 0.465625 0.6421875 0.365625 0.07265625
1 0.859375 0.4046875 0.28046875 0.075
1 0.88203125 0.4859375 0.23515625 0.090625
1 0.4734375 0.878125 0.44453125 0.071875
1 0.465625 0.94609375 0.4421875 0.0671875
1 0.46796875 0.9859375 0.4421875 0.02734375
1 0.8515625 0.95 0.29609375 0.0703125
1 0.8875 0.7078125 0.22421875 0.05625
1 0.8875 0.6453125 0.22421875 0.0734375
1 0.8875 0.571875 0.22421875 0.0734375