0 0.40703125 0.29296875 0.1359375 0.27890625
0 0.340625 0.31796875 0.08671875 0.203125
0 0.27421875 0.4 0.10546875 0.2140625
0 0.471875 0.40546875 0.04140625 0.21875
0 0.6078125 0.4625 0.06953125 0.26640625
0 0.51875 0.4796875 0.09765625 0.22421875
0 0.7671875 0.5015625 0.18828125 0.3765625
0 0.89921875 0.51484375 0.175 0.2671875
0 0.315625 0.5375 0.18125 0.21328125
0 0.40546875 0.540625 0.09296875 0.2359375
0 0.66171875 0.553125 0.06640625 0.28515625
0 0.5609375 0.63359375 0.0625 0.27890625
0 0.4609375 0.6453125 0.05390625 0.2625