1 0.72109375 0.28984375 0.2203125 0.071875
1 0.32734375 0.31171875 0.2078125 0.04765625
1 0.2828125 0.353125 0.24609375 0.040625
1 0.94765625 0.3140625 0.103125 0.0609375
1 0.3125 0.55390625 0.26484375 0.0578125
1 0.31484375 0.6109375 0.2734375 0.059375
1 0.52578125 0.503125 0.2109375 0.0453125
1 0.540625 0.54765625 0.19609375 0.0453125
1 0.765625 0.5515625 0.24140625 0.04765625
1 0.76328125 0.50546875 0.2546875 0.0453125
1 0.77578125 0.4578125 0.2359375 0.05
1 0.7734375 0.6109375 0.2796875 0.06484375
1 0.2671875 0.85 0.27421875 0.0796875
1 0.2875 0.76484375 0.240625 0.06875
1 0.53671875 0.79296875 0.259375 0.0734375
1 0.5703125 0.6109375 0.1171875 0.05625
1 0.5921875 0.34921875 0.12890625 0.04453125