1 0.41796875 0.23515625 0.14140625 0.11953125
1 0.440625 0.16328125 0.15859375 0.10234375
1 0.4578125 0.11484375 0.15390625 0.11015625
1 0.27890625 0.03671875 0.15703125 0.0734375
1 0.24453125 0.090625 0.19453125 0.15078125
1 0.23515625 0.16953125 0.125 0.09296875
1 0.10234375 0.0203125 0.128125 0.040625
1 0.08984375 0.05234375 0.11484375 0.09609375
1 0.059375 0.11484375 0.06640625 0.0921875
1 0.88984375 0.359375 0.15859375 0.1359375
1 0.0453125 0.62109375 0.08984375 0.12265625
1 0.05 0.5375 0.1 0.128125
1 0.10078125 0.44921875 0.16015625 0.125
1 0.13046875 0.38046875 0.15390625 0.11328125
1 0.16796875 0.8765625 0.16328125 0.1125
1 0.4734375 0.94921875 0.14765625 0.09921875
1 0.33203125 0.91171875 0.1421875 0.10859375