1 0.68984375 0.5359375 0.10390625 0.06796875
1 0.61328125 0.5875 0.09765625 0.0625
1 0.65234375 0.56796875 0.09140625 0.0546875
1 0.76953125 0.571875 0.11953125 0.06796875
1 0.8453125 0.5765625 0.11015625 0.06015625
1 0.82734375 0.5390625 0.090625 0.04921875
1 0.71015625 0.6 0.11015625 0.065625
1 0.79375 0.61328125 0.10390625 0.040625
1 0.91328125 0.578125 0.11328125 0.06484375
1 0.1296875 0.71484375 0.12421875 0.08203125
1 0.29453125 0.71484375 0.1890625 0.07578125
1 0.9859375 0.6375 0.0265625 0.05546875
1 0.9796875 0.72421875 0.03828125 0.075
1 0.93359375 0.909375 0.125 0.09609375
1 0.9828125 0.8984375 0.03203125 0.09296875
1 0.26875 0.9625 0.1734375 0.0734375
1 0.43203125 0.9125 0.196875 0.0828125
1 0.7765625 0.91640625 0.1921875 0.0828125
1 0.590625 0.88828125 0.18046875 0.07421875
1 0.2734375 0.91640625 0.22109375 0.08828125
1 0.52109375 0.71953125 0.1546875 0.08828125
1 0.2984375 0.78125 0.1921875 0.08359375
1 0.7 0.7234375 0.13125 0.07109375
1 0.81953125 0.7234375 0.11640625 0.07265625
1 0.9203125 0.72421875 0.11796875 0.0765625
1 0.5390625 0.525 0.278125 0.11953125
1 0.496875 0.5734375 0.27421875 0.1109375
1 0.28984375 0.5375 0.275 0.109375
1 0.24453125 0.60859375 0.2828125 0.10390625