1 0.44921875 0.440625 0.303125 0.11015625
1 0.5390625 0.5109375 0.26328125 0.09375
1 0.53125 0.56015625 0.25625 0.09140625
1 0.803125 0.5578125 0.2890625 0.109375
1 0.75859375 0.596875 0.22265625 0.08046875
1 0.72109375 0.63125 0.2234375 0.07265625
1 0.50546875 0.6015625 0.21328125 0.0734375
1 0.09453125 0.428125 0.18828125 0.175
1 0.21796875 0.47578125 0.103125 0.096875
1 0.01875 0.67421875 0.0375 0.19609375
1 0.515625 0.78515625 0.23203125 0.08515625
1 0.2296875 0.7921875 0.2046875 0.07734375
1 0.2109375 0.740625 0.15546875 0.0796875
1 0.50234375 0.82109375 0.21640625 0.06484375
1 0.89921875 0.67109375 0.13125 0.07265625
1 0.9140625 0.62109375 0.13203125 0.071875
1 0.96171875 0.58046875 0.06484375 0.0578125
1 0.96796875 0.53203125 0.0625 0.0640625
1 0.2 0.04765625 0.1640625 0.09453125
1 0.14453125 0.225 0.1859375 0.18203125
1 0.33125 0.27265625 0.234375 0.09453125
1 0.234375 0.40234375 0.1203125 0.0703125