0 0.4234375 0.6015625 0.09765625 0.6359375
0 0.16328125 0.6296875 0.084375 0.64921875
0 0.33671875 0.63828125 0.10078125 0.64921875
0 0.25 0.66953125 0.09609375 0.65
0 0.68359375 0.7875 0.31640625 0.29765625
0 0.95546875 0.36953125 0.0875 0.59375
0 0.8859375 0.415625 0.08203125 0.60703125
0 0.7359375 0.43359375 0.09140625 0.5328125
0 0.81953125 0.43828125 0.08984375 0.60390625
0 0.6640625 0.46796875 0.090625 0.5234375
0 0.57734375 0.50625 0.09765625 0.54609375
0 0.04453125 0.53046875 0.08671875 0.6171875
0 0.11484375 0.56796875 0.0953125 0.621875
0 0.49609375 0.56953125 0.10703125 0.63359375