0 0.44140625 0.55546875 0.2265625 0.60234375
0 0.71171875 0.06015625 0.20546875 0.115625
0 0.73671875 0.77109375 0.44296875 0.396875
0 0.521875 0.096875 0.20390625 0.109375
0 0.31484375 0.140625 0.2 0.12109375
0 0.67890625 0.16328125 0.2109375 0.13203125
0 0.47890625 0.2046875 0.20859375 0.1265625
0 0.878125 0.334375 0.209375 0.51796875
0 0.1109375 0.39765625 0.2 0.5609375
0 0.64765625 0.434375 0.21796875 0.43515625
0 0.8515625 0.45078125 0.21484375 0.546875
0 0.26796875 0.48046875 0.22265625 0.5796875