0 0.7171875 0.7671875 0.2984375 0.23515625
0 0.4125 0.78671875 0.30078125 0.35625
0 0.1171875 0.7984375 0.19609375 0.240625
0 0.24609375 0.7984375 0.19765625 0.33515625
0 0.85 0.81328125 0.2140625 0.24921875
0 0.7828125 0.42890625 0.15 0.49296875
0 0.35546875 0.42890625 0.08671875 0.39453125
0 0.27421875 0.4515625 0.1515625 0.51484375
0 0.615625 0.465625 0.13515625 0.5015625
0 0.19140625 0.46640625 0.0984375 0.45078125
0 0.71875 0.47265625 0.0734375 0.47421875
0 0.12421875 0.475 0.0859375 0.52421875
0 0.88046875 0.4765625 0.08203125 0.50078125
0 0.81015625 0.4828125 0.065625 0.3578125
0 0.43046875 0.496875 0.0671875 0.3625
0 0.2859375 0.50234375 0.059375 0.36640625
0 0.06328125 0.50546875 0.0765625 0.4
0 0.94375 0.51953125 0.0796875 0.4421875
0 0.55859375 0.56796875 0.17734375 0.50234375