0 0.42421875 0.55703125 0.1296875 0.62890625
0 0.05 0.57578125 0.09609375 0.6265625
0 0.30234375 0.58828125 0.1265625 0.628125
0 0.9546875 0.06328125 0.090625 0.0828125
0 0.1671875 0.62265625 0.1359375 0.6265625
0 0.68359375 0.840625 0.45234375 0.296875
0 0.865625 0.0953125 0.1328125 0.09140625
0 0.75703125 0.125 0.1265625 0.0828125
0 0.63203125 0.14609375 0.13515625 0.084375
0 0.52265625 0.175 0.13125 0.084375
0 0.40546875 0.20859375 0.13515625 0.10234375
0 0.28515625 0.2375 0.12890625 0.09765625
0 0.16328125 0.2703125 0.13671875 0.0828125
0 0.97578125 0.40546875 0.0484375 0.6046875
0 0.90078125 0.4421875 0.121875 0.6046875
0 0.7890625 0.446875 0.12265625 0.565625
0 0.65703125 0.478125 0.11796875 0.57890625
0 0.540625 0.515625 0.13046875 0.590625