0 0.09765625 0.55390625 0.1953125 0.4109375
0 0.8375 0.578125 0.21328125 0.39453125
0 0.85390625 0.61328125 0.259375 0.25234375
0 0.490625 0.68125 0.1609375 0.35078125
0 0.87421875 0.7171875 0.2515625 0.2515625
0 0.67421875 0.73828125 0.16015625 0.2546875
0 0.18984375 0.815625 0.29296875 0.32265625
0 0.8140625 0.8734375 0.28515625 0.253125
0 0.45859375 0.9125 0.24609375 0.15546875
0 0.915625 0.1359375 0.14609375 0.271875
0 0.86015625 0.1953125 0.0890625 0.3
0 0.76796875 0.21875 0.09453125 0.334375
0 0.075 0.2296875 0.15 0.3625
0 0.665625 0.28984375 0.13203125 0.396875
0 0.94921875 0.4265625 0.1015625 0.3296875
0 0.5953125 0.50859375 0.1515625 0.35703125