1 0.7703125 0.36484375 0.05625 0.11015625
1 0.7296875 0.25234375 0.0515625 0.10859375
1 0.74921875 0.30546875 0.053125 0.0890625
1 0.82734375 0.29375 0.05625 0.125
1 0.79765625 0.2234375 0.0671875 0.11875
1 0.88984375 0.2859375 0.065625 0.11875
1 0.94609375 0.27421875 0.06328125 0.1203125
1 0.91171875 0.190625 0.06015625 0.06171875
1 0.85625 0.1953125 0.0609375 0.06171875
1 0.8234375 0.14140625 0.0578125 0.053125
1 0.87734375 0.13515625 0.0546875 0.0578125
1 0.21171875 0.459375 0.09296875 0.25078125
1 0.28046875 0.45078125 0.06796875 0.26328125
1 0.5 0.3796875 0.1703125 0.13984375
1 0.48359375 0.2421875 0.16171875 0.109375
1 0.665625 0.3765625 0.16875 0.13984375
1 0.63515625 0.29140625 0.1515625 0.13203125