1 0.409375 0.44296875 0.1234375 0.13671875
1 0.37421875 0.26484375 0.1421875 0.0984375
1 0.23984375 0.065625 0.17109375 0.10390625
1 0.21796875 0.459375 0.18203125 0.18046875
1 0.27109375 0.696875 0.26171875 0.12578125
1 0.29296875 0.934375 0.19296875 0.13125
1 0.61796875 0.63125 0.21484375 0.30078125
1 0.7546875 0.3140625 0.134375 0.12578125
1 0.78359375 0.478125 0.2546875 0.14765625
1 0.8578125 0.86640625 0.1203125 0.20234375
1 0.7328125 0.89375 0.1015625 0.13125
1 0.80546875 0.0875 0.1234375 0.12578125
1 0.67265625 0.13671875 0.10546875 0.13125