0 0.71953125 0.490625 0.15625 0.303125
0 0.43046875 0.49296875 0.128125 0.321875
0 0.25546875 0.4953125 0.15078125 0.33984375
0 0.575 0.4984375 0.12734375 0.30859375
0 0.775 0.7625 0.1328125 0.32109375
0 0.35390625 0.77890625 0.13515625 0.31953125
0 0.20078125 0.78828125 0.153125 0.33046875
0 0.6359375 0.78984375 0.13515625 0.31640625
0 0.50078125 0.79140625 0.12734375 0.31484375
0 0.33515625 0.175 0.16328125 0.34453125
0 0.5140625 0.178125 0.1390625 0.34765625
0 0.66484375 0.1796875 0.1421875 0.359375