1 0.89140625 0.68828125 0.2109375 0.6109375
1 0.59765625 0.88046875 0.70625 0.22734375
1 0.7890625 0.93125 0.3296875 0.12578125
1 0.796875 0.5 0.22109375 0.59296875
1 0.8578125 0.30859375 0.27734375 0.496875
1 0.92421875 0.23671875 0.1453125 0.365625
1 0.92890625 0.08984375 0.05625 0.1796875
1 0.9703125 0.1078125 0.053125 0.16796875
1 0.8515625 0.05390625 0.13828125 0.1078125
1 0.75546875 0.0390625 0.059375 0.078125
1 0.6859375 0.08359375 0.125 0.1671875
1 0.54921875 0.075 0.22109375 0.15
1 0.60546875 0.12265625 0.15546875 0.078125
1 0.45859375 0.0421875 0.13828125 0.08359375
1 0.36796875 0.05078125 0.10234375 0.08984375
1 0.2984375 0.140625 0.25390625 0.19765625
1 0.6125 0.221875 0.37265625 0.19140625
1 0.59609375 0.41015625 0.3796875 0.3296875
1 0.4671875 0.6140625 0.3859375 0.3890625
1 0.70625 0.65546875 0.12578125 0.1859375
1 0.31484375 0.7578125 0.22109375 0.16171875
1 0.1484375 0.81171875 0.296875 0.365625
1 0.04765625 0.55625 0.0953125 0.14375
1 0.03984375 0.421875 0.065625 0.15
1 0.01953125 0.37109375 0.0390625 0.1078125
1 0.07890625 0.34765625 0.13203125 0.19140625
1 0.13828125 0.40703125 0.11875 0.58671875
1 0.23125 0.48828125 0.178125 0.55703125
1 0.39140625 0.284375 0.78203125 0.56875
1 0.4984375 0.496875 0.996875 0.99375