1 0.86328125 0.7515625 0.11953125 0.15546875
1 0.86953125 0.6375 0.06953125 0.0828125
1 0.9015625 0.65546875 0.01953125 0.015625
1 0.9078125 0.68671875 0.03046875 0.0359375
1 0.79609375 0.6578125 0.1078125 0.12421875
1 0.76953125 0.7640625 0.03046875 0.0359375
1 0.78671875 0.76171875 0.034375 0.03125
1 0.7828125 0.728125 0.034375 0.015625
1 0.790625 0.80546875 0.0421875 0.0359375
1 0.7671875 0.8109375 0.0265625 0.0359375
1 0.74453125 0.83671875 0.0421875 0.02578125
1 0.6984375 0.759375 0.1265625 0.19140625
1 0.8 0.60078125 0.115625 0.12421875
1 0.875 0.5625 0.0734375 0.046875
1 0.9171875 0.559375 0.0578125 0.09296875
1 0.7828125 0.50546875 0.29609375 0.13984375
1 0.62109375 0.7359375 0.09609375 0.12421875
1 0.559375 0.81640625 0.11953125 0.1296875
1 0.45 0.83671875 0.2078125 0.046875
1 0.5 0.78203125 0.1 0.09296875
1 0.42109375 0.79296875 0.065625 0.0515625
1 0.375 0.76953125 0.08046875 0.10859375
1 0.415625 0.69453125 0.115625 0.165625
1 0.4671875 0.6140625 0.065625 0.1296875
1 0.50390625 0.61640625 0.06171875 0.12421875
1 0.5484375 0.61171875 0.0734375 0.0625
1 0.5421875 0.6578125 0.03046875 0.0625
1 0.5765625 0.5546875 0.115625 0.12421875
1 0.57890625 0.46640625 0.08828125 0.1140625
1 0.6765625 0.60625 0.06171875 0.1453125
1 0.84609375 0.15546875 0.1234375 0.12421875
1 0.8828125 0.25390625 0.10390625 0.1453125
1 0.884375 0.41484375 0.06171875 0.17578125
1 0.8078125 0.3421875 0.1234375 0.165625
1 0.76171875 0.1140625 0.084375 0.12421875
1 0.784375 0.22265625 0.13828125 0.10390625
1 0.81171875 0.32109375 0.1078125 0.10390625
1 0.80390625 0.37578125 0.1078125 0.08828125
1 0.765625 0.409375 0.15390625 0.15546875
1 0.66171875 0.19921875 0.14609375 0.2125
1 0.665625 0.35234375 0.05390625 0.1140625
1 0.65546875 0.090625 0.0734375 0.13984375
1 0.6078125 0.075 0.1234375 0.07734375
1 0.5484375 0.10859375 0.134375 0.09296875
1 0.46171875 0.1375 0.14609375 0.0984375
1 0.5421875 0.153125 0.03828125 0.046875
1 0.440625 0.0671875 0.0421875 0.0625
1 0.490625 0.275 0.11171875 0.20703125
1 0.52890625 0.2796875 0.0578125 0.0625
1 0.5 0.3703125 0.03828125 0.07734375
1 0.5734375 0.38359375 0.115625 0.12421875
1 0.58671875 0.28515625 0.065625 0.09296875
1 0.45546875 0.47421875 0.134375 0.17109375
1 0.44609375 0.4296875 0.1921875 0.2796875
1 0.2984375 0.4453125 0.134375 0.134375
1 0.359375 0.3859375 0.0734375 0.0984375
1 0.3171875 0.33125 0.01953125 0.03125
1 0.384375 0.28203125 0.084375 0.0671875
1 0.3578125 0.51015625 0.0765625 0.1296875
1 0.32890625 0.63984375 0.065625 0.1296875
1 0.309375 0.70234375 0.09609375 0.10859375
1 0.30390625 0.7875 0.06953125 0.10390625
1 0.234375 0.76953125 0.0765625 0.13984375
1 0.17109375 0.79765625 0.05 0.0625
1 0.17890625 0.740625 0.09609375 0.07265625
1 0.1515625 0.6890625 0.0578125 0.0515625
1 0.15546875 0.63203125 0.0578125 0.10390625
1 0.1921875 0.67890625 0.03828125 0.0828125
1 0.2 0.5984375 0.04609375 0.17109375
1 0.2484375 0.6421875 0.0578125 0.10390625
1 0.275 0.5671875 0.08828125 0.0984375
1 0.225 0.51015625 0.0421875 0.08828125
1 0.26171875 0.35234375 0.1765625 0.23828125
1 0.3828125 0.28203125 0.0734375 0.0671875
1 0.41171875 0.21796875 0.1 0.1140625
1 0.38671875 0.1578125 0.05 0.046875
1 0.359375 0.15546875 0.0578125 0.15546875
1 0.3515625 0.1140625 0.10390625 0.12421875
1 0.28671875 0.1609375 0.08828125 0.1140625
1 0.2734375 0.075 0.084375 0.05703125
1 0.2328125 0.09609375 0.034375 0.0671875
1 0.190625 0.09296875 0.05 0.10390625
1 0.175 0.153125 0.09609375 0.17109375
1 0.2328125 0.2125 0.0578125 0.0828125
1 0.1 0.31328125 0.1234375 0.15
1 0.0984375 0.45625 0.0421875 0.165625
1 0.07890625 0.45625 0.0265625 0.17578125
1 0.1078125 0.58828125 0.0765625 0.08828125
1 0.1234375 0.725 0.084375 0.18671875
1 0.1578125 0.5390625 0.03828125 0.0625
1 0.1734375 0.48671875 0.04609375 0.0625
1 0.1234375 0.46875 0.05390625 0.0984375
1 0.18671875 0.36015625 0.11171875 0.19140625
1 0.1234375 0.16875 0.1078125 0.10859375
1 0.1234375 0.11171875 0.0921875 0.0984375