1 0.53671875 0.32265625 0.225 0.39765625
1 0.51640625 0.2578125 0.08828125 0.4515625
1 0.54453125 0.0671875 0.08515625 0.09140625
1 0.6015625 0.04296875 0.06640625 0.05390625
1 0.6 0.3390625 0.13671875 0.634375
1 0.66796875 0.19375 0.08125 0.32265625
1 0.703125 0.55625 0.1515625 0.865625
1 0.80234375 0.39765625 0.07734375 0.1078125
1 0.87421875 0.38203125 0.20703125 0.26875
1 0.86171875 0.58359375 0.12890625 0.69375
1 0.9265625 0.65625 0.1109375 0.22578125
1 0.80234375 0.72578125 0.121875 0.43046875
1 0.7328125 0.8953125 0.04765625 0.15625
1 0.85625 0.4703125 0.1546875 0.1234375
1 0.8484375 0.26640625 0.0734375 0.10234375
1 0.8046875 0.2234375 0.0515625 0.2421875
1 0.21953125 0.2125 0.26171875 0.28515625
1 0.26953125 0.2015625 0.17734375 0.18828125
1 0.246875 0.2953125 0.24375 0.3765625
1 0.3484375 0.190625 0.1140625 0.16640625
1 0.2640625 0.3359375 0.1953125 0.10234375
1 0.215625 0.41640625 0.16640625 0.17734375
1 0.28046875 0.384375 0.0734375 0.0375
1 0.4171875 0.62109375 0.2734375 0.478125
1 0.36875 0.73671875 0.19921875 0.4734375
1 0.234375 0.5265625 0.14375 0.1609375
1 0.13828125 0.51875 0.1140625 0.1234375
1 0.1 0.59375 0.06640625 0.06953125
1 0.153125 0.6078125 0.1140625 0.0859375
1 0.22890625 0.671875 0.1625 0.13984375
1 0.22890625 0.81953125 0.08828125 0.16640625
1 0.29921875 0.7875 0.08828125 0.1234375
1 0.33203125 0.884375 0.08828125 0.18828125
1 0.5 0.921875 0.05546875 0.11328125
1 0.55 0.921875 0.04453125 0.11328125
1 0.590625 0.9140625 0.0734375 0.12890625
1 0.634375 0.771875 0.059375 0.2421875
1 0.6109375 0.60234375 0.07734375 0.1609375
1 0.675 0.559375 0.0734375 0.1078125
1 0.40390625 0.17734375 0.08515625 0.31171875
1 0.446875 0.0890625 0.1109375 0.11328125