1 0.7828125 0.87890625 0.265625 0.1015625
1 0.91796875 0.83125 0.15234375 0.1265625
1 0.940625 0.91015625 0.10703125 0.0453125
1 0.55390625 0.8578125 0.2484375 0.14375
1 0.4375 0.86640625 0.1640625 0.1265625
1 0.25390625 0.76796875 0.5078125 0.3359375
1 0.7203125 0.71015625 0.54765625 0.23515625
1 0.86171875 0.4703125 0.265625 0.2734375
1 0.6890625 0.384375 0.61015625 0.29140625
1 0.8671875 0.18984375 0.25390625 0.196875
1 0.9546875 0.28046875 0.07890625 0.140625
1 0.60703125 0.2265625 0.53671875 0.2703125
1 0.8390625 0.0421875 0.3109375 0.084375
1 0.68671875 0.05078125 0.18671875 0.1015625
1 0.61875 0.02109375 0.11875 0.0421875
1 0.1046875 0.09453125 0.209375 0.1890625
1 0.15 0.1296875 0.29921875 0.22421875
1 0.40078125 0.00703125 0.27109375 0.0140625
1 0.296875 0.2 0.59296875 0.371875
1 0.24609375 0.5125 0.33359375 0.33671875
1 0.06796875 0.484375 0.1359375 0.2171875
1 0.12109375 0.65390625 0.2421875 0.1640625
1 0.03125 0.796875 0.0625 0.14765625