1 0.85234375 0.175 0.2 0.30703125
1 0.9640625 0.15390625 0.06171875 0.30703125
1 0.8859375 0.41796875 0.18125 0.22109375
1 0.740625 0.5140625 0.16640625 0.2859375
1 0.6734375 0.3 0.1859375 0.32890625
1 0.71796875 0.07109375 0.1703125 0.1421875
1 0.88125 0.03203125 0.14296875 0.0640625
1 0.56171875 0.1359375 0.21875 0.27109375
1 0.51640625 0.41796875 0.2140625 0.30703125
1 0.57890625 0.6390625 0.13828125 0.2640625
1 0.41875 0.65703125 0.2 0.3
1 0.29765625 0.45390625 0.23359375 0.32109375
1 0.35 0.1609375 0.2140625 0.32109375
1 0.36640625 0.7640625 0.190625 0.27109375
1 0.20234375 0.59296875 0.2046875 0.2859375
1 0.20703125 0.25 0.15703125 0.2859375
1 0.14296875 0.125 0.21875 0.25