1 0.8171875 0.71796875 0.190625 0.20859375
1 0.940625 0.6078125 0.10859375 0.1734375
1 0.528125 0.86484375 0.33515625 0.246875
1 0.36875 0.884375 0.0359375 0.03125
1 0.2421875 0.96171875 0.0515625 0.03828125
1 0.15234375 0.925 0.02578125 0.02734375
1 0.12109375 0.925 0.0359375 0.02734375
1 0.10078125 0.90703125 0.02578125 0.03125
1 0.075 0.91875 0.0359375 0.03125
1 0.10859375 0.95390625 0.03125 0.0234375
1 0.03828125 0.878125 0.04609375 0.02734375
1 0.04921875 0.8453125 0.04609375 0.03125
1 0.04921875 0.82265625 0.0359375 0.0234375
1 0.14140625 0.7859375 0.0359375 0.034375
1 0.20859375 0.8375 0.0359375 0.0234375
1 0.26796875 0.803125 0.04140625 0.015625
1 0.265625 0.83203125 0.02578125 0.01953125
1 0.0515625 0.66640625 0.103125 0.1890625
1 0.2625 0.6625 0.35078125 0.26640625
1 0.5875 0.6875 0.21640625 0.1390625
1 0.675 0.484375 0.4328125 0.3125
1 0.91015625 0.42890625 0.1703125 0.146875
1 0.88125 0.3375 0.19609375 0.11953125
1 0.9328125 0.30703125 0.1234375 0.065625
1 0.87890625 0.221875 0.23203125 0.11953125
1 0.80390625 0.115625 0.38125 0.08515625
1 0.49453125 0.12734375 0.2265625 0.1546875
1 0.6109375 0.26484375 0.396875 0.25078125
1 0.2734375 0.4171875 0.38125 0.2546875
1 0.146875 0.565625 0.1390625 0.11171875
1 0.04921875 0.47265625 0.09765625 0.16640625
1 0.06953125 0.353125 0.1390625 0.10390625
1 0.2734375 0.23359375 0.309375 0.16640625
1 0.4765625 0.6875 0.12890625 0.08515625
1 0.42265625 0.75703125 0.14453125 0.09296875