1 0.25703125 0.91328125 0.38671875 0.15390625
1 0.5640625 0.8859375 0.2828125 0.21875
1 0.275 0.7265625 0.175 0.26875
1 0.11171875 0.78359375 0.2234375 0.42265625
1 0.275 0.58671875 0.175 0.17890625
1 0.0421875 0.60703125 0.08359375 0.14921875
1 0.1015625 0.43046875 0.115625 0.28359375
1 0.08984375 0.3484375 0.028125 0.09921875
1 0.06796875 0.453125 0.03203125 0.11953125
1 0.1890625 0.5 0.13125 0.17421875
1 0.5515625 0.7859375 0.4265625 0.109375
1 0.7453125 0.9375 0.03984375 0.0546875
1 0.77265625 0.9078125 0.03203125 0.04453125
1 0.80703125 0.89765625 0.028125 0.03515625
1 0.83828125 0.86796875 0.01953125 0.025
1 0.7328125 0.878125 0.03984375 0.06484375
1 0.71875 0.915625 0.0359375 0.03984375
1 0.69921875 0.93046875 0.01953125 0.05
1 0.68515625 0.878125 0.02421875 0.04453125
1 0.95234375 0.671875 0.0875 0.27890625
1 0.884375 0.44765625 0.2234375 0.52734375
1 0.89609375 0.80859375 0.10390625 0.14453125
1 0.8625 0.7140625 0.0515625 0.0546875
1 0.790625 0.79375 0.1078125 0.1640625
1 0.8484375 0.9578125 0.0875 0.075
1 0.82890625 0.92265625 0.14375 0.14453125
1 0.7890625 0.925 0.159375 0.1390625
1 0.709375 0.6390625 0.12734375 0.2140625
1 0.528125 0.67890625 0.33828125 0.12421875
1 0.559375 0.52734375 0.1953125 0.26875
1 0.4046875 0.584375 0.17890625 0.17421875
1 0.7015625 0.453125 0.2390625 0.2484375
1 0.83671875 0.3734375 0.071875 0.09921875
1 0.82109375 0.34296875 0.159375 0.109375
1 0.8828125 0.30859375 0.08359375 0.0796875
1 0.91171875 0.09921875 0.1671875 0.1984375
1 0.87421875 0.121875 0.0515625 0.06484375
1 0.80078125 0.19375 0.20703125 0.20859375
1 0.73671875 0.2515625 0.0875 0.075
1 0.725 0.2984375 0.0640625 0.08984375
1 0.65546875 0.27890625 0.07578125 0.109375
1 0.5734375 0.32578125 0.0796875 0.1140625
1 0.5734375 0.159375 0.26328125 0.2984375
1 0.725 0.0625 0.2234375 0.12421875
1 0.57109375 0.0171875 0.1078125 0.034375
1 0.390625 0.33046875 0.29453125 0.3234375
1 0.42421875 0.5421875 0.09921875 0.06953125
1 0.21875 0.10234375 0.31875 0.20390625
1 0.3921875 0.0375 0.21875 0.075
1 0.290625 0.12421875 0.02421875 0.03984375
1 0.2828125 0.14453125 0.03203125 0.03984375
1 0.27265625 0.16171875 0.0359375 0.03515625
1 0.26484375 0.1890625 0.028125 0.0296875
1 0.2546875 0.20859375 0.03203125 0.0296875
1 0.24140625 0.23359375 0.0359375 0.03984375
1 0.22734375 0.2609375 0.03984375 0.03515625
1 0.21328125 0.29140625 0.04375 0.03515625
1 0.203125 0.31875 0.03203125 0.0296875
1 0.2453125 0.23359375 0.1390625 0.28828125
1 0.18125 0.303125 0.16328125 0.38828125
1 0.1671875 0.31328125 0.13515625 0.36796875
1 0.0875 0.1515625 0.10390625 0.20390625
1 0.05 0.146875 0.08359375 0.134375
1 0.0953125 0.2828125 0.190625 0.2875
1 0.09765625 0.3109375 0.17890625 0.24375
1 0.0375 0.253125 0.075 0.06875