1 0.56328125 0.79296875 0.15078125 0.23671875
1 0.68359375 0.7484375 0.10390625 0.1953125
1 0.74453125 0.62421875 0.10390625 0.21875
1 0.7890625 0.40859375 0.13359375 0.496875
1 0.86640625 0.51796875 0.0265625 0.0765625
1 0.79921875 0.159375 0.06015625 0.13046875
1 0.8375 0.271875 0.05703125 0.0828125
1 0.6 0.28984375 0.13046875 0.34296875
1 0.6953125 0.40546875 0.08046875 0.0890625
1 0.56171875 0.3875 0.06015625 0.171875
1 0.6875 0.4765625 0.10390625 0.1125
1 0.5953125 0.5765625 0.28125 0.23046875
1 0.4296875 0.7984375 0.11015625 0.165625
1 0.35078125 0.93203125 0.29453125 0.12421875
1 0.37109375 0.9140625 0.0671875 0.159375
1 0.38984375 0.59140625 0.06328125 0.165625
1 0.44453125 0.5859375 0.10703125 0.225
1 0.40625 0.31953125 0.10390625 0.165625
1 0.51328125 0.28984375 0.08359375 0.1890625
1 0.4765625 0.1359375 0.1234375 0.2484375
1 0.371875 0.0765625 0.15 0.153125
1 0.41796875 0.04453125 0.17421875 0.0890625
1 0.53828125 0.04140625 0.0734375 0.0828125
1 0.3140625 0.228125 0.10703125 0.278125
1 0.3546875 0.328125 0.1203125 0.37265625
1 0.28125 0.5 0.19375 0.1359375
1 0.3125 0.5765625 0.08359375 0.171875
1 0.265625 0.66875 0.096875 0.17734375
1 0.259375 0.784375 0.08359375 0.1359375
1 0.34453125 0.771875 0.1 0.1953125
1 0.1234375 0.29609375 0.16015625 0.5796875
1 0.10703125 0.0625 0.09375 0.12421875
1 0.20703125 0.059375 0.10703125 0.11796875
1 0.20234375 0.23671875 0.1640625 0.31953125
1 0.21875 0.68359375 0.08359375 0.18359375