1 0.653125 0.2390625 0.68671875 0.47734375
1 0.70234375 0.41015625 0.5390625 0.31484375
1 0.89765625 0.221875 0.196875 0.140625
1 0.9421875 0.140625 0.109375 0.14609375
1 0.97734375 0.059375 0.0390625 0.05078125
1 0.8875 0.4296875 0.21796875 0.0953125
1 0.9453125 0.38203125 0.10234375 0.0671875
1 0.68828125 0.57265625 0.61640625 0.190625
1 0.66015625 0.67421875 0.4046875 0.15703125
1 0.8625 0.75859375 0.26796875 0.1125
1 0.6125 0.78359375 0.43671875 0.2078125
1 0.571875 0.90703125 0.60234375 0.17421875
1 0.91875 0.6828125 0.1546875 0.140625
1 0.8734375 0.80625 0.2390625 0.06171875
1 0.4578125 0.03671875 0.67578125 0.07265625
1 0.459375 0.19375 0.22890625 0.36484375
1 0.18515625 0.253125 0.36953125 0.4828125
1 0.17578125 0.63671875 0.3515625 0.5453125
1 0.23203125 0.73828125 0.4640625 0.5109375
1 0.20625 0.746875 0.41171875 0.13515625
1 0.221875 0.91328125 0.43671875 0.16328125