1 0.4234375 0.2484375 0.3234375 0.25703125
1 0.3234375 0.35546875 0.0578125 0.065625
1 0.265625 0.32265625 0.0578125 0.0984375
1 0.32578125 0.39375 0.1203125 0.0984375
1 0.38359375 0.39921875 0.0765625 0.0546875
1 0.40390625 0.42890625 0.04375 0.04921875
1 0.34921875 0.459375 0.109375 0.04375
1 0.2671875 0.4453125 0.0765625 0.11484375
1 0.29453125 0.51640625 0.05078125 0.07109375
1 0.3453125 0.50546875 0.07265625 0.08203125
1 0.38515625 0.51640625 0.02890625 0.08203125
1 0.41796875 0.51875 0.0796875 0.0984375
1 0.43671875 0.44296875 0.0578125 0.0765625
1 0.46015625 0.54609375 0.08359375 0.21875
1 0.4 0.6203125 0.13828125 0.19140625
1 0.30390625 0.584375 0.04765625 0.065625
1 0.33984375 0.5734375 0.03984375 0.04375
1 0.33828125 0.609375 0.0578125 0.07109375
1 0.3125 0.66953125 0.02890625 0.04921875
1 0.3125 0.74609375 0.13828125 0.13671875
1 0.4328125 0.740625 0.1015625 0.12578125
1 0.35625 0.79765625 0.0875 0.1203125
1 0.39609375 0.85 0.09453125 0.12578125
1 0.21484375 0.69921875 0.0875 0.1203125
1 0.278125 0.653125 0.08359375 0.11484375
1 0.23828125 0.5984375 0.08359375 0.09296875
1 0.16875 0.66953125 0.06171875 0.11484375
1 0.19453125 0.5765625 0.03984375 0.07109375
1 0.12578125 0.628125 0.0984375 0.1421875
1 0.06875 0.78125 0.0578125 0.0984375
1 0.1109375 0.7625 0.03984375 0.08203125
1 0.13671875 0.8390625 0.02578125 0.04921875
1 0.1546875 0.84453125 0.01796875 0.03828125
1 0.1796875 0.85234375 0.0328125 0.0546875
1 0.24375 0.846875 0.021875 0.04375
1 0.26875 0.8578125 0.02890625 0.04375
1 0.3125 0.8796875 0.02890625 0.04375
1 0.3421875 0.88828125 0.021875 0.04921875
1 0.1578125 0.80078125 0.03984375 0.06015625
1 0.1875 0.759375 0.134375 0.1203125
1 0.43671875 0.37421875 0.07265625 0.09296875
1 0.509375 0.3578125 0.07265625 0.04921875
1 0.5578125 0.41796875 0.17109375 0.09296875
1 0.578125 0.35546875 0.065625 0.065625
1 0.73125 0.36640625 0.22578125 0.1640625
1 0.8578125 0.56015625 0.1453125 0.22421875
1 0.73125 0.4703125 0.16015625 0.153125
1 0.58515625 0.51328125 0.11640625 0.1421875
1 0.5203125 0.51328125 0.04375 0.1640625
1 0.55234375 0.65 0.16015625 0.1640625
1 0.49609375 0.74296875 0.0328125 0.0546875
1 0.53671875 0.7265625 0.03984375 0.065625
1 0.5671875 0.675 0.04375 0.07109375
1 0.6015625 0.6390625 0.0546875 0.065625
1 0.62734375 0.62265625 0.02578125 0.065625
1 0.64921875 0.5953125 0.0328125 0.065625
1 0.66015625 0.54921875 0.06171875 0.04921875
1 0.68203125 0.584375 0.0328125 0.065625
1 0.70703125 0.56796875 0.0328125 0.0546875
1 0.6578125 0.65 0.021875 0.04375
1 0.6890625 0.63671875 0.03984375 0.04921875
1 0.7125 0.60625 0.03671875 0.0546875
1 0.74375 0.5984375 0.02578125 0.04921875
1 0.765625 0.5765625 0.02578125 0.03828125
1 0.7421875 0.5546875 0.05078125 0.04921875
1 0.790625 0.56796875 0.03984375 0.0546875
1 0.821875 0.60625 0.03671875 0.065625
1 0.84375 0.58984375 0.02890625 0.065625
1 0.68203125 0.68046875 0.0328125 0.04921875
1 0.734375 0.6421875 0.03671875 0.02734375
1 0.78359375 0.6390625 0.06171875 0.065625
1 0.81484375 0.7078125 0.065625 0.10390625
1 0.85625 0.68046875 0.06875 0.11484375
1 0.86875 0.77578125 0.04375 0.109375
1 0.8875 0.846875 0.03671875 0.0546875
1 0.9125 0.8390625 0.03671875 0.06015625
1 0.91640625 0.76796875 0.065625 0.09296875
1 0.95234375 0.828125 0.03671875 0.04921875
1 0.94765625 0.7375 0.0546875 0.0875
1 0.90703125 0.71328125 0.04765625 0.07109375
1 0.70546875 0.5078125 0.03671875 0.065625
1 0.76015625 0.52734375 0.04375 0.04921875
1 0.790625 0.5 0.03984375 0.04921875
1 0.69609375 0.45390625 0.03984375 0.04375
1 0.721875 0.434375 0.02578125 0.04921875
1 0.7453125 0.4453125 0.02890625 0.06015625
1 0.77109375 0.459375 0.021875 0.0328125
1 0.69453125 0.4125 0.021875 0.02734375
1 0.665625 0.43984375 0.021875 0.04921875
1 0.83125 0.80078125 0.06875 0.09296875
1 0.834375 0.8609375 0.04765625 0.04921875
1 0.80546875 0.8828125 0.03984375 0.06015625
1 0.7765625 0.84140625 0.0765625 0.13125
1 0.76875 0.73515625 0.0765625 0.10390625
1 0.78515625 0.63359375 0.065625 0.065625
1 0.72734375 0.7046875 0.07265625 0.0984375
1 0.6890625 0.740625 0.06171875 0.10390625
1 0.7015625 0.85234375 0.0796875 0.1421875
1 0.6546875 0.78984375 0.07265625 0.10390625
1 0.62734375 0.71015625 0.06171875 0.109375
1 0.590625 0.75390625 0.0546875 0.0875
1 0.63984375 0.8828125 0.065625 0.10390625
1 0.490625 0.825 0.1234375 0.065625
1 0.50703125 0.825 0.10546875 0.1203125
1 0.49296875 0.803125 0.1125 0.0328125
1 0.590625 0.79765625 0.06875 0.04375
1 0.578125 0.84140625 0.04375 0.0546875
1 0.57421875 0.87421875 0.04375 0.0328125
1 0.52578125 0.90703125 0.14921875 0.0328125