1 0.0234375 0.021875 0.046875 0.04375
1 0.0671875 0.04375 0.09765625 0.0875
1 0.1609375 0.0515625 0.090625 0.103125
1 0.24921875 0.040625 0.0796875 0.08125
1 0.3 0.03515625 0.05 0.0703125
1 0.36015625 0.01640625 0.06875 0.0328125
1 0.4140625 0.0625 0.0625 0.125
1 0.43671875 0.0984375 0.1046875 0.196875
1 0.509375 0.14453125 0.09765625 0.24609375
1 0.6359375 0.3578125 0.1046875 0.14765625
1 0.0578125 0.109375 0.115625 0.0875
1 0.1265625 0.16640625 0.10859375 0.11484375
1 0.225 0.1171875 0.115625 0.08203125
1 0.24609375 0.1640625 0.0796875 0.109375
1 0.27734375 0.22421875 0.08359375 0.1203125
1 0.034375 0.284375 0.06875 0.1203125
1 0.08515625 0.24296875 0.08359375 0.08203125
1 0.0359375 0.18046875 0.05078125 0.0765625
1 0.0109375 0.1859375 0.021875 0.0984375
1 0.18515625 0.303125 0.09453125 0.13671875
1 0.28984375 0.35234375 0.09453125 0.13671875
1 0.36796875 0.42890625 0.08359375 0.11484375
1 0.38203125 0.328125 0.07578125 0.109375
1 0.353125 0.2921875 0.090625 0.13671875
1 0.34609375 0.19140625 0.06875 0.065625
1 0.134375 0.28125 0.0359375 0.08203125
1 0.025 0.3546875 0.05 0.04375
1 0.06484375 0.3359375 0.0578125 0.07109375
1 0.11796875 0.40703125 0.11953125 0.14765625
1 0.034375 0.4375 0.06875 0.13125
1 0.215625 0.43203125 0.090625 0.1421875
1 0.2859375 0.48359375 0.09453125 0.14765625
1 0.44921875 0.42109375 0.0796875 0.13125
1 0.48203125 0.33046875 0.08671875 0.08203125
1 0.44375 0.2515625 0.1125 0.109375
1 0.56015625 0.34140625 0.07578125 0.12578125
1 0.525 0.4265625 0.07265625 0.109375
1 0.56328125 0.4453125 0.046875 0.07109375
1 0.56171875 0.51875 0.0578125 0.0875
1 0.52734375 0.540625 0.06875 0.1203125
1 0.5578125 0.63125 0.07265625 0.10390625
1 0.5890625 0.58203125 0.03984375 0.07109375
1 0.52890625 0.7078125 0.0578125 0.10390625
1 0.49609375 0.6421875 0.0578125 0.13671875
1 0.4671875 0.7484375 0.0796875 0.13125
1 0.43984375 0.63671875 0.07578125 0.12578125
1 0.465625 0.53515625 0.0546875 0.0984375
1 0.396875 0.53828125 0.09765625 0.13671875
1 0.36953125 0.6640625 0.0796875 0.15859375
1 0.39140625 0.75390625 0.06484375 0.1203125
1 0.31171875 0.76484375 0.1015625 0.1859375
1 0.3078125 0.60625 0.0796875 0.153125
1 0.23359375 0.64453125 0.07578125 0.1421875
1 0.19921875 0.5875 0.13046875 0.14765625
1 0.1234375 0.54609375 0.1453125 0.153125
1 0.02890625 0.55703125 0.0578125 0.13125
1 0.06015625 0.65546875 0.11953125 0.153125
1 0.146875 0.69375 0.090625 0.0984375
1 0.20859375 0.7515625 0.1125 0.11484375
1 0.11015625 0.759375 0.134375 0.0984375