1 0.346875 0.40859375 0.0640625 0.2171875
1 0.79453125 0.3671875 0.0640625 0.178125
1 0.83359375 0.3828125 0.06875 0.13046875
1 0.76953125 0.37578125 0.04140625 0.14375
1 0.7375 0.38671875 0.05 0.11328125
1 0.90625 0.4609375 0.04140625 0.0609375
1 0.9015625 0.53515625 0.05 0.15625
1 0.88828125 0.51953125 0.05 0.14375
1 0.86953125 0.5328125 0.059375 0.15234375
1 0.8515625 0.53671875 0.059375 0.1609375
1 0.81015625 0.5390625 0.03203125 0.1390625
1 0.81484375 0.2171875 0.07734375 0.1046875
1 0.7828125 0.228125 0.06875 0.10859375
1 0.7625 0.23515625 0.0453125 0.08671875
1 0.7921875 0.08515625 0.04140625 0.09140625
1 0.76953125 0.09140625 0.059375 0.1046875
1 0.7234375 0.09765625 0.059375 0.07421875
1 0.77890625 0.15 0.09609375 0.0390625
1 0.7078125 0.01953125 0.0640625 0.0390625
1 0.75703125 0.0171875 0.0265625 0.034375
1 0.78515625 0.01328125 0.03671875 0.02578125
1 0.32890625 0.63515625 0.0640625 0.22578125
1 0.2625 0.6390625 0.07734375 0.23515625
1 0.2921875 0.41328125 0.0734375 0.22578125
1 0.228125 0.44765625 0.0640625 0.2953125
1 0.1828125 0.42578125 0.0734375 0.25234375
1 0.1828125 0.44765625 0.10078125 0.33046875
1 0.075 0.39140625 0.07734375 0.2171875
1 0.0984375 0.41953125 0.08671875 0.29140625
1 0.03671875 0.428125 0.0734375 0.3
1 0.17578125 0.178125 0.04140625 0.19140625
1 0.19609375 0.20859375 0.0640625 0.14765625
1 0.1390625 0.21484375 0.03203125 0.15234375
1 0.33359375 0.23046875 0.03671875 0.13046875
1 0.29453125 0.2109375 0.04140625 0.10859375
1 0.26953125 0.2109375 0.03671875 0.09140625
1 0.246875 0.20234375 0.0640625 0.1171875
1 0.06640625 0.171875 0.08671875 0.1953125
1 0.09375 0.171875 0.04140625 0.21328125
1 0.0046875 0.32578125 0.009375 0.06953125
1 0.00703125 0.1890625 0.0140625 0.06484375
1 0.009375 0.0828125 0.01796875 0.04375
1 0.95625 0.85 0.07734375 0.10859375
1 0.82890625 0.85625 0.1046875 0.1046875
1 0.940625 0.70234375 0.10078125 0.1
1 0.890625 0.63046875 0.0734375 0.0171875
1 0.796875 0.70859375 0.1140625 0.121875
1 0.66875 0.8390625 0.1234375 0.11328125
1 0.63046875 0.7 0.109375 0.1046875
1 0.4265625 0.721875 0.1234375 0.11328125
1 0.44765625 0.85859375 0.109375 0.1171875
1 0.29921875 0.87421875 0.13203125 0.11328125
1 0.17578125 0.90625 0.03203125 0.10859375
1 0.19375 0.9 0.0140625 0.0953125
1 0.14609375 0.8953125 0.03671875 0.13046875
1 0.11875 0.90234375 0.02734375 0.10859375
1 0.09375 0.89765625 0.02265625 0.10859375
1 0.08203125 0.88046875 0.01796875 0.05625
1 0.20546875 0.74765625 0.03671875 0.0953125
1 0.19140625 0.74765625 0.02734375 0.06953125
1 0.1734375 0.73515625 0.02734375 0.05234375
1 0.15078125 0.7609375 0.0640625 0.11328125
1 0.13671875 0.7671875 0.0546875 0.06484375
1 0.128125 0.78046875 0.0453125 0.04765625
1 0.14375 0.6453125 0.03203125 0.09140625
1 0.11875 0.6453125 0.02734375 0.1
1 0.09609375 0.64765625 0.03671875 0.1046875
1 0.06171875 0.65234375 0.05 0.0953125
1 0.05 0.65234375 0.03671875 0.078125
1 0.0296875 0.78671875 0.05 0.11328125
1 0.059375 0.7953125 0.02734375 0.11328125
1 0.01796875 0.775 0.0359375 0.1
1 0.015625 0.934375 0.03125 0.121875
1 0.03671875 0.9328125 0.02734375 0.1171875
1 0.0046875 0.6328125 0.009375 0.05625
1 0.44296875 0.58671875 0.128125 0.1046875
1 0.57109375 0.58046875 0.109375 0.1
1 0.7171875 0.56484375 0.128125 0.1046875
1 0.6484375 0.4671875 0.109375 0.1
1 0.509375 0.46484375 0.1046875 0.0953125
1 0.63671875 0.35234375 0.1046875 0.078125
1 0.67578125 0.25859375 0.09140625 0.07421875
1 0.56171875 0.26953125 0.10078125 0.078125
1 0.4265625 0.278125 0.09609375 0.078125
1 0.48828125 0.36484375 0.09140625 0.08671875
1 0.98203125 0.47578125 0.02734375 0.09140625
1 0.92265625 0.35 0.14609375 0.14375
1 0.9203125 0.2109375 0.15078125 0.12578125
1 0.9203125 0.10234375 0.15078125 0.09140625
1 0.915625 0.02421875 0.16015625 0.04765625