1 0.29609375 0.2015625 0.1703125 0.1265625
1 0.3734375 0.30390625 0.16015625 0.1234375
1 0.4203125 0.4421875 0.16015625 0.1078125
1 0.4484375 0.55546875 0.1234375 0.09609375
1 0.4640625 0.65546875 0.14453125 0.10390625
1 0.48984375 0.75390625 0.14453125 0.1078125
1 0.5125 0.85 0.14921875 0.1
1 0.60859375 0.86328125 0.09296875 0.11171875
1 0.68828125 0.82109375 0.11875 0.08046875
1 0.6859375 0.7484375 0.134375 0.09609375
1 0.62890625 0.6578125 0.14453125 0.115625
1 0.6109375 0.5734375 0.1390625 0.1
1 0.5875 0.47109375 0.134375 0.1265625
1 0.5359375 0.359375 0.1234375 0.10390625
1 0.4796875 0.2421875 0.14453125 0.1
1 0.44609375 0.16328125 0.0359375 0.034375
1 0.4328125 0.1234375 0.0515625 0.03828125
1 0.4203125 0.0984375 0.05703125 0.0578125
1 0.40703125 0.059375 0.0515625 0.0421875
1 0.95078125 0.28828125 0.04609375 0.04609375
1 0.925 0.2234375 0.04609375 0.03828125
1 0.765625 0.19453125 0.05703125 0.05
1 0.04921875 0.215625 0.04609375 0.03828125
1 0.03828125 0.1734375 0.04609375 0.04609375
1 0.0953125 0.1078125 0.0359375 0.0234375
1 0.01015625 0.2734375 0.0203125 0.03046875
1 0.3171875 0.64453125 0.0671875 0.08046875
1 0.39453125 0.684375 0.0671875 0.0921875
1 0.971875 0.57890625 0.04609375 0.0578125