1 0.7046875 0.26796875 0.36328125 0.5359375
1 0.6765625 0.42578125 0.13359375 0.30390625
1 0.5734375 0.0890625 0.046875 0.07109375
1 0.325 0.25625 0.3234375 0.51171875
1 0.3265625 0.51796875 0.13359375 0.26171875
1 0.41640625 0.63671875 0.153125 0.2859375
1 0.55703125 0.63125 0.19296875 0.25
1 0.6703125 0.76484375 0.40703125 0.45859375
1 0.3265625 0.76796875 0.33984375 0.45234375
1 0.46484375 0.16640625 0.0296875 0.04765625
1 0.5203125 0.27109375 0.03984375 0.065625
1 0.5453125 0.309375 0.01015625 0.0359375
1 0.471875 0.3515625 0.0296875 0.059375
1 0.496875 0.41640625 0.0203125 0.059375
1 0.4546875 0.44609375 0.0296875 0.059375
1 0.41796875 0.4375 0.0234375 0.04140625
1 0.41640625 0.39609375 0.0265625 0.05390625
1 0.3984375 0.3453125 0.01640625 0.0359375
1 0.4984375 0.3359375 0.21640625 0.375