1 0.02890625 0.86015625 0.0578125 0.1046875
1 0.0125 0.95625 0.025 0.0765625
1 0.0359375 0.96953125 0.05078125 0.04921875
1 0.07578125 0.90078125 0.0796875 0.11015625
1 0.11953125 0.96171875 0.0796875 0.065625
1 0.203125 0.9671875 0.07265625 0.0546875
1 0.17421875 0.90078125 0.0796875 0.12109375
1 0.13984375 0.82421875 0.1046875 0.13203125
1 0.09609375 0.80234375 0.090625 0.09921875
1 0.23203125 0.7828125 0.07265625 0.115625
1 0.22109375 0.85703125 0.05078125 0.0765625
1 0.24609375 0.93125 0.07265625 0.115625
1 0.2953125 0.8984375 0.08359375 0.115625
1 0.33671875 0.95859375 0.0796875 0.07109375
1 0.39296875 0.9421875 0.0546875 0.07109375
1 0.42734375 0.91484375 0.06484375 0.08203125
1 0.453125 0.87109375 0.04375 0.07109375
1 0.465625 0.80234375 0.046875 0.0765625
1 0.490625 0.76953125 0.0546875 0.0546875
1 0.50390625 0.82421875 0.06484375 0.08828125
1 0.42421875 0.75546875 0.04375 0.09375
1 0.3859375 0.75859375 0.046875 0.08828125
1 0.41640625 0.83203125 0.04375 0.08203125
1 0.3765625 0.8296875 0.04375 0.08828125
1 0.35859375 0.865625 0.0578125 0.08203125
1 0.30078125 0.79375 0.07265625 0.09375
1 0.33671875 0.746875 0.05078125 0.08828125
1 0.31171875 0.67578125 0.0578125 0.065625
1 0.30234375 0.71953125 0.1125 0.065625
1 0.225 0.69765625 0.06484375 0.0546875
1 0.36796875 0.68125 0.06171875 0.08828125
1 0.35859375 0.63203125 0.04375 0.0328125
1 0.41484375 0.64296875 0.06171875 0.09921875
1 0.46171875 0.70078125 0.06875 0.115625
1 0.50390625 0.66484375 0.04375 0.0765625
1 0.4796875 0.6015625 0.03984375 0.08203125
1 0.44921875 0.615625 0.0359375 0.065625
1 0.5125 0.72265625 0.025 0.03828125
1 0.525 0.7640625 0.01484375 0.0328125
1 0.5453125 0.79375 0.0328125 0.04921875
1 0.04140625 0.63359375 0.0828125 0.1046875
1 0.0453125 0.525 0.06875 0.1046875
1 0.025 0.42578125 0.05 0.1046875
1 0.0796875 0.409375 0.1015625 0.115625
1 0.1125 0.5140625 0.06484375 0.115625
1 0.1140625 0.61015625 0.06171875 0.09921875
1 0.15 0.4234375 0.03984375 0.09921875
1 0.17578125 0.5 0.0546875 0.09921875
1 0.171875 0.59921875 0.046875 0.09921875
1 0.22265625 0.57109375 0.0546875 0.09921875
1 0.2265625 0.48359375 0.046875 0.08828125
1 0.1953125 0.41796875 0.04375 0.09921875
1 0.2265625 0.40625 0.03984375 0.08828125
1 0.2609375 0.38984375 0.04375 0.0765625
1 0.30625 0.39296875 0.046875 0.07109375
1 0.35 0.38984375 0.03984375 0.0765625
1 0.38984375 0.37109375 0.046875 0.07109375
1 0.4203125 0.36796875 0.0359375 0.065625
1 0.43671875 0.35703125 0.03984375 0.065625
1 0.4671875 0.36015625 0.02890625 0.07109375
1 0.5015625 0.3515625 0.03984375 0.0546875
1 0.26640625 0.46953125 0.046875 0.08203125
1 0.31171875 0.4671875 0.05078125 0.0765625
1 0.353125 0.4640625 0.046875 0.08203125
1 0.3875 0.4421875 0.04375 0.08203125
1 0.41484375 0.41796875 0.025 0.04375
1 0.43125 0.4421875 0.05078125 0.08203125
1 0.4671875 0.42578125 0.04375 0.06015625
1 0.4984375 0.409375 0.0328125 0.06015625
1 0.52734375 0.40390625 0.0328125 0.04921875
1 0.2703125 0.5578125 0.03984375 0.09375
1 0.3046875 0.54375 0.0359375 0.0765625
1 0.3390625 0.5328125 0.0328125 0.065625
1 0.3734375 0.521875 0.0359375 0.0765625
1 0.40390625 0.5109375 0.0328125 0.0546875
1 0.4328125 0.5 0.025 0.0546875
1 0.45859375 0.4890625 0.03984375 0.0546875
1 0.49609375 0.475 0.0359375 0.06015625
1 0.5234375 0.45078125 0.025 0.04375
1 0.54140625 0.6453125 0.0328125 0.03828125
1 0.534375 0.67578125 0.01796875 0.0328125
1 0.5578125 0.6953125 0.0578125 0.1046875
1 0.5703125 0.7171875 0.06171875 0.1046875
1 0.59609375 0.70859375 0.06171875 0.08828125
1 0.60859375 0.728125 0.05078125 0.07109375
1 0.6578125 0.50546875 0.0546875 0.065625
1 0.70078125 0.475 0.0546875 0.04921875
1 0.70625 0.51953125 0.04375 0.04921875
1 0.74453125 0.48359375 0.01796875 0.021875
1 0.76796875 0.434375 0.05078125 0.0765625
1 0.7953125 0.45625 0.025 0.04375
1 0.80234375 0.37109375 0.06875 0.08203125
1 0.74296875 0.51953125 0.0359375 0.02734375
1 0.771875 0.50546875 0.0578125 0.065625
1 0.74609375 0.5578125 0.05078125 0.03828125
1 0.6234375 0.546875 0.0578125 0.04921875
1 0.6953125 0.58203125 0.08671875 0.08828125
1 0.63203125 0.615625 0.1265625 0.0765625
1 0.65390625 0.66796875 0.0546875 0.06015625
1 0.5546875 0.56328125 0.0796875 0.06015625
1 0.5453125 0.615625 0.0546875 0.0328125
1 0.6140625 0.6125 0.08359375 0.06015625
1 0.7265625 0.33515625 0.07578125 0.16484375
1 0.67421875 0.11796875 0.06484375 0.1375
1 0.728125 0.12890625 0.04375 0.1375
1 0.79921875 0.16171875 0.06875 0.08203125
1 0.6265625 0.090625 0.04375 0.08203125
1 0.59453125 0.1015625 0.0359375 0.04921875
1 0.56484375 0.05234375 0.04375 0.06015625
1 0.46953125 0.03828125 0.0546875 0.0765625
1 0.4109375 0.03046875 0.0546875 0.06015625
1 0.3546875 0.01640625 0.05078125 0.0328125
1 0.56015625 0.45625 0.03984375 0.0546875
1 0.58125 0.42890625 0.08359375 0.0546875
1 0.5578125 0.3515625 0.02890625 0.021875
1 0.490625 0.2609375 0.06875 0.02734375
1 0.453125 0.1953125 0.13046875 0.03828125
1 0.45625 0.21953125 0.1375 0.04375
1 0.4890625 0.16484375 0.02890625 0.065625
1 0.43125 0.1484375 0.0359375 0.04375
1 0.0234375 0.23359375 0.046875 0.07109375
1 0.0703125 0.225 0.046875 0.0765625
1 0.11015625 0.228125 0.0328125 0.04921875
1 0.15 0.228125 0.0328125 0.06015625
1 0.18125 0.23359375 0.02890625 0.06015625
1 0.215625 0.24453125 0.0328125 0.04921875
1 0.25 0.24140625 0.0359375 0.0546875
1 0.02734375 0.16796875 0.046875 0.06015625
1 0.090625 0.1703125 0.0359375 0.0546875
1 0.125 0.17578125 0.0328125 0.04375
1 0.171875 0.16484375 0.0328125 0.0546875
1 0.2046875 0.184375 0.0328125 0.04921875
1 0.2484375 0.18671875 0.046875 0.0546875
1 0.284375 0.18984375 0.025 0.04921875
1 0.05078125 0.1125 0.05078125 0.07109375
1 0.10859375 0.11796875 0.0359375 0.04921875
1 0.14296875 0.11015625 0.0328125 0.0546875
1 0.18984375 0.12890625 0.0328125 0.04921875
1 0.21953125 0.12890625 0.025 0.04921875
1 0.240625 0.115625 0.01796875 0.021875
1 0.25703125 0.14296875 0.0359375 0.04375
1 0.28984375 0.13203125 0.02890625 0.04375
1 0.25546875 0.09375 0.03984375 0.0328125
1 0.00546875 0.10703125 0.0109375 0.07109375
1 0.025 0.04609375 0.05 0.0703125
1 0.0359375 0.01875 0.071875 0.0375
1 0.08515625 0.01953125 0.0328125 0.03828125
1 0.115625 0.01640625 0.021875 0.0328125
1 0.078125 0.0796875 0.046875 0.06015625
1 0.11796875 0.06875 0.03984375 0.06015625
1 0.14140625 0.03046875 0.02890625 0.04921875
1 0.16875 0.025 0.025 0.03828125
1 0.19765625 0.03828125 0.025 0.04375
1 0.171875 0.07109375 0.06171875 0.0546875
1 0.21953125 0.07421875 0.03984375 0.03828125
1 0.30234375 0.0765625 0.06171875 0.0765625
1 0.33515625 0.10703125 0.06171875 0.09375
1 0.34765625 0.15625 0.04375 0.04921875
1 0.36953125 0.1484375 0.021875 0.08828125
1 0.396875 0.1484375 0.03984375 0.04375
1 0.31484375 0.203125 0.0359375 0.0546875
1 0.34453125 0.20859375 0.02890625 0.04375
1 0.36796875 0.2140625 0.01796875 0.04375
1 0.30078125 0.246875 0.0578125 0.0546875
1 0.33671875 0.253125 0.021875 0.0546875
1 0.35703125 0.25546875 0.01796875 0.03828125
1 0.375 0.25546875 0.01796875 0.03828125