1 0.96171875 0.8140625 0.06875 0.2734375
1 0.9125 0.93984375 0.0578125 0.109375
1 0.85625 0.93984375 0.06875 0.0984375
1 0.86875 0.8140625 0.109375 0.175
1 0.96875 0.52421875 0.0546875 0.4265625
1 0.92578125 0.53828125 0.090625 0.46484375
1 0.8875 0.54609375 0.13828125 0.459375
1 0.9421875 0.2625 0.065625 0.1640625
1 0.89453125 0.24609375 0.0578125 0.2078125
1 0.84765625 0.2484375 0.109375 0.20234375
1 0.82890625 0.2078125 0.1234375 0.13125
1 0.7015625 0.325 0.16015625 0.19140625
1 0.79453125 0.34140625 0.03984375 0.09296875
1 0.82734375 0.371875 0.0328125 0.0546875
1 0.865625 0.36875 0.03671875 0.06015625
1 0.82890625 0.43984375 0.0578125 0.07109375
1 0.78359375 0.41015625 0.04765625 0.065625
1 0.73984375 0.49765625 0.090625 0.1640625
1 0.80390625 0.57890625 0.11640625 0.196875
1 0.7234375 0.64453125 0.0796875 0.1203125
1 0.778125 0.715625 0.09453125 0.0984375
1 0.721875 0.825 0.21484375 0.2515625
1 0.6421875 0.7046875 0.0984375 0.109375
1 0.66015625 0.53515625 0.10546875 0.240625
1 0.6125 0.5078125 0.090625 0.153125
1 0.5875 0.6421875 0.08359375 0.13671875
1 0.58203125 0.75390625 0.09453125 0.2625
1 0.58203125 0.86875 0.065625 0.0765625
1 0.5984375 0.9453125 0.06875 0.0875
1 0.5578125 0.96484375 0.04765625 0.06015625
1 0.590625 0.38515625 0.0984375 0.15859375
1 0.6328125 0.21015625 0.16015625 0.20234375
1 0.6109375 0.06015625 0.13828125 0.1203125
1 0.490625 0.328125 0.1015625 0.2296875
1 0.5015625 0.29765625 0.16015625 0.13671875
1 0.31640625 0.39375 0.26875 0.3828125
1 0.37265625 0.22109375 0.10546875 0.12578125
1 0.43984375 0.4671875 0.04375 0.11484375
1 0.40703125 0.5109375 0.0578125 0.08203125
1 0.3765625 0.57109375 0.04765625 0.08203125
1 0.41640625 0.5765625 0.03984375 0.04921875
1 0.31484375 0.5546875 0.0765625 0.09296875
1 0.31484375 0.62265625 0.02578125 0.0546875
1 0.3453125 0.6203125 0.03671875 0.03828125
1 0.38203125 0.628125 0.03671875 0.04375
1 0.40703125 0.6171875 0.021875 0.0328125
1 0.39609375 0.671875 0.03671875 0.065625
1 0.3578125 0.671875 0.0328125 0.04375
1 0.33125 0.6609375 0.02890625 0.0328125
1 0.4765625 0.653125 0.11640625 0.16953125
1 0.5109375 0.50546875 0.10546875 0.13671875
1 0.4671875 0.84140625 0.16328125 0.2625
1 0.34375 0.89609375 0.090625 0.1640625
1 0.36015625 0.75703125 0.09453125 0.13671875
1 0.290625 0.80078125 0.065625 0.13671875
1 0.15078125 0.30625 0.0984375 0.13125
1 0.2015625 0.51328125 0.0765625 0.2734375
1 0.25234375 0.69140625 0.12734375 0.20234375
1 0.21484375 0.871875 0.1234375 0.18046875
1 0.1109375 0.83359375 0.12734375 0.19140625
1 0.04375 0.784375 0.04375 0.07109375
1 0.02890625 0.84140625 0.05078125 0.065625
1 0.02890625 0.915625 0.0578125 0.07109375
1 0.1578125 0.584375 0.10546875 0.415625
1 0.0984375 0.55703125 0.07265625 0.39375
1 0.0796875 0.584375 0.1453125 0.3609375
1 0.03671875 0.46484375 0.0578125 0.0984375
1 0.0546875 0.3390625 0.1015625 0.109375
1 0.034375 0.38515625 0.06875 0.11484375
1 0.01484375 0.4890625 0.02890625 0.20234375
1 0.01796875 0.71796875 0.0359375 0.2359375