1 0.715625 0.9265625 0.2140625 0.13671875
1 0.715625 0.72109375 0.18515625 0.3828125
1 0.86953125 0.7078125 0.1015625 0.19140625
1 0.7609375 0.64765625 0.13046875 0.23515625
1 0.4640625 0.7515625 0.56484375 0.48671875
1 0.44921875 0.9046875 0.32578125 0.18046875
1 0.12109375 0.8609375 0.15546875 0.19140625
1 0.11015625 0.78671875 0.2203125 0.2078125
1 0.31875 0.62578125 0.43515625 0.27890625
1 0.64296875 0.51875 0.2140625 0.1859375
1 0.80625 0.4921875 0.18515625 0.2625
1 0.91328125 0.54921875 0.16640625 0.21328125
1 0.9421875 0.4375 0.10859375 0.2515625
1 0.8046875 0.3359375 0.1953125 0.23515625
1 0.69375 0.35234375 0.09765625 0.21328125
1 0.58125 0.37421875 0.1265625 0.28984375
1 0.42734375 0.390625 0.115625 0.25703125
1 0.45859375 0.47265625 0.17734375 0.30078125
1 0.32421875 0.48125 0.090625 0.21875
1 0.228125 0.5109375 0.13046875 0.38828125
1 0.16875 0.47265625 0.06171875 0.19140625
1 0.11953125 0.609375 0.13046875 0.12578125
1 0.05078125 0.65859375 0.1015625 0.09296875
1 0.06875 0.54375 0.1375 0.18046875
1 0.090625 0.4265625 0.1375 0.153125
1 0.3203125 0.1390625 0.475 0.19140625
1 0.48515625 0.06015625 0.18125 0.1203125
1 0.35859375 0.2078125 0.296875 0.1203125
1 0.5453125 0.259375 0.1484375 0.21328125
1 0.571875 0.0625 0.3625 0.125
1 0.7421875 0.02421875 0.109375 0.0484375
1 0.87265625 0.10625 0.1078125 0.2125
1 0.95234375 0.10078125 0.0859375 0.2015625
1 0.83125 0.18828125 0.1484375 0.27890625
1 0.728125 0.20234375 0.225 0.1421875