1 0.9015625 0.9453125 0.1890625 0.0984375
1 0.93828125 0.9015625 0.09453125 0.109375
1 0.95234375 0.79765625 0.0875 0.1859375
1 0.9765625 0.89375 0.03984375 0.11484375
1 0.96171875 0.6640625 0.06875 0.20234375
1 0.9109375 0.4671875 0.17109375 0.30078125
1 0.81640625 0.6609375 0.23671875 0.51328125
1 0.93671875 0.28125 0.08359375 0.12578125
1 0.93125 0.23203125 0.09453125 0.09296875
1 0.9546875 0.1640625 0.08359375 0.1203125
1 0.978125 0.2953125 0.03671875 0.153125
1 0.971875 0.0515625 0.046875 0.103125
1 0.83359375 0.11171875 0.2296875 0.2234375
1 0.86015625 0.26796875 0.06875 0.0875
1 0.8234375 0.240625 0.04765625 0.0765625
1 0.78515625 0.28671875 0.03671875 0.07109375
1 0.83828125 0.33046875 0.08359375 0.04921875
1 0.6796875 0.72421875 0.0796875 0.15859375
1 0.6671875 0.81953125 0.1125 0.0875
1 0.73984375 0.89609375 0.134375 0.196875
1 0.5890625 0.84140625 0.290625 0.30625
1 0.421875 0.9671875 0.09453125 0.0546875
1 0.46328125 0.72421875 0.27265625 0.46484375
1 0.6109375 0.56015625 0.02890625 0.09296875
1 0.665625 0.565625 0.109375 0.14765625
1 0.6328125 0.4046875 0.11640625 0.175
1 0.74375 0.4015625 0.1125 0.15859375
1 0.7328125 0.23515625 0.08359375 0.153125
1 0.60546875 0.22421875 0.15625 0.1203125
1 0.64921875 0.1421875 0.1125 0.1203125
1 0.70546875 0.11171875 0.02890625 0.11484375
1 0.56328125 0.040625 0.1234375 0.08125
1 0.4328125 0.109375 0.18203125 0.21875
1 0.3203125 0.21328125 0.1671875 0.175
1 0.20546875 0.19140625 0.090625 0.1421875
1 0.13671875 0.28125 0.19296875 0.26796875
1 0.11484375 0.49765625 0.22890625 0.196875
1 0.10390625 0.92890625 0.20703125 0.13125
1 0.2203125 0.86875 0.178125 0.2515625
1 0.2984375 0.9484375 0.0796875 0.09296875
1 0.34765625 0.959375 0.04765625 0.07109375
1 0.3328125 0.584375 0.10546875 0.240625
1 0.3015625 0.78984375 0.065625 0.18046875
1 0.234375 0.65859375 0.1203125 0.20234375
1 0.1109375 0.7296875 0.221875 0.35546875
1 0.02578125 0.584375 0.05078125 0.1640625
1 0.07109375 0.5984375 0.04765625 0.04921875
1 0.221875 0.36875 0.0796875 0.12578125
1 0.24765625 0.48671875 0.05078125 0.1203125
1 0.33828125 0.45390625 0.1015625 0.1203125
1 0.3875 0.5109375 0.03984375 0.13671875
1 0.33671875 0.59296875 0.1125 0.22421875
1 0.3 0.78671875 0.0546875 0.153125
1 0.2109375 0.85234375 0.15234375 0.2078125
1 0.2890625 0.934375 0.10546875 0.109375
1 0.48515625 0.4265625 0.12734375 0.153125
1 0.58203125 0.4671875 0.07265625 0.11484375
1 0.5765625 0.31171875 0.16328125 0.13125
1 0.5453125 0.17734375 0.065625 0.07109375
1 0.47265625 0.2296875 0.0875 0.0984375
1 0.5125 0.2296875 0.1015625 0.109375
1 0.4546875 0.33046875 0.0578125 0.10390625
1 0.48515625 0.30625 0.06875 0.0875
1 0.40703125 0.35 0.11640625 0.196875
1 0.034375 0.35546875 0.06875 0.175
1 0.07421875 0.11484375 0.08359375 0.1421875
1 0.1421875 0.12265625 0.0796875 0.06015625
1 0.1984375 0.10625 0.0546875 0.07109375
1 0.27265625 0.1390625 0.0796875 0.09296875
1 0.02890625 0.171875 0.0578125 0.19140625
1 0.7 0.93203125 0.2 0.12578125
1 0.49453125 0.846875 0.21796875 0.2953125
1 0.32578125 0.346875 0.18515625 0.15859375
1 0.4984375 0.49765625 0.99609375 0.99453125