1 0.85625 0.76875 0.27890625 0.30546875
1 0.82109375 0.615625 0.35078125 0.5265625
1 0.85859375 0.4578125 0.17734375 0.29453125
1 0.96953125 0.634375 0.053125 0.2578125
1 0.9265625 0.41015625 0.13984375 0.54765625
1 0.7828125 0.18125 0.18515625 0.26875
1 0.92109375 0.0921875 0.15078125 0.1734375
1 0.88671875 0.03671875 0.21875 0.0734375
1 0.66640625 0.06875 0.1921875 0.13671875
1 0.5921875 0.25 0.19609375 0.2578125
1 0.61875 0.36015625 0.2109375 0.2265625
1 0.61875 0.62109375 0.24921875 0.34765625
1 0.57578125 0.76875 0.3359375 0.315625
1 0.55625 0.89765625 0.22265625 0.04765625
1 0.36640625 0.8078125 0.1359375 0.1734375
1 0.23359375 0.85234375 0.4671875 0.1265625
1 0.1890625 0.67109375 0.1890625 0.24765625
1 0.2921875 0.6421875 0.1015625 0.14765625
1 0.3546875 0.66328125 0.12109375 0.25234375
1 0.29609375 0.52109375 0.12421875 0.13671875
1 0.0921875 0.52890625 0.184375 0.3421875
1 0.04921875 0.65234375 0.0984375 0.29453125
1 0.06953125 0.5578125 0.12421875 0.2
1 0.06640625 0.33984375 0.13203125 0.31015625
1 0.1984375 0.3421875 0.31328125 0.5578125
1 0.37734375 0.3578125 0.25625 0.37890625
1 0.47578125 0.5421875 0.12109375 0.1265625
1 0.18671875 0.04453125 0.1921875 0.0890625
1 0.12265625 0.13125 0.05625 0.1265625
1 0.0265625 0.2265625 0.053125 0.1265625
1 0.446875 0.13125 0.18515625 0.23125
1 0.5921875 0.25546875 0.19609375 0.24765625
1 0.56796875 0.07109375 0.1546875 0.1421875
1 0.628125 0.07109375 0.109375 0.1421875
1 0.3734375 0.0421875 0.25625 0.084375
1 0.4984375 0.46328125 0.99609375 0.9265625