1 0.80859375 0.44375 0.1890625 0.24140625
1 0.72578125 0.43828125 0.1234375 0.26171875
1 0.409375 0.5640625 0.39375 0.1640625
1 0.5890625 0.5515625 0.196875 0.24140625
1 0.490625 0.384375 0.246875 0.0921875
1 0.53828125 0.43828125 0.0890625 0.09765625
1 0.63125 0.471875 0.096875 0.0921875
1 0.565625 0.33046875 0.08125 0.0359375
1 0.4421875 0.43359375 0.11953125 0.09765625
1 0.34765625 0.44140625 0.1078125 0.08203125
1 0.33046875 0.35859375 0.13515625 0.08203125
1 0.18515625 0.4875 0.20859375 0.1640625
1 0.2296875 0.34609375 0.14296875 0.09765625