1 0.8828125 0.8296875 0.178125 0.3296875
1 0.98203125 0.89375 0.028125 0.20078125
1 0.94296875 0.63984375 0.10703125 0.29609375
1 0.9203125 0.365625 0.153125 0.3296875
1 0.89296875 0.11171875 0.20625 0.2234375
1 0.76171875 0.25390625 0.1640625 0.3296875
1 0.7546875 0.58359375 0.21328125 0.31875
1 0.70625 0.8578125 0.17421875 0.2734375
1 0.70625 0.06171875 0.203125 0.12265625
1 0.5796875 0.24296875 0.19921875 0.3296875
1 0.54296875 0.55859375 0.19609375 0.3578125
1 0.5359375 0.8578125 0.1671875 0.2734375
1 0.46796875 0.98046875 0.025 0.028125
1 0.359375 0.81015625 0.178125 0.32421875
1 0.371875 0.96640625 0.14609375 0.05625
1 0.35625 0.50546875 0.178125 0.30703125
1 0.384375 0.2265625 0.178125 0.31875
1 0.4765625 0.0640625 0.1921875 0.128125
1 0.2953125 0.06171875 0.14921875 0.12265625
1 0.1171875 0.0421875 0.18515625 0.08359375
1 0.21015625 0.2234375 0.18515625 0.3125
1 0.190625 0.49453125 0.1671875 0.28515625
1 0.2078125 0.765625 0.16015625 0.290625
1 0.21328125 0.946875 0.1640625 0.0953125
1 0.06953125 0.921875 0.1390625 0.1453125
1 0.06953125 0.73203125 0.1390625 0.3015625
1 0.0625 0.4609375 0.12421875 0.2734375
1 0.0625 0.16796875 0.12421875 0.32421875