1 0.88515625 0.84375 0.221875 0.3015625
1 0.85 0.57109375 0.29296875 0.328125
1 0.75546875 0.66640625 0.1203125 0.15859375
1 0.66328125 0.8015625 0.2515625 0.3859375
1 0.65 0.45 0.2859375 0.40234375
1 0.9546875 0.31484375 0.0828125 0.2171875
1 0.87734375 0.13984375 0.2359375 0.2796875
1 0.88515625 0.328125 0.184375 0.190625
1 0.621875 0.1640625 0.35703125 0.328125
1 0.37578125 0.415625 0.30078125 0.5234375
1 0.40625 0.621875 0.2859375 0.290625
1 0.45859375 0.82265625 0.15 0.13203125
1 0.53359375 0.89140625 0.05234375 0.10078125
1 0.434375 0.946875 0.221875 0.0953125
1 0.1953125 0.778125 0.390625 0.40234375
1 0.06953125 0.36484375 0.1390625 0.58203125
1 0.20078125 0.21171875 0.2515625 0.4234375
1 0.1859375 0.4890625 0.11640625 0.19609375
1 0.0265625 0.93125 0.05234375 0.12734375
1 0.40234375 0.06328125 0.1578125 0.1265625
1 0.04140625 0.03984375 0.0828125 0.0796875
1 0.4984375 0.49765625 0.99609375 0.99453125