1 0.6734375 0.88671875 0.14296875 0.21640625
1 0.88828125 0.83515625 0.17734375 0.31953125
1 0.9359375 0.634375 0.11953125 0.16484375
1 0.79921875 0.69296875 0.18515625 0.2421875
1 0.6 0.68046875 0.228125 0.24765625
1 0.48046875 0.87109375 0.228125 0.2265625
1 0.27578125 0.86328125 0.1890625 0.2625
1 0.14296875 0.77578125 0.20078125 0.33515625
1 0.328125 0.6625 0.20859375 0.18046875
1 0.3703125 0.5203125 0.2703125 0.26796875
1 0.46171875 0.70078125 0.065625 0.11328125
1 0.56015625 0.4203125 0.146875 0.25234375
1 0.66796875 0.47421875 0.115625 0.16484375
1 0.75703125 0.43828125 0.1 0.24765625
1 0.87265625 0.4359375 0.1625 0.2625
1 0.05625 0.64453125 0.10390625 0.31953125
1 0.1390625 0.428125 0.21640625 0.33984375
1 0.37421875 0.2703125 0.2625 0.25234375
1 0.55 0.2296875 0.12734375 0.14921875
1 0.63671875 0.30390625 0.13125 0.19609375
1 0.671875 0.15234375 0.115625 0.1703125
1 0.78125 0.0640625 0.134375 0.128125
1 0.80703125 0.2296875 0.18515625 0.221875
1 0.6625 0.04140625 0.11953125 0.0828125
1 0.2125 0.134375 0.19296875 0.24765625
1 0.47109375 0.07734375 0.34765625 0.1546875