1 0.6515625 0.5953125 0.25 0.39296875
1 0.4703125 0.76171875 0.253125 0.29765625
1 0.43828125 0.47890625 0.21015625 0.375
1 0.25703125 0.440625 0.246875 0.4765625
1 0.2015625 0.63359375 0.25703125 0.49375
1 0.63671875 0.24375 0.53359375 0.41640625
1 0.84296875 0.3125 0.13984375 0.4703125
1 0.78984375 0.47890625 0.1265625 0.315625
1 0.68515625 0.1546875 0.08984375 0.16640625
1 0.303125 0.14609375 0.1734375 0.29140625
1 0.6 0.05390625 0.33984375 0.10703125
1 0.13984375 0.13359375 0.16640625 0.25625