1 0.94375 0.89140625 0.10390625 0.20625
1 0.7796875 0.61875 0.4328125 0.38125
1 0.72578125 0.7265625 0.20078125 0.19609375
1 0.86484375 0.88671875 0.09296875 0.1546875
1 0.85546875 0.971875 0.0578125 0.04609375
1 0.77421875 0.92265625 0.10390625 0.134375
1 0.7296875 0.9359375 0.06953125 0.11875
1 0.73515625 0.65703125 0.34375 0.4484375
1 0.59296875 0.74453125 0.10390625 0.14921875
1 0.67578125 0.61328125 0.1390625 0.1859375
1 0.82421875 0.65703125 0.0890625 0.10859375
1 0.62734375 0.50546875 0.0890625 0.103125
1 0.77578125 0.471875 0.21640625 0.2734375
1 0.93046875 0.59296875 0.13125 0.24765625
1 0.91328125 0.353125 0.16640625 0.221875
1 0.90703125 0.1265625 0.17734375 0.25234375
1 0.803125 0.221875 0.17734375 0.24765625
1 0.6296875 0.3015625 0.18515625 0.2421875
1 0.3359375 0.73203125 0.16953125 0.2578125
1 0.39375 0.8765625 0.06953125 0.1234375
1 0.4265625 0.925 0.05 0.07734375
1 0.4171875 0.97421875 0.04609375 0.04140625
1 0.36640625 0.971875 0.04609375 0.04609375
1 0.33046875 0.9328125 0.0578125 0.103125
1 0.29765625 0.9203125 0.05390625 0.10859375
1 0.2703125 0.9765625 0.06953125 0.0359375
1 0.32265625 0.984375 0.05 0.0203125
1 0.18359375 0.8734375 0.1890625 0.2421875
1 0.05625 0.8609375 0.0734375 0.103125
1 0.07109375 0.95546875 0.1421875 0.0765625
1 0.2203125 0.70625 0.1078125 0.1234375
1 0.1953125 0.54140625 0.1734375 0.2265625
1 0.3109375 0.325 0.16640625 0.309375
1 0.44765625 0.221875 0.17734375 0.2265625
1 0.46328125 0.04921875 0.17734375 0.09765625
1 0.5171875 0.115625 0.04609375 0.0671875
1 0.565625 0.10546875 0.05 0.0671875
1 0.57109375 0.15703125 0.05390625 0.0671875
1 0.615625 0.15703125 0.034375 0.05703125
1 0.64453125 0.1390625 0.05390625 0.0828125
1 0.69140625 0.115625 0.05390625 0.0875
1 0.70625 0.178125 0.05390625 0.07734375
1 0.74140625 0.11875 0.06171875 0.071875
1 0.7375 0.06171875 0.06953125 0.071875
1 0.7953125 0.06171875 0.04609375 0.0828125
1 0.8359375 0.08984375 0.034375 0.04609375
1 0.828125 0.0359375 0.08125 0.071875
1 0.86875 0.01796875 0.06953125 0.0359375
1 0.92109375 0.0078125 0.034375 0.015625
1 0.94765625 0.0234375 0.05 0.04609375
1 0.75703125 0.015625 0.03828125 0.03125
1 0.721875 0.015625 0.03828125 0.03125
1 0.68125 0.03125 0.065625 0.06171875
1 0.65234375 0.0640625 0.07734375 0.0671875
1 0.615625 0.09765625 0.05 0.0515625
1 0.6 0.05390625 0.0421875 0.04609375
1 0.56015625 0.04921875 0.03828125 0.05703125
1 0.63515625 0.015625 0.0578125 0.03125
1 0.57890625 0.01015625 0.04609375 0.0203125
1 0.2875 0.10078125 0.196875 0.20078125
1 0.1890625 0.23984375 0.13125 0.18046875
1 0.1640625 0.31953125 0.14296875 0.21640625
1 0.0984375 0.8140625 0.196875 0.31953125
1 0.47265625 0.96171875 0.096875 0.0671875
1 0.07734375 0.2734375 0.1546875 0.14453125
1 0.07890625 0.16015625 0.08125 0.103125
1 0.13671875 0.1625 0.0421875 0.05703125
1 0.1734375 0.1265625 0.03828125 0.04609375
1 0.025 0.14453125 0.05 0.11328125
1 0.0984375 0.0640625 0.196875 0.128125
1 0.12578125 0.428125 0.065625 0.071875
1 0.090625 0.36875 0.0578125 0.0671875
1 0.13125 0.353125 0.03828125 0.0359375
1 0.025 0.32734375 0.05 0.04609375
1 0.0328125 0.38125 0.065625 0.06171875
1 0.0671875 0.43828125 0.096875 0.071875
1 0.04609375 0.484375 0.08515625 0.071875
1 0.09453125 0.5 0.0421875 0.06171875
1 0.08515625 0.54609375 0.04609375 0.03125
1 0.0421875 0.5515625 0.06171875 0.0828125
1 0.09296875 0.60078125 0.06953125 0.0671875
1 0.10390625 0.65703125 0.03125 0.04609375
1 0.0578125 0.65703125 0.06171875 0.09765625
1 0.01953125 0.675 0.03828125 0.06171875
1 0.05 0.73984375 0.05390625 0.0671875
1 0.01328125 0.7515625 0.0265625 0.1125
1 0.0171875 0.6109375 0.034375 0.0875
1 0.009375 0.53046875 0.01875 0.0828125
1 0.00546875 0.4578125 0.0109375 0.0625
1 0.49609375 0.928125 0.034375 0.06171875
1 0.46875 0.89140625 0.0421875 0.06171875
1 0.5 0.85859375 0.0421875 0.0671875
1 0.52890625 0.81953125 0.03125 0.0515625
1 0.52734375 0.7734375 0.034375 0.04140625
1 0.48046875 0.78828125 0.05 0.06171875
1 0.459375 0.8296875 0.03125 0.04140625
1 0.4359375 0.79921875 0.03125 0.04140625
1 0.4515625 0.7625 0.03125 0.04140625
1 0.48828125 0.7296875 0.05 0.05703125
1 0.525 0.71875 0.03828125 0.04609375
1 0.5484375 0.721875 0.0234375 0.04140625
1 0.4421875 0.721875 0.034375 0.06171875
1 0.459375 0.66484375 0.03828125 0.0515625
1 0.490625 0.6859375 0.0234375 0.0203125
1 0.49453125 0.634375 0.04609375 0.06171875
1 0.52734375 0.6671875 0.0421875 0.05703125
1 0.55234375 0.63125 0.04609375 0.0671875
1 0.45546875 0.61328125 0.03828125 0.0515625
1 0.47109375 0.5640625 0.03828125 0.05703125
1 0.50546875 0.571875 0.03828125 0.0515625
1 0.540625 0.56171875 0.03828125 0.06171875
1 0.57890625 0.50546875 0.03828125 0.071875
1 0.55390625 0.4875 0.034375 0.0671875
1 0.55234375 0.43046875 0.03125 0.04609375
1 0.52890625 0.37890625 0.04609375 0.04609375
1 0.47109375 0.34765625 0.06171875 0.05703125
1 0.41328125 0.35078125 0.03828125 0.04140625
1 0.48046875 0.39453125 0.05 0.05703125
1 0.5171875 0.428125 0.04609375 0.0515625
1 0.51171875 0.5 0.05 0.071875
1 0.465625 0.5078125 0.034375 0.04609375
1 0.47109375 0.45625 0.03828125 0.04609375
1 0.43984375 0.41484375 0.03828125 0.05703125
1 0.4109375 0.40234375 0.0421875 0.04140625
1 0.378125 0.43046875 0.03125 0.04609375
1 0.41875 0.45625 0.0421875 0.04609375
1 0.4328125 0.49453125 0.03828125 0.04140625
1 0.38046875 0.484375 0.0578125 0.06171875
1 0.434375 0.5515625 0.0421875 0.0515625
1 0.4171875 0.5875 0.03828125 0.0515625
1 0.41328125 0.63125 0.04609375 0.05703125
1 0.378125 0.5953125 0.03125 0.04609375
1 0.38984375 0.54609375 0.03828125 0.0515625
1 0.34765625 0.55703125 0.04609375 0.06171875
1 0.33203125 0.5 0.05390625 0.0515625
1 0.30703125 0.54375 0.0421875 0.0671875