1 0.58359375 0.3484375 0.3 0.565625
1 0.4 0.76171875 0.28671875 0.4640625
1 0.71484375 0.7828125 0.34296875 0.42265625
1 0.875 0.56875 0.24296875 0.67265625
1 0.0734375 0.72890625 0.146875 0.5296875
1 0.4015625 0.2765625 0.196875 0.553125
1 0.26171875 0.39296875 0.21640625 0.4640625
1 0.01640625 0.38984375 0.0328125 0.1609375
1 0.8453125 0.190625 0.21640625 0.32109375
1 0.96640625 0.13984375 0.06015625 0.24375
1 0.9078125 0.0265625 0.15625 0.053125
1 0.7234375 0.13671875 0.21328125 0.2734375
1 0.55859375 0.05390625 0.21015625 0.10703125
1 0.3453125 0.08359375 0.2234375 0.16640625