1 0.334375 0.696875 0.41484375 0.31171875
1 0.69296875 0.51875 0.36015625 0.4484375
1 0.83671875 0.3796875 0.2328125 0.31171875
1 0.73125 0.21015625 0.2328125 0.20234375
1 0.53671875 0.37421875 0.2578125 0.33359375
1 0.278125 0.35234375 0.2875 0.37734375
1 0.48359375 0.16640625 0.20390625 0.12578125
1 0.24765625 0.19375 0.2765625 0.27890625
1 0.609375 0.09296875 0.23671875 0.1859375
1 0.928125 0.13359375 0.134375 0.2671875
1 0.8515625 0.10625 0.090625 0.2125
1 0.690625 0.065625 0.2546875 0.13125
1 0.721875 0.1203125 0.2 0.13125
1 0.46484375 0.0953125 0.2265625 0.190625