1 0.94375 0.86328125 0.10546875 0.2625
1 0.7203125 0.74296875 0.2109375 0.2734375
1 0.509375 0.6421875 0.26171875 0.37734375
1 0.25078125 0.54375 0.35625 0.41015625
1 0.23828125 0.2484375 0.24375 0.27890625
1 0.07109375 0.5953125 0.090625 0.21875
1 0.56875 0.19375 0.221875 0.31171875
1 0.71796875 0.28125 0.15625 0.21328125
1 0.8875 0.23515625 0.21796875 0.3609375
1 0.434375 0.22109375 0.090625 0.20234375
1 0.77578125 0.0953125 0.1640625 0.190625
1 0.915625 0.040625 0.159375 0.08125
1 0.684375 0.05703125 0.10625 0.1140625
1 0.54921875 0.04921875 0.16015625 0.0984375