1 0.5453125 0.4578125 0.190625 0.259375
1 0.6703125 0.64296875 0.17265625 0.23828125
1 0.92109375 0.4125 0.15 0.21171875
1 0.86171875 0.59765625 0.26953125 0.20078125
1 0.12890625 0.65546875 0.2578125 0.3390625
1 0.10859375 0.8203125 0.17265625 0.21171875
1 0.15703125 0.7953125 0.3140625 0.334375
1 0.83515625 0.8015625 0.321875 0.33359375
1 0.48515625 0.76953125 0.09375 0.153125
1 0.4921875 0.89140625 0.06328125 0.121875
1 0.42109375 0.93359375 0.07109375 0.0578125
1 0.4328125 0.8515625 0.0859375 0.12734375
1 0.74375 0.43671875 0.190625 0.18515625
1 0.18515625 0.28828125 0.36328125 0.45
1 0.2375 0.50234375 0.0859375 0.1375
1 0.178125 0.53671875 0.07109375 0.10078125
1 0.2078125 0.59296875 0.0859375 0.0953125
1 0.265625 0.64296875 0.0671875 0.08984375
1 0.3390625 0.69609375 0.11640625 0.1640625
1 0.275 0.73046875 0.04140625 0.07421875
1 0.14609375 0.1375 0.1421875 0.24375
1 0.06015625 0.25390625 0.08203125 0.1796875
1 0.68515625 0.1140625 0.23984375 0.22734375
1 0.87109375 0.20078125 0.190625 0.29609375
1 0.68359375 0.32265625 0.18359375 0.20078125
1 0.4421875 0.278125 0.2171875 0.22734375
1 0.33515625 0.4125 0.2359375 0.2328125
1 0.3296875 0.92890625 0.075 0.06875
1 0.3484375 0.84375 0.075 0.13203125
1 0.28125 0.82265625 0.0671875 0.10078125
1 0.253125 0.89453125 0.07109375 0.06328125
1 0.575 0.9546875 0.05625 0.03671875
1 0.415625 0.6875 0.0671875 0.084375
1 0.38046875 0.73828125 0.05625 0.0796875
1 0.46796875 0.6140625 0.09765625 0.0953125
1 0.546875 0.58203125 0.075 0.11640625
1 0.52421875 0.5078125 0.0671875 0.10546875
1 0.4625 0.51875 0.05625 0.10546875
1 0.38359375 0.4890625 0.07109375 0.08984375
1 0.40078125 0.5875 0.0671875 0.11640625
1 0.30546875 0.53671875 0.09375 0.153125
1 0.76953125 0.65859375 0.0265625 0.04765625
1 0.8015625 0.63984375 0.0296875 0.02109375
1 0.809375 0.66953125 0.02265625 0.0265625
1 0.8390625 0.66640625 0.0375 0.053125
1 0.90859375 0.6984375 0.03359375 0.053125
1 0.93984375 0.7140625 0.0296875 0.053125
1 0.83515625 0.16171875 0.321875 0.32265625
1 0.1609375 0.24375 0.321875 0.48671875
1 0.55234375 0.6875 0.03359375 0.053125
1 0.55234375 0.6375 0.03359375 0.03671875
1 0.575 0.65859375 0.03359375 0.03671875
1 0.603125 0.63203125 0.0296875 0.03671875
1 0.62734375 0.67421875 0.0265625 0.04765625
1 0.59140625 0.671875 0.0296875 0.03203125
1 0.60703125 0.7140625 0.0453125 0.053125
1 0.56328125 0.790625 0.04140625 0.0578125
1 0.6046875 0.76484375 0.04140625 0.04765625
1 0.5171875 0.70078125 0.0296875 0.04765625
1 0.49453125 0.6875 0.0296875 0.053125
1 0.46640625 0.66953125 0.04140625 0.0578125
1 0.44765625 0.7140625 0.03359375 0.03203125
1 0.5390625 0.7515625 0.02265625 0.053125
1 0.5453125 0.84140625 0.0265625 0.0421875
1 0.57109375 0.87265625 0.0265625 0.053125
1 0.546875 0.896875 0.0375 0.0578125
1 0.5390625 0.93671875 0.02265625 0.03203125
1 0.51875 0.95 0.03359375 0.03671875
1 0.47734375 0.95234375 0.03359375 0.02109375
1 0.66640625 0.9203125 0.0453125 0.06328125
1 0.6234375 0.92890625 0.03359375 0.04765625
1 0.59375 0.9046875 0.03359375 0.053125
1 0.60859375 0.8546875 0.03359375 0.04765625
1 0.63828125 0.87578125 0.03359375 0.0578125
1 0.61796875 0.8203125 0.0375 0.0421875
1 0.6515625 0.81484375 0.0296875 0.053125
1 0.6421875 0.76953125 0.0265625 0.0578125
1 0.6703125 0.76953125 0.02265625 0.04765625
1 0.7078125 0.79375 0.0296875 0.053125
1 0.7078125 0.73046875 0.0453125 0.053125
1 0.73984375 0.75390625 0.0265625 0.0578125
1 0.7625 0.7671875 0.01875 0.03203125
1 0.696875 0.83359375 0.0453125 0.0578125
1 0.72265625 0.8625 0.0375 0.06328125
1 0.76015625 0.84375 0.0375 0.0578125
1 0.7453125 0.80390625 0.0375 0.053125
1 0.78828125 0.79609375 0.04140625 0.0578125
1 0.8 0.740625 0.0484375 0.053125
1 0.7640625 0.73046875 0.0296875 0.053125
1 0.84453125 0.70390625 0.04140625 0.053125
1 0.88359375 0.73515625 0.0375 0.053125
1 0.91953125 0.7671875 0.03359375 0.053125
1 0.87109375 0.68515625 0.0265625 0.03671875
1 0.85 0.75390625 0.0296875 0.04765625
1 0.88203125 0.76953125 0.03359375 0.0578125
1 0.90234375 0.81484375 0.0296875 0.053125
1 0.878125 0.81484375 0.04140625 0.053125
1 0.85234375 0.78828125 0.03359375 0.03203125
1 0.82421875 0.7828125 0.0296875 0.053125
1 0.7625 0.89921875 0.04140625 0.053125
1 0.79609375 0.88125 0.0265625 0.0578125
1 0.81640625 0.8546875 0.0296875 0.03671875
1 0.83671875 0.8859375 0.04140625 0.04765625
1 0.71328125 0.9046875 0.03359375 0.03203125
1 0.690625 0.878125 0.0265625 0.0421875
1 0.725 0.86015625 0.04140625 0.04765625