1 0.434375 0.3390625 0.33125 0.153125
1 0.421875 0.41015625 0.15234375 0.065625
1 0.35625 0.45078125 0.18203125 0.14765625
1 0.38515625 0.51875 0.30546875 0.284375
1 0.4875 0.4921875 0.24765625 0.3171875
1 0.57421875 0.44296875 0.334375 0.35
1 0.490625 0.5734375 0.2328125 0.21875
1 0.50546875 0.69921875 0.0578125 0.13125
1 0.61640625 0.57109375 0.22890625 0.39921875
1 0.6421875 0.70234375 0.17109375 0.38828125
1 0.70703125 0.65546875 0.1125 0.328125
1 0.67109375 0.846875 0.04765625 0.0765625
1 0.76171875 0.64453125 0.16328125 0.39375
1 0.7875 0.715625 0.178125 0.3609375
1 0.75234375 0.1203125 0.47265625 0.2296875
1 0.8671875 0.22421875 0.25078125 0.39375
1 0.8421875 0.3828125 0.309375 0.2515625
1 0.9 0.4046875 0.1203125 0.2734375