1 0.59296875 0.196875 0.02890625 0.04375
1 0.58203125 0.18046875 0.02890625 0.04375
1 0.55234375 0.11484375 0.02890625 0.04375
1 0.50703125 0.13671875 0.02578125 0.04375
1 0.53125 0.25390625 0.02890625 0.04921875
1 0.3203125 0.2078125 0.02890625 0.04375
1 0.29453125 0.15 0.02890625 0.04921875
1 0.2671875 0.2078125 0.02578125 0.04375
1 0.3015625 0.28125 0.02890625 0.04921875
1 0.2421875 0.14765625 0.02578125 0.04375
1 0.2578125 0.51875 0.03671875 0.0875
1 0.4453125 0.51328125 0.0328125 0.0546875
1 0.97265625 0.73203125 0.04765625 0.0875
1 0.85234375 0.71015625 0.0328125 0.065625
1 0.9 0.71875 0.0546875 0.06015625
1 0.9015625 0.653125 0.1890625 0.09296875
1 0.75078125 0.64765625 0.1203125 0.10390625
1 0.6125 0.584375 0.14921875 0.13125
1 0.978125 0.9671875 0.03671875 0.0546875
1 0.9875 0.9046875 0.01796875 0.06015625
1 0.97265625 0.871875 0.04765625 0.07109375
1 0.96171875 0.9125 0.03984375 0.04375
1 0.94921875 0.9484375 0.02890625 0.03828125