1 0.78359375 0.4046875 0.221875 0.35
1 0.90703125 0.240625 0.178125 0.30625
1 0.9328125 0.80078125 0.12734375 0.33359375
1 0.8890625 0.934375 0.14921875 0.1203125
1 0.73671875 0.85546875 0.265625 0.27890625
1 0.56015625 0.73515625 0.21796875 0.33359375
1 0.70390625 0.61484375 0.17109375 0.20234375
1 0.5453125 0.39375 0.2328125 0.3390625
1 0.7125 0.2375 0.1890625 0.19140625
1 0.4796875 0.1203125 0.22578125 0.240625
1 0.70625 0.0734375 0.265625 0.146875
1 0.31484375 0.26796875 0.221875 0.30625
1 0.39609375 0.48671875 0.109375 0.153125
1 0.2984375 0.628125 0.24765625 0.328125
1 0.3671875 0.89375 0.18203125 0.20234375
1 0.2015625 0.88828125 0.16328125 0.21328125
1 0.09296875 0.76796875 0.18515625 0.25703125
1 0.08203125 0.95625 0.16328125 0.0765625
1 0.0796875 0.459375 0.159375 0.328125
1 0.2015625 0.415625 0.178125 0.1640625
1 0.1125 0.215625 0.17421875 0.22421875
1 0.2703125 0.0625 0.2 0.125
1 0.1234375 0.0953125 0.17421875 0.09296875
1 0.01484375 0.21015625 0.02890625 0.13671875
1 0.890625 0.521875 0.1234375 0.22421875