1 0.8765625 0.934375 0.0875 0.1203125
1 0.91484375 0.8578125 0.16328125 0.13125
1 0.9125 0.7046875 0.13828125 0.2734375
1 0.98515625 0.76484375 0.021875 0.153125
1 0.8 0.66953125 0.1015625 0.14765625
1 0.87421875 0.59296875 0.0546875 0.11484375
1 0.91484375 0.47578125 0.1203125 0.1859375
1 0.965625 0.37734375 0.06171875 0.153125
1 0.98203125 0.540625 0.02890625 0.175
1 0.98359375 0.24296875 0.02578125 0.08203125
1 0.96015625 0.10625 0.07265625 0.16953125
1 0.909375 0.26484375 0.11640625 0.21328125
1 0.81796875 0.35234375 0.109375 0.19140625
1 0.7796875 0.20234375 0.10546875 0.153125
1 0.85234375 0.09296875 0.14921875 0.1640625
1 0.88984375 0.01875 0.1671875 0.0375
1 0.71796875 0.08203125 0.1125 0.1640625
1 0.63125 0.18828125 0.12734375 0.15859375
1 0.7 0.33359375 0.1203125 0.2078125
1 0.76171875 0.51640625 0.221875 0.21328125
1 0.64765625 0.4921875 0.109375 0.109375
1 0.6234375 0.61171875 0.12734375 0.175
1 0.62734375 0.80859375 0.08359375 0.2296875
1 0.709375 0.90703125 0.11640625 0.175
1 0.75078125 0.78671875 0.14921875 0.196875
1 0.8125 0.9015625 0.0765625 0.109375
1 0.63828125 0.9484375 0.06171875 0.09296875
1 0.53984375 0.915625 0.134375 0.15859375
1 0.55234375 0.7484375 0.11640625 0.2078125
1 0.521875 0.51640625 0.12734375 0.20234375
1 0.59296875 0.35234375 0.109375 0.16953125
1 0.52890625 0.2375 0.08359375 0.11484375
1 0.509375 0.0953125 0.11640625 0.16953125
1 0.609375 0.04921875 0.10546875 0.0984375
1 0.41640625 0.19375 0.1125 0.16953125
1 0.3890625 0.065625 0.16015625 0.13125
1 0.33125 0.28671875 0.11640625 0.16953125
1 0.3890625 0.4265625 0.109375 0.1859375
1 0.44921875 0.54375 0.0546875 0.16953125
1 0.3984375 0.565625 0.0765625 0.09296875
1 0.47265625 0.6828125 0.09453125 0.1421875
1 0.390625 0.83046875 0.22890625 0.21875
1 0.43984375 0.94296875 0.0875 0.10390625
1 0.33125 0.93203125 0.13828125 0.12578125
1 0.2328125 0.93984375 0.0875 0.109375
1 0.23984375 0.8390625 0.065625 0.14765625
1 0.24921875 0.7375 0.0546875 0.109375
1 0.33984375 0.68046875 0.18515625 0.20234375
1 0.30546875 0.50546875 0.11640625 0.15859375
1 0.22578125 0.61171875 0.1015625 0.153125
1 0.18359375 0.49453125 0.134375 0.16953125
1 0.121875 0.64765625 0.1125 0.22421875
1 0.18515625 0.79765625 0.11640625 0.1203125
1 0.0671875 0.78125 0.1125 0.1859375
1 0.12734375 0.91796875 0.1234375 0.153125
1 0.034375 0.915625 0.06875 0.15859375
1 0.0796875 0.56171875 0.159375 0.3609375
1 0.0328125 0.45078125 0.065625 0.09296875
1 0.0109375 0.54921875 0.021875 0.10390625
1 0.06171875 0.34140625 0.1234375 0.11484375
1 0.11796875 0.325 0.18515625 0.10390625
1 0.2234375 0.24609375 0.1125 0.175
1 0.27265625 0.10625 0.16015625 0.19140625
1 0.20390625 0.02734375 0.23984375 0.0546875
1 0.15078125 0.10078125 0.12734375 0.11484375
1 0.06171875 0.0984375 0.07265625 0.0765625
1 0.03984375 0.06015625 0.0796875 0.1203125
1 0.02578125 0.20234375 0.05078125 0.1640625