1 0.6125 0.3359375 0.265625 0.38828125
1 0.7796875 0.4015625 0.06171875 0.07109375
1 0.87265625 0.371875 0.1671875 0.2953125
1 0.8796875 0.7703125 0.2328125 0.371875
1 0.70390625 0.16953125 0.19296875 0.3171875
1 0.57265625 0.7265625 0.2578125 0.459375
1 0.39453125 0.346875 0.1203125 0.18046875
1 0.365625 0.14453125 0.06171875 0.06015625
1 0.39296875 0.10078125 0.05078125 0.07109375
1 0.1796875 0.2625 0.23671875 0.4375
1 0.1984375 0.53515625 0.178125 0.371875
1 0.30546875 0.78984375 0.13125 0.37734375
1 0.09609375 0.85234375 0.12734375 0.175
1 0.06875 0.153125 0.1375 0.21875