1 0.878125 0.61953125 0.06875 0.10390625
1 0.9296875 0.54453125 0.1328125 0.21328125
1 0.9578125 0.71875 0.07578125 0.125
1 0.56875 0.73984375 0.17109375 0.1875
1 0.58359375 0.421875 0.10234375 0.42734375
1 0.62578125 0.42734375 0.16328125 0.375
1 0.75703125 0.59140625 0.20546875 0.09921875
1 0.79296875 0.484375 0.1484375 0.10390625
1 0.84609375 0.42421875 0.1328125 0.140625
1 0.928125 0.37734375 0.13671875 0.09921875
1 0.96015625 0.39609375 0.071875 0.08359375
1 0.834375 0.29921875 0.15625 0.08828125
1 0.921875 0.27578125 0.05703125 0.04140625
1 0.86484375 0.140625 0.21640625 0.22890625
1 0.7921875 0.10390625 0.15625 0.2078125
1 0.71875 0.15859375 0.09921875 0.109375
1 0.7359375 0.24765625 0.071875 0.08828125
1 0.746875 0.37734375 0.0875 0.18203125
1 0.95078125 0.1328125 0.09140625 0.265625
1 0.48515625 0.4296875 0.11015625 0.453125
1 0.43359375 0.40625 0.1671875 0.44765625
1 0.53984375 0.1953125 0.1828125 0.203125
1 0.6234375 0.1484375 0.06875 0.11953125
1 0.525 0.078125 0.10625 0.11484375
1 0.6328125 0.06015625 0.0875 0.06796875
1 0.253125 0.54921875 0.16328125 0.08828125
1 0.19609375 0.57265625 0.06484375 0.19765625
1 0.09140625 0.54453125 0.10625 0.265625
1 0.06875 0.67734375 0.09140625 0.125
1 0.05546875 0.765625 0.11015625 0.16640625
1 0.1828125 0.71875 0.09921875 0.15625
1 0.290625 0.7265625 0.2015625 0.08828125
1 0.37109375 0.76328125 0.0953125 0.06796875
1 0.35703125 0.14296875 0.1671875 0.24453125
1 0.29453125 0.08359375 0.1328125 0.16640625
1 0.228125 0.07265625 0.0609375 0.11484375
1 0.31953125 0.2421875 0.25078125 0.25546875
1 0.1765625 0.32265625 0.0953125 0.15625
1 0.2 0.19765625 0.0953125 0.07265625
1 0.1578125 0.12265625 0.071875 0.09921875
1 0.1125 0.11171875 0.05703125 0.05703125
1 0.10859375 0.2109375 0.11015625 0.140625
1 0.06484375 0.33359375 0.12890625 0.19765625
1 0.0265625 0.02578125 0.053125 0.0515625
1 0.04921875 0.1421875 0.0984375 0.18125
1 0.825 0.77109375 0.3421875 0.26015625
1 0.578125 0.84921875 0.3421875 0.09375
1 0.403125 0.76796875 0.15234375 0.265625
1 0.271875 0.78359375 0.39140625 0.234375
1 0.49765625 0.44765625 0.9953125 0.8953125