1 0.646875 0.63359375 0.25703125 0.30703125
1 0.83125 0.63359375 0.07265625 0.09921875
1 0.909375 0.61171875 0.084375 0.09375
1 0.91796875 0.5078125 0.05234375 0.09375
1 0.85546875 0.525 0.08046875 0.10859375
1 0.796875 0.546875 0.06015625 0.084375
1 0.853125 0.415625 0.06796875 0.09921875
1 0.7890625 0.44296875 0.084375 0.084375
1 0.75078125 0.38828125 0.0484375 0.0546875
1 0.77109375 0.20078125 0.353125 0.40078125
1 0.73515625 0.5765625 0.20078125 0.2921875
1 0.54453125 0.09140625 0.27734375 0.153125
1 0.4640625 0.321875 0.51015625 0.346875
1 0.33125 0.5125 0.3578125 0.62890625
1 0.2546875 0.703125 0.3171875 0.3859375
1 0.1140625 0.26953125 0.228125 0.5390625
1 0.0640625 0.6359375 0.128125 0.28203125