1 0.1640625 0.628125 0.2140625 0.4890625
1 0.375 0.59453125 0.22109375 0.5
1 0.5640625 0.775 0.22890625 0.20546875
1 0.6359375 0.771875 0.24296875 0.221875
1 0.75859375 0.7640625 0.23203125 0.228125
1 0.88203125 0.74453125 0.22890625 0.26640625
1 0.6625 0.53359375 0.36796875 0.3109375
1 0.1015625 0.453125 0.203125 0.15
1 0.10546875 0.28046875 0.2109375 0.271875
1 0.12890625 0.16953125 0.25703125 0.3390625
1 0.20546875 0.15546875 0.18203125 0.3109375
1 0.30859375 0.1390625 0.1109375 0.278125
1 0.3984375 0.1390625 0.1390625 0.278125
1 0.4140625 0.43046875 0.27109375 0.29453125
1 0.46796875 0.24453125 0.27890625 0.2109375
1 0.47890625 0.1140625 0.17109375 0.228125
1 0.55703125 0.1609375 0.19296875 0.321875
1 0.6375 0.44140625 0.24609375 0.228125
1 0.6609375 0.20859375 0.1 0.39453125
1 0.89609375 0.31640625 0.0359375 0.06640625
1 0.90859375 0.396875 0.03203125 0.0390625
1 0.7609375 0.1609375 0.05 0.2