1 0.95390625 0.321875 0.08515625 0.20078125
1 0.91328125 0.5203125 0.16640625 0.11328125
1 0.91328125 0.64453125 0.16640625 0.134375
1 0.7625 0.5203125 0.15078125 0.103125
1 0.76640625 0.615625 0.15078125 0.0875
1 0.8921875 0.86328125 0.20078125 0.25234375
1 0.74296875 0.82734375 0.14296875 0.25234375
1 0.69296875 0.95859375 0.16640625 0.071875
1 0.646875 0.4921875 0.12734375 0.0671875
1 0.63671875 0.54140625 0.1234375 0.06171875
1 0.63359375 0.58515625 0.115625 0.05703125
1 0.6296875 0.62109375 0.115625 0.05703125
1 0.65234375 0.6984375 0.19296875 0.0875
1 0.64296875 0.75546875 0.15859375 0.07734375
1 0.63125 0.79921875 0.15078125 0.06171875
1 0.6234375 0.853125 0.14296875 0.09765625
1 0.56015625 0.925 0.1390625 0.10859375
1 0.475 0.89453125 0.04609375 0.05703125
1 0.48671875 0.8328125 0.06171875 0.04609375
1 0.51328125 0.86875 0.04609375 0.05703125
1 0.4421875 0.87109375 0.0421875 0.0515625
1 0.4515625 0.809375 0.04609375 0.06171875
1 0.41484375 0.84765625 0.0421875 0.0671875
1 0.39375 0.89140625 0.03828125 0.0515625
1 0.4265625 0.91484375 0.0421875 0.05703125
1 0.45 0.925 0.0421875 0.05703125
1 0.52109375 0.7375 0.07734375 0.06171875
1 0.5171875 0.76796875 0.08515625 0.06171875
1 0.5171875 0.79921875 0.08515625 0.071875
1 0.54453125 0.4875 0.06171875 0.0359375
1 0.53671875 0.51015625 0.06953125 0.0203125
1 0.53671875 0.53359375 0.09296875 0.04609375
1 0.534375 0.56171875 0.08125 0.03125
1 0.5421875 0.58515625 0.0734375 0.02578125
1 0.5328125 0.60546875 0.07734375 0.02578125
1 0.69921875 0.34296875 0.04609375 0.18046875
1 0.75078125 0.3453125 0.05 0.1546875
1 0.8109375 0.34765625 0.07734375 0.14921875
1 0.8375 0.35546875 0.08515625 0.14453125
1 0.88984375 0.309375 0.08125 0.2265625
1 0.590625 0.33984375 0.21640625 0.09296875
1 0.57890625 0.39921875 0.20078125 0.04609375
1 0.43828125 0.3734375 0.0890625 0.0875
1 0.35546875 0.365625 0.1234375 0.1234375
1 0.4328125 0.528125 0.13125 0.14921875
1 0.4 0.69609375 0.24296875 0.1859375
1 0.29375 0.79140625 0.115625 0.11875
1 0.37421875 0.8296875 0.09296875 0.11328125
1 0.3375 0.5203125 0.0734375 0.11328125
1 0.28203125 0.515625 0.05390625 0.103125
1 0.253125 0.38125 0.10390625 0.0828125
1 0.1546875 0.39453125 0.06171875 0.05703125
1 0.10390625 0.39453125 0.04609375 0.05703125
1 0.06015625 0.39140625 0.05 0.0515625
1 0.18359375 0.396875 0.034375 0.06171875
1 0.04453125 0.48203125 0.0421875 0.04609375
1 0.1 0.47421875 0.06953125 0.071875
1 0.14453125 0.4921875 0.02734375 0.05703125
1 0.1796875 0.4921875 0.0421875 0.07734375
1 0.21796875 0.5 0.0421875 0.09296875
1 0.2703125 0.515625 0.1 0.09296875
1 0.2390625 0.64140625 0.06953125 0.11875
1 0.28203125 0.646875 0.05390625 0.10859375
1 0.03671875 0.54140625 0.0421875 0.0515625
1 0.0890625 0.5671875 0.07734375 0.0828125
1 0.14453125 0.59765625 0.08125 0.09296875
1 0.19296875 0.61875 0.05390625 0.071875
1 0.24140625 0.73984375 0.0578125 0.04609375
1 0.2140625 0.7703125 0.0421875 0.0359375
1 0.20078125 0.8171875 0.0234375 0.02578125
1 0.18359375 0.8015625 0.02734375 0.0359375
1 0.1953125 0.76015625 0.0421875 0.05703125
1 0.20078125 0.71640625 0.04609375 0.04140625
1 0.16953125 0.74765625 0.03125 0.0515625
1 0.15078125 0.778125 0.0234375 0.03125
1 0.13515625 0.690625 0.1078125 0.071875
1 0.04453125 0.63671875 0.0890625 0.09765625