1 0.42109375 0.49609375 0.7484375 0.9921875
1 0.4265625 0.6546875 0.37265625 0.6328125
1 0.42578125 0.16171875 0.1765625 0.3234375
1 0.428125 0.2953125 0.2875 0.259375
1 0.75546875 0.53203125 0.0578125 0.17265625
1 0.69765625 0.759375 0.0578125 0.1078125
1 0.7734375 0.81640625 0.071875 0.1796875
1 0.809375 0.5828125 0.0390625 0.1296875
1 0.8234375 0.2484375 0.11015625 0.309375
1 0.89375 0.0359375 0.1296875 0.071875
1 0.059375 0.26953125 0.06328125 0.07890625
1 0.02109375 0.10078125 0.04140625 0.2015625
1 0.45 0.81640625 0.1328125 0.2953125
1 0.5578125 0.7046875 0.07734375 0.18671875
1 0.584375 0.5140625 0.0578125 0.26640625
1 0.54296875 0.428125 0.046875 0.1078125
1 0.51796875 0.53984375 0.09140625 0.1296875
1 0.478125 0.43203125 0.05546875 0.08671875
1 0.45 0.546875 0.06640625 0.18671875
1 0.38671875 0.403125 0.07734375 0.17265625
1 0.359375 0.55390625 0.09921875 0.31640625
1 0.3125 0.65078125 0.13828125 0.35234375
1 0.41328125 0.1796875 0.10234375 0.2734375
1 0.4765625 0.0828125 0.0859375 0.165625
1 0.49453125 0.31328125 0.12734375 0.28046875
1 0.34921875 0.25546875 0.08046875 0.165625