1 0.5640625 0.79453125 0.28203125 0.35390625
1 0.74921875 0.65078125 0.29453125 0.33515625
1 0.8546875 0.36875 0.28203125 0.325
1 0.97265625 0.6125 0.0453125 0.2484375
1 0.91484375 0.16484375 0.16171875 0.225
1 0.709375 0.21015625 0.24921875 0.21015625
1 0.53515625 0.35390625 0.290625 0.325
1 0.67421875 0.45703125 0.15390625 0.1390625
1 0.47890625 0.5984375 0.26953125 0.2203125
1 0.284375 0.75625 0.23671875 0.28671875
1 0.22578125 0.46875 0.2859375 0.315625
1 0.33203125 0.39921875 0.12421875 0.225
1 0.3046875 0.1984375 0.35234375 0.24375
1 0.55 0.1484375 0.13671875 0.12421875
1 0.10390625 0.38046875 0.2078125 0.378125
1 0.15390625 0.64140625 0.11640625 0.18203125