1 0.8546875 0.18671875 0.24609375 0.2640625
1 0.9640625 0.14296875 0.06484375 0.18671875
1 0.9453125 0.02734375 0.1015625 0.0546875
1 0.79921875 0.0328125 0.25703125 0.065625
1 0.6359375 0.1015625 0.20625 0.1703125
1 0.7171875 0.26953125 0.10859375 0.18671875
1 0.48203125 0.1265625 0.09453125 0.12109375
1 0.29921875 0.09609375 0.25703125 0.1921875
1 0.4328125 0.03828125 0.1046875 0.0765625
1 0.5703125 0.03046875 0.2140625 0.06015625
1 0.38203125 0.16171875 0.17734375 0.203125
1 0.29921875 0.29140625 0.18515625 0.17578125
1 0.4875 0.2640625 0.19921875 0.18671875
1 0.62109375 0.184375 0.18515625 0.203125
1 0.6703125 0.31328125 0.159375 0.09921875
1 0.715625 0.41796875 0.23515625 0.20859375
1 0.90546875 0.58203125 0.15234375 0.253125
1 0.7390625 0.6125 0.2171875 0.28046875
1 0.81484375 0.815625 0.23203125 0.31328125
1 0.59609375 0.86015625 0.22109375 0.26953125
1 0.6234375 0.66171875 0.0578125 0.1703125
1 0.58359375 0.54375 0.15234375 0.296875
1 0.5703125 0.340625 0.09765625 0.15390625
1 0.45859375 0.48046875 0.18515625 0.25859375
1 0.4453125 0.7390625 0.26796875 0.28046875
1 0.24296875 0.68984375 0.2390625 0.28046875
1 0.36015625 0.54140625 0.090625 0.25859375
1 0.2953125 0.42890625 0.18515625 0.275
1 0.125 0.50859375 0.17734375 0.32421875