1 0.91875 0.596875 0.11484375 0.17734375
1 0.9859375 0.603125 0.02109375 0.0515625
1 0.96171875 0.72578125 0.06953125 0.16015625
1 0.93203125 0.8828125 0.121875 0.2
1 0.875 0.72890625 0.10390625 0.165625
1 0.8140625 0.89453125 0.1078125 0.2
1 0.7515625 0.72265625 0.121875 0.18828125
1 0.79140625 0.63984375 0.090625 0.1140625
1 0.82265625 0.5796875 0.096875 0.15390625
1 0.7015625 0.91171875 0.1109375 0.165625
1 0.721875 0.834375 0.090625 0.05703125
1 0.6875 0.5828125 0.1109375 0.1484375
1 0.76875 0.52890625 0.10078125 0.14296875
1 0.640625 0.6859375 0.1078125 0.1828125
1 0.5640625 0.7484375 0.11484375 0.17109375
1 0.503125 0.6171875 0.1109375 0.17109375
1 0.57265625 0.54609375 0.1109375 0.17734375
1 0.45625 0.77734375 0.1078125 0.17109375
1 0.50859375 0.85390625 0.08671875 0.0625
1 0.6265625 0.86015625 0.07265625 0.0859375
1 0.5953125 0.9203125 0.09375 0.1484375
1 0.534375 0.9375 0.1109375 0.1140625
1 0.45625 0.89453125 0.08671875 0.07421875
1 0.43046875 0.94609375 0.10390625 0.096875
1 0.39609375 0.87421875 0.0765625 0.103125
1 0.3265625 0.76875 0.1109375 0.17734375
1 0.309375 0.703125 0.096875 0.12578125
1 0.41484375 0.67734375 0.07265625 0.0859375
1 0.38359375 0.74609375 0.0453125 0.15390625
1 0.2984375 0.87421875 0.11796875 0.12578125
1 0.3265625 0.94609375 0.096875 0.096875
1 0.21171875 0.94296875 0.13203125 0.103125
1 0.16875 0.89140625 0.1421875 0.1828125
1 0.22890625 0.83984375 0.0625 0.103125
1 0.24140625 0.77734375 0.059375 0.06875
1 0.16484375 0.79140625 0.0796875 0.03984375
1 0.096875 0.8625 0.0484375 0.103125
1 0.05390625 0.94296875 0.1078125 0.103125
1 0.221875 0.703125 0.10390625 0.16015625
1 0.1390625 0.7515625 0.10390625 0.14296875
1 0.046875 0.8203125 0.09375 0.15390625
1 0.0296875 0.7171875 0.059375 0.165625
1 0.11640625 0.634375 0.11484375 0.1828125
1 0.41171875 0.60859375 0.07265625 0.096875
1 0.30390625 0.5796875 0.121875 0.165625
1 0.31953125 0.4625 0.090625 0.1140625
1 0.403125 0.47421875 0.0765625 0.17109375
1 0.203125 0.49140625 0.121875 0.16015625
1 0.21875 0.57734375 0.08359375 0.103125
1 0.03671875 0.6 0.07265625 0.05703125
1 0.08125 0.52265625 0.10078125 0.096875
1 0.02109375 0.50546875 0.04140625 0.096875
1 0.028125 0.534375 0.028125 0.096875
1 0.11640625 0.4859375 0.059375 0.0796875
1 0.13515625 0.37734375 0.0765625 0.12578125
1 0.03671875 0.396875 0.07265625 0.10859375
1 0.05703125 0.4375 0.07265625 0.07421875
1 0.11484375 0.4796875 0.0625 0.0796875
1 0.20625 0.36015625 0.07265625 0.1140625
1 0.2671875 0.38828125 0.0625 0.0796875
1 0.31953125 0.45390625 0.090625 0.10859375
1 0.2796875 0.32265625 0.065625 0.07421875
1 0.34375 0.3625 0.0765625 0.0859375
1 0.41171875 0.34296875 0.07265625 0.1140625
1 0.80234375 0.33125 0.0765625 0.103125
1 0.7515625 0.37109375 0.059375 0.05703125
1 0.69765625 0.3828125 0.0484375 0.04609375
1 0.68203125 0.36015625 0.065625 0.06875
1 0.74453125 0.2828125 0.07265625 0.10859375
1 0.684375 0.26875 0.0625 0.1140625
1 0.625 0.28828125 0.08359375 0.096875
1 0.609375 0.2140625 0.07265625 0.0859375
1 0.61953125 0.3625 0.065625 0.0515625
1 0.496875 0.3203125 0.0765625 0.0796875
1 0.55390625 0.34296875 0.05234375 0.05703125
1 0.5125 0.25703125 0.0796875 0.1140625
1 0.56953125 0.22890625 0.028125 0.05703125
1 0.45859375 0.18828125 0.0765625 0.09140625
1 0.44765625 0.27421875 0.06953125 0.0796875
1 0.41328125 0.22578125 0.05546875 0.0859375
1 0.375 0.2484375 0.0765625 0.0859375
1 0.30546875 0.24609375 0.06953125 0.09140625