1 0.86015625 0.91484375 0.10234375 0.1578125
1 0.690625 0.8921875 0.12265625 0.134375
1 0.8078125 0.76015625 0.10546875 0.15234375
1 0.790625 0.87421875 0.0984375 0.14609375
1 0.70390625 0.775 0.0953125 0.1109375
1 0.70234375 0.68984375 0.0921875 0.10546875
1 0.7296875 0.63125 0.08515625 0.12890625
1 0.69375 0.55859375 0.0546875 0.0640625
1 0.65 0.59375 0.08828125 0.14609375
1 0.62578125 0.503125 0.0546875 0.08203125
1 0.5578125 0.4734375 0.06796875 0.09375
1 0.5953125 0.5640625 0.04765625 0.09921875
1 0.540625 0.6140625 0.0953125 0.140625
1 0.6171875 0.74296875 0.078125 0.1875
1 0.559375 0.8859375 0.0984375 0.16953125
1 0.54453125 0.73359375 0.075 0.134375
1 0.4625 0.771875 0.10234375 0.1171875
1 0.465625 0.6578125 0.08828125 0.12265625
1 0.484375 0.50546875 0.078125 0.07578125
1 0.5015625 0.5703125 0.05078125 0.0875
1 0.43046875 0.5640625 0.0984375 0.1109375
1 0.39296875 0.540625 0.0375 0.0640625
1 0.37109375 0.64609375 0.10234375 0.1109375
1 0.2875 0.65234375 0.08515625 0.1109375
1 0.30078125 0.728125 0.07109375 0.134375
1 0.37421875 0.76640625 0.075 0.140625
1 0.365625 0.89453125 0.0921875 0.140625
1 0.47109375 0.89765625 0.08515625 0.14609375
1 0.41484375 0.88046875 0.04765625 0.1109375
1 0.27890625 0.909375 0.08828125 0.1578125
1 0.22421875 0.7515625 0.08828125 0.1109375
1 0.14453125 0.84765625 0.0984375 0.12890625
1 0.23125 0.8890625 0.075 0.15234375
1 0.16875 0.7953125 0.0375 0.05859375