1 0.1 0.96171875 0.1125 0.065625
1 0.221875 0.740625 0.13125 0.21328125
1 0.26171875 0.54921875 0.13125 0.21328125
1 0.32578125 0.38515625 0.04765625 0.06015625
1 0.2875 0.284375 0.11640625 0.175
1 0.06875 0.42890625 0.1015625 0.15859375
1 0.0234375 0.7234375 0.046875 0.159375
1 0.5421875 0.62265625 0.13125 0.2078125
1 0.6546875 0.72421875 0.109375 0.08203125
1 0.765625 0.675 0.1421875 0.18046875
1 0.88359375 0.68046875 0.11640625 0.11484375
1 0.96015625 0.52734375 0.07265625 0.23515625
1 0.85234375 0.51875 0.17109375 0.284375
1 0.90390625 0.36640625 0.10546875 0.153125
1 0.84765625 0.2078125 0.1015625 0.13125
1 0.80703125 0.328125 0.13828125 0.1859375
1 0.6875 0.36875 0.16015625 0.18046875
1 0.67421875 0.5625 0.17109375 0.2296875
1 0.55078125 0.43984375 0.1421875 0.19140625
1 0.4546875 0.521875 0.1671875 0.21328125
1 0.4421875 0.38515625 0.12734375 0.08203125
1 0.5125 0.30859375 0.1015625 0.11484375
1 0.62578125 0.26484375 0.1234375 0.19140625
1 0.69453125 0.1609375 0.13828125 0.18046875
1 0.75625 0.24609375 0.0875 0.0875
1 0.56875 0.1640625 0.1125 0.1640625