1 0.9328125 0.8609375 0.12734375 0.26796875
1 0.909375 0.69140625 0.17421875 0.45390625
1 0.87265625 0.69140625 0.24765625 0.45390625
1 0.83984375 0.95078125 0.1015625 0.0875
1 0.97109375 0.3578125 0.05078125 0.25703125
1 0.834375 0.3359375 0.24375 0.37734375
1 0.7 0.521875 0.2 0.28984375
1 0.69453125 0.825 0.21796875 0.3390625
1 0.5203125 0.80078125 0.24765625 0.38828125
1 0.41484375 0.9671875 0.1671875 0.0546875
1 0.27109375 0.7953125 0.265625 0.39921875
1 0.1 0.934375 0.2 0.1203125
1 0.0765625 0.74609375 0.15234375 0.32265625
1 0.11640625 0.51875 0.2328125 0.4046875
1 0.390625 0.44296875 0.2578125 0.415625
1 0.2421875 0.48671875 0.06875 0.2515625
1 0.6328125 0.41796875 0.3125 0.38828125
1 0.66875 0.16953125 0.22578125 0.3390625
1 0.4328125 0.1828125 0.23984375 0.27890625
1 0.19453125 0.1828125 0.25078125 0.35546875
1 0.1 0.1859375 0.1125 0.2734375
1 0.02890625 0.3359375 0.0578125 0.15859375
1 0.0234375 0.1390625 0.046875 0.278125