1 0.928125 0.68203125 0.13671875 0.2484375
1 0.87734375 0.86171875 0.15078125 0.21015625
1 0.975 0.90859375 0.04296875 0.17109375
1 0.88828125 0.953125 0.00703125 0.00546875
1 0.9296875 0.978125 0.096875 0.0328125
1 0.8 0.95 0.11171875 0.08828125
1 0.728125 0.8921875 0.14765625 0.2046875
1 0.64765625 0.7234375 0.15078125 0.24296875
1 0.7265625 0.759375 0.05 0.0609375
1 0.79296875 0.6546875 0.1328125 0.2265625
1 0.890625 0.546875 0.16171875 0.26484375
1 0.95859375 0.3921875 0.07578125 0.165625
1 0.975 0.51640625 0.04296875 0.1046875
1 0.85625 0.35390625 0.165625 0.23203125
1 0.97265625 0.11015625 0.046875 0.19921875
1 0.86875 0.1328125 0.1546875 0.23203125
1 0.78046875 0.27890625 0.1078125 0.215625
1 0.78984375 0.47265625 0.0609375 0.12734375
1 0.7 0.475 0.16171875 0.24296875
1 0.6078125 0.546875 0.11484375 0.14375
1 0.584375 0.38125 0.14765625 0.19921875
1 0.69609375 0.32578125 0.0828125 0.121875
1 0.63515625 0.240625 0.0828125 0.12734375
1 0.7140625 0.190625 0.11171875 0.17109375
1 0.73125 0.0578125 0.125 0.115625
1 0.57734375 0.06640625 0.190625 0.1328125
1 0.5609375 0.17421875 0.165625 0.215625
1 0.46953125 0.38984375 0.08984375 0.1046875
1 0.50390625 0.50546875 0.08671875 0.19375
1 0.4984375 0.66328125 0.07578125 0.165625
1 0.5578125 0.74296875 0.1078125 0.2484375
1 0.584375 0.94453125 0.140625 0.09921875
1 0.5609375 0.88125 0.12265625 0.1046875
1 0.48359375 0.9171875 0.11875 0.1546875
1 0.42265625 0.73203125 0.1765625 0.259375
1 0.41171875 0.5140625 0.1328125 0.22109375
1 0.34921875 0.453125 0.15078125 0.24296875
1 0.34375 0.24296875 0.11875 0.22109375
1 0.45703125 0.32890625 0.1078125 0.0828125
1 0.4421875 0.19375 0.10078125 0.19921875
1 0.44609375 0.09375 0.09375 0.06640625
1 0.44453125 0.0359375 0.08984375 0.0609375
1 0.32578125 0.03046875 0.11171875 0.05
1 0.32890625 0.1046875 0.1046875 0.11015625
1 0.24609375 0.1515625 0.11875 0.17109375
1 0.18203125 0.071875 0.12578125 0.14375
1 0.07734375 0.14609375 0.1328125 0.18203125
1 0.0375 0.0546875 0.075 0.109375
1 0.096875 0.0328125 0.0359375 0.05546875
1 0.046875 0.29296875 0.09375 0.1875
1 0.14765625 0.309375 0.10078125 0.1328125
1 0.1765625 0.215625 0.08671875 0.14375
1 0.2515625 0.26484375 0.071875 0.06640625
1 0.2484375 0.3703125 0.11484375 0.1546875
1 0.2265625 0.54140625 0.1078125 0.165625
1 0.2859375 0.62421875 0.0828125 0.1765625
1 0.19609375 0.71796875 0.11171875 0.165625
1 0.25390625 0.81484375 0.11875 0.19375
1 0.346875 0.90625 0.14765625 0.1765625
1 0.24296875 0.95546875 0.096875 0.07734375
1 0.1203125 0.928125 0.1328125 0.1328125
1 0.15078125 0.859375 0.09375 0.12734375
1 0.06796875 0.74296875 0.1296875 0.18203125
1 0.046875 0.9171875 0.09375 0.1546875
1 0.0140625 0.8171875 0.028125 0.121875
1 0.12421875 0.6046875 0.096875 0.14921875
1 0.14375 0.45 0.11484375 0.18203125
1 0.0359375 0.46953125 0.071875 0.24296875
1 0.034375 0.62734375 0.06796875 0.09375
1 0.49765625 0.496875 0.9953125 0.99375