1 0.04609375 0.90078125 0.0921875 0.1890625
1 0.1390625 0.7625 0.278125 0.25078125
1 0.10859375 0.88984375 0.175 0.2125
1 0.20390625 0.94609375 0.07734375 0.1
1 0.05390625 0.64375 0.1078125 0.184375
1 0.16484375 0.74921875 0.14453125 0.1625
1 0.175 0.70234375 0.26796875 0.33203125
1 0.26015625 0.80078125 0.10859375 0.3515625
1 0.3171875 0.79765625 0.20078125 0.3203125
1 0.396875 0.778125 0.20625 0.34375
1 0.39921875 0.8453125 0.11875 0.1390625
1 0.50546875 0.84921875 0.11328125 0.146875
1 0.5078125 0.76484375 0.221875 0.246875
1 0.38125 0.55390625 0.11328125 0.228125
1 0.51796875 0.671875 0.221875 0.33203125
1 0.5234375 0.728125 0.0875 0.14296875
1 0.5875 0.68359375 0.134375 0.1390625
1 0.62890625 0.66640625 0.1234375 0.18125
1 0.70078125 0.70078125 0.134375 0.15078125
1 0.68046875 0.646875 0.071875 0.08125
1 0.69296875 0.615625 0.18046875 0.14296875
1 0.6703125 0.55390625 0.04140625 0.065625
1 0.6828125 0.534375 0.04609375 0.11171875
1 0.73984375 0.56015625 0.04609375 0.1390625
1 0.8171875 0.66015625 0.09765625 0.13125
1 0.79609375 0.57734375 0.0671875 0.0890625
1 0.7703125 0.5171875 0.015625 0.05390625
1 0.83984375 0.5640625 0.103125 0.115625
1 0.84765625 0.54453125 0.05703125 0.1234375
1 0.80390625 0.49609375 0.04140625 0.05
1 0.1828125 0.359375 0.365625 0.71796875
1 0.48984375 0.13515625 0.50546875 0.2703125
1 0.63125 0.2390625 0.571875 0.36328125
1 0.50234375 0.47265625 0.1390625 0.25078125
1 0.61328125 0.4578125 0.11328125 0.16640625
1 0.72421875 0.378125 0.35546875 0.17734375
1 0.925 0.5234375 0.07734375 0.14296875
1 0.9640625 0.615625 0.03125 0.0421875
1 0.9640625 0.934375 0.06171875 0.1234375