1 0.91640625 0.82578125 0.09921875 0.13046875
1 0.98125 0.8046875 0.03046875 0.109375
1 0.95234375 0.86953125 0.0875 0.05234375
1 0.8625 0.86953125 0.0765625 0.05234375
1 0.88203125 0.765625 0.09921875 0.11484375
1 0.896875 0.63046875 0.11484375 0.13515625
1 0.97109375 0.6953125 0.05 0.109375
1 0.95625 0.58828125 0.08046875 0.13515625
1 0.97890625 0.4765625 0.034375 0.13046875
1 0.92734375 0.4609375 0.09921875 0.09921875
1 0.984375 0.25546875 0.02265625 0.125
1 0.9671875 0.1640625 0.05703125 0.078125
1 0.975 0.11171875 0.0421875 0.06796875
1 0.9390625 0.07578125 0.09140625 0.078125
1 0.9484375 0.01328125 0.06484375 0.02578125
1 0.98125 0.03125 0.03046875 0.0625
1 0.1796875 0.13828125 0.10703125 0.109375
1 0.24453125 0.08046875 0.08359375 0.109375
1 0.24453125 0.8359375 0.09921875 0.13046875
1 0.33203125 0.8515625 0.10703125 0.08828125
1 0.42734375 0.84375 0.08359375 0.11484375
1 0.509375 0.86171875 0.0875 0.078125
1 0.60859375 0.86171875 0.0953125 0.06796875
1 0.71171875 0.88828125 0.0875 0.02578125
1 0.76875 0.83359375 0.11796875 0.125
1 0.76328125 0.66953125 0.11484375 0.171875
1 0.715625 0.734375 0.08046875 0.16640625
1 0.7859375 0.734375 0.10703125 0.10390625
1 0.84375 0.48671875 0.09921875 0.109375
1 0.84140625 0.38046875 0.0953125 0.11484375
1 0.92578125 0.34375 0.14140625 0.13515625
1 0.94453125 0.32265625 0.103125 0.14609375
1 0.9125 0.21875 0.11484375 0.13515625
1 0.8875 0.1953125 0.07265625 0.11953125
1 0.8328125 0.07265625 0.11875 0.1453125
1 0.8546875 0.10703125 0.0765625 0.078125
1 0.84375 0.1640625 0.0609375 0.06796875
1 0.76171875 0.16171875 0.103125 0.125
1 0.81640625 0.26015625 0.10703125 0.10390625
1 0.76171875 0.33046875 0.11796875 0.140625
1 0.77890625 0.453125 0.08359375 0.09375
1 0.78828125 0.546875 0.0953125 0.11484375
1 0.69453125 0.52109375 0.09921875 0.14609375
1 0.69453125 0.40859375 0.09140625 0.08828125
1 0.6546875 0.34375 0.0875 0.125
1 0.67578125 0.05234375 0.09921875 0.10390625
1 0.72890625 0.01328125 0.10703125 0.02578125
1 0.6390625 0.18203125 0.07265625 0.10390625
1 0.58359375 0.20859375 0.09921875 0.14609375
1 0.58984375 0.3125 0.0875 0.07265625
1 0.50546875 0.28125 0.0875 0.08359375
1 0.515625 0.34921875 0.08359375 0.11484375
1 0.5515625 0.42734375 0.08046875 0.10390625
1 0.63359375 0.43984375 0.0765625 0.06796875
1 0.61484375 0.515625 0.06875 0.09375
1 0.5765625 0.55234375 0.10703125 0.07265625
1 0.54375 0.49453125 0.0953125 0.05234375
1 0.47734375 0.5546875 0.09921875 0.15078125
1 0.56640625 0.62734375 0.0953125 0.11953125
1 0.603125 0.75546875 0.121875 0.14609375
1 0.6734375 0.82578125 0.08046875 0.11953125
1 0.9140625 0.828125 0.103125 0.13515625
1 0.65078125 0.62734375 0.0953125 0.13046875
1 0.6203125 0.52109375 0.05703125 0.09375
1 0.475 0.7109375 0.12578125 0.171875
1 0.52109375 0.78671875 0.07265625 0.08359375
1 0.4140625 0.65390625 0.0875 0.09921875
1 0.3875 0.46875 0.0875 0.11484375
1 0.46171875 0.421875 0.09921875 0.11484375
1 0.37578125 0.76015625 0.0875 0.125
1 0.26328125 0.703125 0.10703125 0.13515625
1 0.3015625 0.65859375 0.121875 0.15078125
1 0.3109375 0.765625 0.0421875 0.07265625
1 0.18125 0.88046875 0.034375 0.04140625
1 0.0421875 0.73203125 0.08359375 0.16171875
1 0.11640625 0.68515625 0.07265625 0.09921875
1 0.14921875 0.66171875 0.04609375 0.13515625
1 0.19453125 0.65625 0.08359375 0.13515625
1 0.21953125 0.5390625 0.0953125 0.13046875
1 0.19453125 0.45859375 0.0765625 0.08359375
1 0.2765625 0.46328125 0.103125 0.14609375
1 0.34765625 0.55703125 0.09140625 0.13515625
1 0.1453125 0.55703125 0.09140625 0.125
1 0.04765625 0.51796875 0.0953125 0.13046875
1 0.04375 0.609375 0.0875 0.08359375
1 0.3453125 0.4140625 0.08046875 0.09921875
1 0.35703125 0.3046875 0.0953125 0.13046875
1 0.4140625 0.32578125 0.05703125 0.08828125
1 0.41796875 0.26796875 0.034375 0.046875
1 0.4640625 0.22421875 0.103125 0.07265625
1 0.39296875 0.2109375 0.0609375 0.06796875
1 0.35703125 0.1875 0.07265625 0.08359375
1 0.4640625 0.140625 0.0953125 0.125
1 0.5421875 0.10703125 0.09921875 0.13046875
1 0.54765625 0.03671875 0.1109375 0.07265625
1 0.421875 0.10390625 0.0953125 0.125
1 0.39140625 0.0546875 0.1109375 0.08828125
1 0.4140625 0.01328125 0.0875 0.02578125
1 0.32265625 0.02109375 0.0953125 0.04140625
1 0.24765625 0.01015625 0.0921875 0.0203125
1 0.16875 0.04140625 0.0875 0.0828125
1 0.08046875 0.08359375 0.10703125 0.13515625
1 0.09140625 0.01328125 0.0765625 0.02578125
1 0.03046875 0.01328125 0.0609375 0.02578125
1 0.01328125 0.06484375 0.0265625 0.078125
1 0.01328125 0.11484375 0.0265625 0.07265625
1 0.01875 0.196875 0.0375 0.103125
1 0.06640625 0.18515625 0.0875 0.11953125
1 0.08984375 0.29921875 0.1109375 0.15078125
1 0.08046875 0.40078125 0.06875 0.0625
1 0.1203125 0.45859375 0.07265625 0.08359375
1 0.025 0.3984375 0.05 0.13046875
1 0.025 0.296875 0.05 0.11484375
1 0.16953125 0.34375 0.0875 0.11484375
1 0.18671875 0.23984375 0.11484375 0.13515625
1 0.2578125 0.203125 0.05703125 0.08359375
1 0.30546875 0.09921875 0.06875 0.07265625
1 0.28828125 0.17421875 0.0875 0.08828125
1 0.259375 0.36953125 0.09140625 0.09375
1 0.3546875 0.3046875 0.09921875 0.11953125
1 0.4984375 0.45078125 0.99609375 0.90078125