1 0.9484375 0.96171875 0.09296875 0.06953125
1 0.8734375 0.9515625 0.05703125 0.065625
1 0.809375 0.95546875 0.0828125 0.0734375
1 0.7296875 0.925 0.0671875 0.0890625
1 0.65234375 0.94765625 0.09765625 0.065625
1 0.59765625 0.96171875 0.09296875 0.05390625
1 0.5203125 0.98046875 0.071875 0.03125
1 0.70859375 0.984375 0.07734375 0.0234375
1 0.4484375 0.97265625 0.09296875 0.04609375
1 0.51015625 0.9359375 0.06171875 0.0734375
1 0.4203125 0.9171875 0.09765625 0.0578125
1 0.34765625 0.96171875 0.11875 0.06953125
1 0.24765625 0.9578125 0.11328125 0.06953125
1 0.15703125 0.95546875 0.07734375 0.065625
1 0.1265625 0.93984375 0.10859375 0.05
1 0.05703125 0.925 0.11328125 0.0578125
1 0.9203125 0.8703125 0.07734375 0.0578125
1 0.85078125 0.9015625 0.0828125 0.065625
1 0.9765625 0.85546875 0.0359375 0.065625
1 0.95859375 0.7953125 0.071875 0.06953125
1 0.8734375 0.81484375 0.0671875 0.04609375
1 0.88671875 0.7625 0.103125 0.0578125
1 0.95078125 0.7140625 0.0875 0.06171875
1 0.9359375 0.65859375 0.0875 0.05
1 0.97421875 0.61953125 0.04140625 0.034375
1 0.95078125 0.58125 0.0875 0.05
1 0.9640625 0.53671875 0.06171875 0.04609375
1 0.0515625 0.853125 0.09296875 0.07734375
1 0.134375 0.884375 0.06171875 0.05390625
1 0.21171875 0.9015625 0.0828125 0.0578125
1 0.29140625 0.90703125 0.05703125 0.04609375
1 0.34765625 0.87265625 0.07734375 0.08515625
1 0.428125 0.86484375 0.06171875 0.05390625
1 0.51015625 0.87265625 0.06171875 0.06171875
1 0.5796875 0.8109375 0.0671875 0.07734375
1 0.5515625 0.84765625 0.071875 0.0421875
1 0.5796875 0.89375 0.07734375 0.0734375
1 0.63125 0.84140625 0.05703125 0.05390625
1 0.6703125 0.878125 0.071875 0.065625
1 0.7578125 0.859375 0.0828125 0.0578125
1 0.76015625 0.7953125 0.07734375 0.06171875
1 0.825 0.79765625 0.071875 0.065625
1 0.79375 0.7390625 0.071875 0.0734375
1 0.71875 0.7453125 0.10859375 0.06953125
1 0.6671875 0.80078125 0.0875 0.0578125
1 0.6234375 0.74921875 0.071875 0.04609375
1 0.5515625 0.76484375 0.06171875 0.05390625
1 0.0078125 0.828125 0.015625 0.05
1 0.04140625 0.7609375 0.0828125 0.06171875
1 0.08515625 0.7953125 0.0671875 0.06953125
1 0.134375 0.7703125 0.0828125 0.065625
1 0.15703125 0.81484375 0.07734375 0.04609375
1 0.21171875 0.7703125 0.0828125 0.0578125
1 0.29921875 0.81640625 0.09296875 0.0578125
1 0.3015625 0.75703125 0.07734375 0.05390625
1 0.3765625 0.7546875 0.0515625 0.0578125
1 0.440625 0.753125 0.0671875 0.05390625
1 0.440625 0.79921875 0.05703125 0.03828125
1 0.5078125 0.75703125 0.04609375 0.05390625
1 0.515625 0.71796875 0.06171875 0.04609375
1 0.5828125 0.70078125 0.071875 0.065625
1 0.6546875 0.70234375 0.0515625 0.05390625
1 0.71171875 0.68125 0.06171875 0.05
1 0.7734375 0.68359375 0.0515625 0.04609375
1 0.8453125 0.64453125 0.06171875 0.04609375
1 0.85859375 0.696875 0.0875 0.0578125
1 0.8765625 0.60234375 0.09296875 0.06171875
1 0.9125 0.534375 0.071875 0.065625
1 0.8296875 0.55390625 0.0828125 0.05
1 0.9484375 0.48828125 0.06171875 0.05
1 0.9640625 0.4421875 0.06171875 0.0421875
1 0.06171875 0.70625 0.0828125 0.05390625
1 0.12890625 0.671875 0.071875 0.05390625
1 0.221875 0.671875 0.0828125 0.06171875
1 0.30390625 0.6890625 0.06171875 0.0421875
1 0.37890625 0.70625 0.07734375 0.04609375
1 0.44296875 0.70625 0.04140625 0.05390625
1 0.48203125 0.66796875 0.05703125 0.06171875
1 0.55390625 0.66953125 0.07734375 0.065625
1 0.559375 0.6140625 0.05703125 0.04609375
1 0.62109375 0.61171875 0.04609375 0.05
1 0.66015625 0.61796875 0.03125 0.04609375
1 0.7140625 0.58671875 0.05703125 0.05390625
1 0.7578125 0.61796875 0.071875 0.05390625
1 0.74765625 0.53671875 0.0515625 0.03828125
1 0.76015625 0.4328125 0.04609375 0.05390625
1 0.825 0.4 0.071875 0.065625
1 0.8609375 0.35546875 0.0828125 0.04609375
1 0.91015625 0.40546875 0.05703125 0.05390625
1 0.8890625 0.4984375 0.04609375 0.03828125
1 0.9125 0.45390625 0.071875 0.05
1 0.85859375 0.46171875 0.05703125 0.0421875
1 0.821875 0.4421875 0.0671875 0.0421875
1 0.778125 0.48046875 0.06171875 0.0421875
1 0.83515625 0.509375 0.071875 0.04609375
1 0.7140625 0.490625 0.07734375 0.05390625
1 0.6828125 0.53671875 0.0671875 0.04609375
1 0.6390625 0.48671875 0.071875 0.05390625
1 0.01796875 0.1796875 0.0359375 0.05
1 0.028125 0.22578125 0.05625 0.0421875
1 0.0234375 0.2796875 0.04609375 0.0578125
1 0.0203125 0.3390625 0.040625 0.06875
1 0.0234375 0.38828125 0.04609375 0.02734375
1 0.03359375 0.4171875 0.05703125 0.0234375
1 0.0125 0.4375 0.025 0.05
1 0.071875 0.459375 0.06171875 0.04609375
1 0.028125 0.4859375 0.05625 0.0375
1 0.01796875 0.52734375 0.0359375 0.0734375
1 0.0671875 0.53125 0.071875 0.05
1 0.0203125 0.58828125 0.040625 0.0578125
1 0.08515625 0.58671875 0.07734375 0.04609375
1 0.04140625 0.6484375 0.0828125 0.05390625
1 0.10859375 0.621875 0.071875 0.06171875
1 0.18046875 0.62734375 0.06171875 0.0578125
1 0.24453125 0.6296875 0.05703125 0.05390625
1 0.15703125 0.590625 0.0671875 0.03828125
1 0.134375 0.540625 0.0515625 0.04609375
1 0.19296875 0.52109375 0.0671875 0.05390625
1 0.21875 0.5671875 0.07734375 0.04609375
1 0.28125 0.54609375 0.0671875 0.0578125
1 0.2859375 0.596875 0.05703125 0.0578125
1 0.31953125 0.63125 0.071875 0.0421875
1 0.39921875 0.6234375 0.07734375 0.034375
1 0.3375 0.5984375 0.04609375 0.03828125
1 0.396875 0.58671875 0.06171875 0.03125
1 0.428125 0.54609375 0.06171875 0.0421875
1 0.47421875 0.58515625 0.0515625 0.034375
1 0.48203125 0.621875 0.07734375 0.03828125
1 0.49765625 0.540625 0.0671875 0.04609375
1 0.54921875 0.53828125 0.04609375 0.034375
1 0.54375 0.5734375 0.04609375 0.02734375
1 0.60546875 0.56015625 0.0359375 0.03828125
1 0.6234375 0.53671875 0.071875 0.03828125
1 0.571875 0.4828125 0.071875 0.06953125
1 0.52578125 0.42890625 0.0515625 0.03125
1 0.59765625 0.434375 0.071875 0.0421875
1 0.6546875 0.43828125 0.06171875 0.0421875
1 0.690625 0.4 0.0515625 0.0578125
1 0.75546875 0.378125 0.05703125 0.05390625
1 0.075 0.19140625 0.05703125 0.0578125
1 0.146875 0.20078125 0.0671875 0.06171875
1 0.2140625 0.20234375 0.05703125 0.05
1 0.27578125 0.21796875 0.0359375 0.0421875
1 0.321875 0.23203125 0.02578125 0.03125
1 0.365625 0.24921875 0.04140625 0.034375
1 0.4171875 0.25859375 0.03125 0.04609375
1 0.45390625 0.2375 0.0515625 0.0421875
1 0.5234375 0.2390625 0.0359375 0.03828125
1 0.559375 0.26640625 0.05703125 0.04609375
1 0.6109375 0.25078125 0.0359375 0.06171875
1 0.64140625 0.28203125 0.04609375 0.03828125
1 0.690625 0.25703125 0.0515625 0.05
1 0.75234375 0.2625 0.0515625 0.05390625
1 0.80703125 0.2796875 0.04609375 0.05
1 0.86328125 0.27421875 0.05703125 0.03828125
1 0.928125 0.29765625 0.06171875 0.04609375
1 0.96640625 0.3265625 0.05703125 0.0578125
1 0.075 0.26640625 0.0671875 0.05390625
1 0.134375 0.29375 0.071875 0.06171875
1 0.1859375 0.2546875 0.071875 0.05390625
1 0.12890625 0.24921875 0.06171875 0.05
1 0.21640625 0.30859375 0.0515625 0.04609375
1 0.265625 0.31875 0.04609375 0.0578125
1 0.24453125 0.25859375 0.05703125 0.05390625
1 0.3171875 0.31484375 0.0671875 0.0578125
1 0.39921875 0.3125 0.05703125 0.04609375
1 0.06953125 0.3453125 0.05703125 0.0421875
1 0.09765625 0.3859375 0.071875 0.05390625
1 0.14921875 0.37265625 0.0828125 0.05
1 0.1671875 0.328125 0.07734375 0.03828125
1 0.20078125 0.38828125 0.09296875 0.0578125
1 0.14453125 0.41484375 0.09296875 0.0421875
1 0.1671875 0.46171875 0.10859375 0.065625
1 0.234375 0.46171875 0.07734375 0.0421875
1 0.23203125 0.4265625 0.0515625 0.01171875
1 0.3015625 0.4328125 0.0671875 0.05390625
1 0.30703125 0.4828125 0.05703125 0.04609375
1 0.35859375 0.515625 0.05703125 0.05
1 0.4171875 0.5015625 0.0828125 0.06171875
1 0.5078125 0.4984375 0.04609375 0.03828125
1 0.45078125 0.475 0.07734375 0.04609375
1 0.37109375 0.44765625 0.06171875 0.05390625
1 0.4125 0.425 0.0515625 0.03828125
1 0.48984375 0.42265625 0.0828125 0.0421875
1 0.5203125 0.384375 0.04140625 0.05
1 0.5640625 0.36875 0.05703125 0.0578125
1 0.5828125 0.403125 0.04140625 0.0421875
1 0.634375 0.384375 0.04140625 0.05
1 0.63671875 0.33359375 0.05703125 0.0578125
1 0.68046875 0.34140625 0.04140625 0.02734375
1 0.5671875 0.31875 0.103125 0.0578125
1 0.4640625 0.2796875 0.06171875 0.0421875
1 0.48203125 0.31484375 0.0671875 0.02734375
1 0.46171875 0.38203125 0.09765625 0.04609375
1 0.4203125 0.3453125 0.0671875 0.034375
1 0.38671875 0.37265625 0.06171875 0.05
1 0.3328125 0.3921875 0.05703125 0.05
1 0.2703125 0.3859375 0.05703125 0.03828125
1 0.0671875 0.11171875 0.06171875 0.05390625
1 0.01796875 0.090625 0.0359375 0.0421875
1 0.03125 0.0640625 0.06171875 0.05
1 0.03828125 0.01875 0.0765625 0.0375
1 0.10078125 0.03828125 0.05703125 0.05390625
1 0.1703125 0.01171875 0.134375 0.0234375
1 0.18828125 0.03671875 0.09765625 0.05
1 0.18046875 0.09453125 0.09296875 0.05
1 0.25 0.09453125 0.0671875 0.0578125
1 0.3171875 0.10390625 0.07734375 0.05390625
1 0.321875 0.05234375 0.0671875 0.05
1 0.290625 0.03828125 0.0875 0.0765625
1 0.38125 0.115625 0.04140625 0.04609375
1 0.425 0.115625 0.05703125 0.05390625
1 0.4796875 0.1234375 0.06171875 0.04609375
1 0.53125 0.1078125 0.0515625 0.04609375
1 0.38125 0.06953125 0.0515625 0.04609375
1 0.35546875 0.01953125 0.071875 0.03828125
1 0.42265625 0.0234375 0.06171875 0.04609375
1 0.46171875 0.08125 0.04609375 0.04609375
1 0.528125 0.06171875 0.0875 0.06171875
1 0.51015625 0.0171875 0.0828125 0.034375
1 0.5515625 0.0171875 0.06171875 0.034375
1 0.58984375 0.01171875 0.04609375 0.0234375
1 0.61875 0.040625 0.0515625 0.034375
1 0.5953125 0.07890625 0.0671875 0.0421875
1 0.57734375 0.11953125 0.06171875 0.05390625
1 0.6671875 0.11796875 0.0671875 0.05
1 0.62109375 0.1390625 0.05703125 0.03125
1 0.734375 0.13671875 0.04609375 0.0421875
1 0.7859375 0.1484375 0.0359375 0.02734375
1 0.83515625 0.1546875 0.04140625 0.03125
1 0.90234375 0.16015625 0.0515625 0.01953125
1 0.96171875 0.16796875 0.02578125 0.00390625
1 0.925 0.13515625 0.0671875 0.04609375
1 0.96640625 0.121875 0.0359375 0.0421875
1 0.73203125 0.0890625 0.0515625 0.05390625
1 0.7734375 0.11015625 0.04140625 0.0421875
1 0.81171875 0.09296875 0.04609375 0.06171875
1 0.84765625 0.0578125 0.0359375 0.0234375
1 0.91015625 0.06953125 0.1703125 0.1390625
1 0.88125 0.0234375 0.04140625 0.04609375
1 0.64609375 0.009375 0.0453125 0.01875
1 0.690625 0.06015625 0.071875 0.0421875
1 0.71640625 0.01171875 0.06171875 0.0234375
1 0.778125 0.06015625 0.071875 0.0421875
1 0.80390625 0.01953125 0.0828125 0.03828125