1 0.90390625 0.834375 0.18515625 0.1734375
1 0.6890625 0.734375 0.3734375 0.3734375
1 0.9546875 0.62890625 0.0828125 0.24765625
1 0.2890625 0.88984375 0.26015625 0.06328125
1 0.071875 0.73125 0.14375 0.37890625
1 0.18125 0.63984375 0.3625 0.5
1 0.48125 0.45 0.3890625 0.51015625
1 0.4453125 0.73984375 0.16640625 0.1
1 0.25859375 0.1765625 0.27578125 0.35234375
1 0.39609375 0.1078125 0.12109375 0.215625
1 0.5359375 0.1 0.19609375 0.2
1 0.57578125 0.15 0.07890625 0.184375
1 0.65859375 0.11015625 0.04140625 0.17890625
1 0.64140625 0.27890625 0.06015625 0.10546875
1 0.83203125 0.37109375 0.328125 0.5
1 0.80546875 0.16015625 0.290625 0.215625
1 0.746875 0.1 0.06015625 0.2
1 0.88125 0.0765625 0.23046875 0.15234375
1 0.07578125 0.084375 0.15078125 0.16875
1 0.16015625 0.315625 0.27578125 0.315625