1 0.77890625 0.68203125 0.140625 0.19375
1 0.75546875 0.55 0.17265625 0.14921875
1 0.690625 0.61328125 0.12265625 0.19921875
1 0.76953125 0.4171875 0.13671875 0.18203125
1 0.75 0.33671875 0.2484375 0.35390625
1 0.36875 0.16015625 0.11171875 0.14375
1 0.27890625 0.21796875 0.06796875 0.19375
1 0.37265625 0.43125 0.19765625 0.25390625
1 0.5453125 0.54453125 0.16875 0.259375
1 0.63671875 0.42578125 0.13671875 0.1875
1 0.61171875 0.74609375 0.18671875 0.25390625
1 0.5125 0.834375 0.1765625 0.21015625
1 0.37421875 0.75390625 0.2734375 0.29296875
1 0.2375 0.6796875 0.1796875 0.19921875
1 0.19609375 0.61015625 0.2046875 0.17109375
1 0.2125 0.50859375 0.17265625 0.08828125
1 0.1296875 0.5140625 0.06484375 0.09921875
1 0.10625 0.56328125 0.06796875 0.08828125
1 0.1796875 0.32890625 0.18671875 0.30390625
1 0.37578125 0.43671875 0.19765625 0.24296875
1 0.359375 0.5390625 0.15859375 0.12734375
1 0.43203125 0.61328125 0.06484375 0.06640625
1 0.3671875 0.41953125 0.18671875 0.165625
1 0.49453125 0.28203125 0.40625 0.309375