1 0.79609375 0.39296875 0.17421875 0.42890625
1 0.80234375 0.55390625 0.22109375 0.39296875
1 0.84609375 0.63671875 0.20078125 0.3453125
1 0.70703125 0.371875 0.1375 0.3390625
1 0.6625 0.4703125 0.08671875 0.35703125
1 0.56171875 0.6640625 0.22734375 0.1609375
1 0.53671875 0.79453125 0.4046875 0.17265625
1 0.35625 0.6640625 0.0765625 0.1609375
1 0.45625 0.5890625 0.2375 0.29765625
1 0.5484375 0.5390625 0.146875 0.1484375
1 0.60234375 0.43125 0.053125 0.0890625
1 0.49140625 0.2765625 0.28125 0.3984375
1 0.3359375 0.2140625 0.05703125 0.0953125
1 0.3125 0.2859375 0.06328125 0.08359375
1 0.39140625 0.371875 0.1140625 0.184375
1 0.20546875 0.48828125 0.27109375 0.440625