1 0.85078125 0.92109375 0.17890625 0.146875
1 0.95625 0.9125 0.08046875 0.1640625
1 0.89296875 0.77421875 0.15078125 0.21484375
1 0.92109375 0.71484375 0.15078125 0.25390625
1 0.85234375 0.5140625 0.1828125 0.21484375
1 0.96875 0.5 0.05625 0.209375
1 0.8828125 0.3671875 0.13671875 0.203125
1 0.94765625 0.321875 0.0984375 0.203125
1 0.7 0.909375 0.14375 0.16953125
1 0.784375 0.81953125 0.0734375 0.1578125
1 0.6859375 0.7234375 0.15078125 0.22578125
1 0.79453125 0.703125 0.09453125 0.23125
1 0.73515625 0.5703125 0.0453125 0.1015625
1 0.74375 0.4125 0.13359375 0.21484375
1 0.7984375 0.321875 0.08046875 0.12421875
1 0.9015625 0.175 0.11953125 0.18046875
1 0.97734375 0.17265625 0.03828125 0.10703125
1 0.95078125 0.0765625 0.09140625 0.15234375
1 0.828125 0.0453125 0.1546875 0.090625
1 0.7984375 0.14140625 0.13671875 0.21484375
1 0.7 0.2171875 0.1296875 0.175
1 0.64765625 0.12109375 0.0875 0.15234375
1 0.66484375 0.06796875 0.1578125 0.1359375
1 0.56640625 0.09296875 0.10859375 0.1640625
1 0.63359375 0.3109375 0.1296875 0.27109375
1 0.6125 0.53359375 0.19296875 0.28828125
1 0.6 0.75390625 0.04921875 0.1296875
1 0.53359375 0.8640625 0.196875 0.26015625
1 0.3296875 0.88125 0.203125 0.22578125
1 0.39453125 0.75703125 0.13671875 0.21484375
1 0.49296875 0.675 0.16484375 0.2203125
1 0.46171875 0.53359375 0.1015625 0.11875
1 0.50546875 0.33359375 0.196875 0.35
1 0.52265625 0.17265625 0.13359375 0.09609375
1 0.4421875 0.1046875 0.140625 0.209375
1 0.2421875 0.790625 0.1828125 0.30546875
1 0.084375 0.9296875 0.16875 0.1296875
1 0.2015625 0.96640625 0.06640625 0.05625
1 0.0546875 0.94609375 0.10859375 0.09609375
1 0.0578125 0.83046875 0.115625 0.1359375
1 0.10703125 0.84453125 0.115625 0.14140625
1 0.03359375 0.734375 0.06640625 0.07890625
1 0.06640625 0.65546875 0.1328125 0.2484375
1 0.11953125 0.4125 0.16875 0.27109375
1 0.24921875 0.5171875 0.17578125 0.265625
1 0.36328125 0.559375 0.09453125 0.21484375
1 0.4015625 0.4265625 0.06640625 0.14140625
1 0.40546875 0.24609375 0.0734375 0.09609375
1 0.3125 0.31640625 0.1828125 0.2828125
1 0.203125 0.3390625 0.04921875 0.11328125
1 0.07578125 0.24609375 0.0734375 0.084375
1 0.028125 0.31328125 0.05625 0.18671875
1 0.01953125 0.471875 0.03828125 0.1296875
1 0.15078125 0.63828125 0.084375 0.1578125
1 0.0140625 0.18359375 0.028125 0.09609375
1 0.06328125 0.1015625 0.1265625 0.203125
1 0.2 0.1578125 0.1828125 0.2375
1 0.32421875 0.12109375 0.12265625 0.14140625
1 0.2515625 0.04765625 0.2375 0.0953125