1 0.8625 0.54921875 0.16640625 0.27890625
1 0.67734375 0.13359375 0.1015625 0.21328125
1 0.7375 0.2046875 0.03984375 0.07109375
1 0.74453125 0.2265625 0.06171875 0.15859375
1 0.7734375 0.33046875 0.09765625 0.09296875
1 0.8171875 0.35234375 0.09765625 0.12578125
1 0.81484375 0.4046875 0.09453125 0.109375
1 0.74609375 0.5625 0.10859375 0.2078125
1 0.7609375 0.62265625 0.0578125 0.0875
1 0.72109375 0.67734375 0.0359375 0.0765625
1 0.61015625 0.49453125 0.2140625 0.11484375
1 0.68828125 0.37734375 0.15234375 0.1203125
1 0.71171875 0.29765625 0.090625 0.12578125
1 0.46015625 0.28125 0.4640625 0.27890625
1 0.4640625 0.16640625 0.340625 0.16953125
1 0.2515625 0.27890625 0.20625 0.2625
1 0.25703125 0.4375 0.0578125 0.109375
1 0.24453125 0.53828125 0.0328125 0.08203125
1 0.17578125 0.5109375 0.1046875 0.14765625
1 0.14296875 0.63671875 0.1125 0.15859375
1 0.06015625 0.584375 0.07578125 0.109375
1 0.2265625 0.6609375 0.090625 0.1421875
1 0.2609375 0.584375 0.05078125 0.109375
1 0.30234375 0.671875 0.06875 0.1421875
1 0.384375 0.7921875 0.15234375 0.0984375
1 0.3640625 0.7046875 0.11953125 0.1640625
1 0.58359375 0.7734375 0.10859375 0.23515625
1 0.5125 0.76484375 0.046875 0.13125
1 0.61953125 0.7484375 0.07265625 0.1640625
1 0.62109375 0.68046875 0.00390625 0.00546875
1 0.66875 0.7046875 0.06875 0.0546875
1 0.740625 0.56796875 0.1046875 0.2734375
1 0.646875 0.60625 0.11953125 0.240625
1 0.5203125 0.64453125 0.1921875 0.1859375
1 0.453125 0.54609375 0.1015625 0.109375
1 0.46015625 0.4125 0.1375 0.14765625
1 0.53984375 0.3828125 0.0578125 0.0984375
1 0.603125 0.41015625 0.07578125 0.065625
1 0.34609375 0.521875 0.1125 0.18046875
1 0.29140625 0.4671875 0.1125 0.11484375