1 0.2328125 0.69140625 0.04375 0.06015625
1 0.2671875 0.67734375 0.03984375 0.0546875
1 0.30546875 0.64453125 0.04375 0.0546875
1 0.33125 0.63125 0.03671875 0.04921875
1 0.36328125 0.609375 0.03671875 0.04921875
1 0.390625 0.60390625 0.02578125 0.03828125
1 0.4015625 0.58203125 0.0328125 0.03828125
1 0.2015625 0.671875 0.0328125 0.04375
1 0.165625 0.6828125 0.03984375 0.0546875
1 0.46875 0.540625 0.02890625 0.04375
1 0.44921875 0.51328125 0.0328125 0.021875
1 0.43984375 0.53828125 0.02890625 0.03828125
1 0.4421875 0.5625 0.02578125 0.0328125
1 0.421875 0.58203125 0.021875 0.03828125
1 0.41796875 0.540625 0.021875 0.04375
1 0.40546875 0.50234375 0.0328125 0.021875
1 0.3984375 0.55703125 0.02578125 0.0328125
1 0.365625 0.57109375 0.03984375 0.02734375
1 0.35078125 0.5546875 0.0328125 0.04921875
1 0.37109375 0.51875 0.03671875 0.021875
1 0.3890625 0.540625 0.03671875 0.0328125
1 0.36875 0.4921875 0.0328125 0.0328125
1 0.3203125 0.57109375 0.02890625 0.03828125
1 0.32890625 0.5984375 0.03984375 0.02734375
1 0.27265625 0.584375 0.02890625 0.0546875
1 0.29296875 0.60390625 0.02578125 0.03828125
1 0.24765625 0.609375 0.03671875 0.04921875
1 0.2765625 0.63125 0.01484375 0.03828125
1 0.24921875 0.64765625 0.03984375 0.02734375
1 0.33984375 0.48359375 0.02578125 0.03828125
1 0.309375 0.49453125 0.02890625 0.02734375
1 0.2890625 0.4890625 0.01796875 0.03828125
1 0.2234375 0.47578125 0.0328125 0.0328125
1 0.20546875 0.50546875 0.0328125 0.02734375
1 0.1671875 0.49453125 0.021875 0.02734375
1 0.190625 0.4890625 0.01796875 0.02734375
1 0.21484375 0.6421875 0.02890625 0.03828125
1 0.221875 0.60625 0.04375 0.04375
1 0.23125 0.57109375 0.0328125 0.02734375
1 0.17265625 0.58203125 0.0328125 0.03828125
1 0.1984375 0.59296875 0.02578125 0.04921875
1 0.2015625 0.54609375 0.0328125 0.0328125
1 0.17265625 0.63671875 0.0546875 0.06015625
1 0.13125 0.66640625 0.03671875 0.065625
1 0.0984375 0.6609375 0.02890625 0.0546875
1 0.0765625 0.6640625 0.021875 0.03828125
1 0.04765625 0.65 0.02890625 0.04375
1 0.02734375 0.63125 0.02578125 0.04921875
1 0.009375 0.6203125 0.01796875 0.04921875
1 0.0125 0.57890625 0.025 0.0328125
1 0.03828125 0.58984375 0.04765625 0.0328125
1 0.05625 0.61484375 0.0328125 0.03828125
1 0.09296875 0.6171875 0.03984375 0.04375
1 0.13671875 0.60625 0.04765625 0.065625
1 0.0453125 0.5546875 0.03984375 0.03828125
1 0.090625 0.584375 0.04375 0.021875
1 0.09296875 0.54921875 0.04765625 0.03828125
1 0.1671875 0.5515625 0.021875 0.021875
1 0.13671875 0.5625 0.03984375 0.021875
1 0.1328125 0.51875 0.0328125 0.0328125
1 0.16171875 0.52421875 0.0328125 0.021875
1 0.1328125 0.53515625 0.0328125 0.021875
1 0.47109375 0.50546875 0.12734375 0.09296875
1 0.521875 0.48125 0.1203125 0.0765625
1 0.55234375 0.45625 0.1015625 0.09296875
1 0.66171875 0.4015625 0.03671875 0.03828125
1 0.64921875 0.4453125 0.04765625 0.03828125
1 0.93828125 0.4015625 0.01484375 0.02734375
1 0.91640625 0.40703125 0.01484375 0.01640625
1 0.909375 0.37734375 0.01484375 0.0109375
1 0.91796875 0.39609375 0.01796875 0.01640625
1 0.8875 0.41015625 0.021875 0.0109375
1 0.90390625 0.4015625 0.0109375 0.01640625
1 0.890625 0.39375 0.021875 0.021875
1 0.87265625 0.40703125 0.01484375 0.02734375
1 0.92890625 0.54609375 0.134375 0.0546875
1 0.98515625 0.60078125 0.021875 0.0109375
1 0.96171875 0.5984375 0.0109375 0.01640625
1 0.98515625 0.62265625 0.021875 0.021875
1 0.9671875 0.63125 0.021875 0.02734375
1 0.96875 0.6640625 0.02578125 0.03828125
1 0.990625 0.65 0.0109375 0.021875
1 0.95078125 0.65546875 0.0109375 0.021875
1 0.934375 0.653125 0.021875 0.02734375
1 0.9125 0.653125 0.01484375 0.01640625
1 0.890625 0.64453125 0.01484375 0.021875
1 0.87421875 0.65 0.0109375 0.021875
1 0.85625 0.6421875 0.01796875 0.02734375
1 0.94375 0.6859375 0.01796875 0.01640625
1 0.93125 0.6828125 0.01484375 0.0109375
1 0.91484375 0.67734375 0.02578125 0.0109375
1 0.9453125 0.628125 0.021875 0.021875
1 0.9421875 0.60078125 0.01484375 0.021875
1 0.92578125 0.59296875 0.0109375 0.01640625
1 0.92734375 0.6171875 0.01484375 0.021875
1 0.909375 0.584375 0.01484375 0.021875
1 0.9109375 0.61484375 0.01796875 0.02734375
1 0.890625 0.59296875 0.01484375 0.02734375
1 0.9 0.6203125 0.01796875 0.02734375
1 0.8765625 0.57890625 0.01484375 0.021875
1 0.878125 0.60625 0.01796875 0.0328125
1 0.86171875 0.61171875 0.01484375 0.021875
1 0.86328125 0.58203125 0.0109375 0.02734375