1 0.85 0.80390625 0.29140625 0.38203125
1 0.778125 0.59453125 0.15546875 0.2359375
1 0.840625 0.49765625 0.1890625 0.18828125
1 0.9109375 0.54453125 0.05703125 0.19921875
1 0.95078125 0.52109375 0.090625 0.25625
1 0.9 0.40078125 0.1171875 0.09921875
1 0.9 0.3140625 0.09453125 0.1046875
1 0.79765625 0.340625 0.0796875 0.15703125
1 0.7578125 0.290625 0.053125 0.18359375
1 0.81640625 0.21953125 0.0640625 0.08359375
1 0.74453125 0.1203125 0.11015625 0.05234375
1 0.80859375 0.23046875 0.1328125 0.178125
1 0.884375 0.2484375 0.1859375 0.30859375
1 0.9640625 0.321875 0.0640625 0.21484375
1 0.69296875 0.08125 0.38671875 0.1625
1 0.5546875 0.0890625 0.1625 0.146875
1 0.5703125 0.19375 0.0875 0.08359375
1 0.5625 0.228125 0.1625 0.14140625
1 0.57578125 0.5234375 0.31796875 0.88984375
1 0.60625 0.86875 0.159375 0.2515625
1 0.721875 0.8484375 0.13984375 0.29296875
1 0.846875 0.80390625 0.29921875 0.38203125
1 0.1078125 0.88984375 0.215625 0.209375
1 0.08125 0.80625 0.04921875 0.19921875
1 0.16484375 0.77734375 0.1859375 0.1515625
1 0.1515625 0.69609375 0.053125 0.08359375
1 0.221875 0.678125 0.04140625 0.0890625
1 0.11015625 0.31640625 0.18203125 0.340625
1 0.24453125 0.39765625 0.04921875 0.23046875
1 0.259375 0.17265625 0.071875 0.3453125
1 0.1515625 0.12578125 0.1515625 0.1046875
1 0.19140625 0.19375 0.0875 0.08359375
1 0.33671875 0.159375 0.4015625 0.31875
1 0.45234375 0.1515625 0.071875 0.12578125
1 0.33515625 0.403125 0.11015625 0.209375
1 0.07734375 0.23046875 0.1546875 0.4609375
1 0.08359375 0.58125 0.16640625 0.32421875
1 0.19140625 0.56796875 0.34453125 0.51796875
1 0.2484375 0.92109375 0.0796875 0.146875
1 0.4375 0.8640625 0.20078125 0.26171875
1 0.3921875 0.68046875 0.3375 0.628125
1 0.4453125 0.38515625 0.1328125 0.14140625
1 0.51875 0.32421875 0.159375 0.1359375
1 0.1625 0.32421875 0.11328125 0.1046875
1 0.4984375 0.49765625 0.99609375 0.99453125