1 0.77421875 0.9296875 0.12734375 0.12890625
1 0.69296875 0.86484375 0.1625 0.15703125
1 0.88125 0.90703125 0.2296875 0.17421875
1 0.68359375 0.95234375 0.0671875 0.084375
1 0.5 0.803125 0.3640625 0.38203125
1 0.42578125 0.803125 0.37109375 0.38203125
1 0.1328125 0.59296875 0.26484375 0.4546875
1 0.215625 0.87109375 0.240625 0.190625
1 0.053125 0.71328125 0.10625 0.25859375
1 0.1609375 0.92734375 0.321875 0.13515625
1 0.04453125 0.8171875 0.08828125 0.23046875
1 0.1234375 0.4859375 0.134375 0.36484375
1 0.22578125 0.6125 0.1484375 0.2921875
1 0.24375 0.5140625 0.22578125 0.21875
1 0.18203125 0.584375 0.3640625 0.7640625
1 0.21171875 0.253125 0.1203125 0.190625
1 0.29140625 0.309375 0.0671875 0.14609375
1 0.3625 0.32265625 0.07421875 0.140625
1 0.43828125 0.33671875 0.08515625 0.1796875
1 0.36953125 0.2046875 0.07421875 0.11796875
1 0.24921875 0.17109375 0.11640625 0.12890625
1 0.271875 0.12109375 0.078125 0.0953125
1 0.36015625 0.1125 0.09921875 0.10078125
1 0.35859375 0.03671875 0.0953125 0.07265625
1 0.45546875 0.03671875 0.09921875 0.07265625
1 0.5125 0.17109375 0.2046875 0.24140625
1 0.4046875 0.54765625 0.10234375 0.2078125
1 0.4296875 0.4296875 0.0953125 0.06171875
1 0.32890625 0.46328125 0.134375 0.1515625
1 0.5 0.66875 0.08828125 0.16875
1 0.60625 0.753125 0.1375 0.190625
1 0.87421875 0.77265625 0.1375 0.17421875
1 0.971875 0.83125 0.04921875 0.10078125
1 0.8109375 0.71640625 0.14453125 0.2078125
1 0.9453125 0.640625 0.10234375 0.303125
1 0.88671875 0.5171875 0.1203125 0.28125
1 0.92421875 0.40703125 0.10234375 0.21875
1 0.984375 0.390625 0.025 0.21875
1 0.8921875 0.18515625 0.18046875 0.26953125
1 0.9609375 0.1546875 0.0703125 0.253125
1 0.878125 0.04765625 0.13046875 0.0953125
1 0.9609375 0.03125 0.0703125 0.06171875
1 0.7421875 0.09296875 0.1765625 0.18515625
1 0.64140625 0.12890625 0.109375 0.21328125
1 0.57578125 0.04765625 0.15546875 0.0953125
1 0.73515625 0.03359375 0.1765625 0.0671875
1 0.59375 0.40703125 0.22578125 0.34296875
1 0.71875 0.44375 0.13046875 0.21328125
1 0.73359375 0.59296875 0.1734375 0.23046875
1 0.62578125 0.66328125 0.1765625 0.26953125
1 0.53203125 0.4828125 0.13046875 0.21328125
1 0.52265625 0.36484375 0.08515625 0.1796875
1 0.49609375 0.496875 0.08828125 0.1515625
1 0.5921875 0.1375 0.0671875 0.0953125
1 0.3671875 0.1828125 0.11328125 0.10703125
1 0.24453125 0.0671875 0.1515625 0.134375
1 0.13046875 0.17421875 0.08515625 0.07890625
1 0.125 0.12890625 0.25 0.2578125