1 0.1453125 0.05703125 0.0921875 0.08125
1 0.19296875 0.02421875 0.12109375 0.0484375
1 0.25546875 0.0375 0.0625 0.05390625
1 0.325 0.1296875 0.1140625 0.1625
1 0.2703125 0.140625 0.0921875 0.1515625
1 0.2203125 0.121875 0.0515625 0.13515625
1 0.18203125 0.15390625 0.084375 0.15703125
1 0.08984375 0.1625 0.12890625 0.140625
1 0.05703125 0.10546875 0.0921875 0.10234375
1 0.0203125 0.17265625 0.040625 0.1078125
1 0.07734375 0.0328125 0.125 0.06484375
1 0.74453125 0.0671875 0.1359375 0.11328125
1 0.8546875 0.08125 0.040625 0.04296875
1 0.87890625 0.07578125 0.04375 0.05390625
1 0.85859375 0.11640625 0.0328125 0.0484375
1 0.821875 0.0921875 0.0328125 0.05390625
1 0.82734375 0.1296875 0.0296875 0.0328125
1 0.78828125 0.1109375 0.02578125 0.02734375
1 0.80703125 0.14296875 0.02578125 0.02734375
1 0.95625 0.140625 0.08125 0.09765625
1 0.91015625 0.26484375 0.165625 0.20546875
1 0.928125 0.33515625 0.1359375 0.18359375
1 0.9703125 0.41875 0.0515625 0.08125
1 0.91875 0.5484375 0.1546875 0.2328125
1 0.83671875 0.48359375 0.14375 0.2328125
1 0.7921875 0.440625 0.12890625 0.2328125
1 0.97265625 0.6890625 0.04765625 0.08125
1 0.9875 0.73515625 0.01875 0.0328125
1 0.946875 0.821875 0.09921875 0.28125
1 0.84375 0.98671875 0.29765625 0.01640625
1 0.825 0.94609375 0.26875 0.09765625
1 0.80859375 0.85703125 0.271875 0.10234375
1 0.7921875 0.79453125 0.29765625 0.08671875
1 0.7828125 0.73515625 0.25703125 0.1078125
1 0.76640625 0.67265625 0.26875 0.11328125
1 0.7 0.67265625 0.22421875 0.12421875
1 0.675 0.62734375 0.290625 0.1296875
1 0.5609375 0.71640625 0.0625 0.0484375
1 0.61796875 0.70234375 0.0515625 0.06484375
1 0.6265625 0.7703125 0.06953125 0.0703125
1 0.62890625 0.81640625 0.03671875 0.07578125
1 0.62109375 0.8671875 0.0515625 0.059375
1 0.646875 0.89765625 0.05859375 0.06484375
1 0.6875 0.94296875 0.03671875 0.059375
1 0.58984375 0.84609375 0.05546875 0.10234375
1 0.5609375 0.7890625 0.09921875 0.1078125
1 0.49296875 0.7296875 0.08125 0.11875
1 0.52578125 0.6375 0.16171875 0.08671875
1 0.4984375 0.6 0.18046875 0.1515625
1 0.428125 0.7078125 0.084375 0.11875
1 0.35078125 0.9625 0.25390625 0.06484375
1 0.3 0.9109375 0.3421875 0.1671875
1 0.1140625 0.98125 0.0515625 0.02734375
1 0.2625 0.8328125 0.32734375 0.2375
1 0.07890625 0.92421875 0.084375 0.11875
1 0.0921875 0.8296875 0.0734375 0.08125
1 0.12890625 0.77265625 0.06640625 0.06484375
1 0.19140625 0.75703125 0.0515625 0.0328125
1 0.0921875 0.75390625 0.0515625 0.0484375
1 0.05 0.7921875 0.06953125 0.08125
1 0.01875 0.82734375 0.03671875 0.08671875
1 0.0296875 0.8890625 0.05859375 0.08125
1 0.3625 0.6921875 0.07734375 0.05390625
1 0.375 0.61875 0.0734375 0.0921875
1 0.3859375 0.5671875 0.08125 0.04296875
1 0.325 0.60234375 0.0625 0.11328125
1 0.39921875 0.5 0.084375 0.08125
1 0.45625 0.51328125 0.08828125 0.1078125
1 0.48125 0.4328125 0.05859375 0.06484375
1 0.5125 0.38671875 0.0625 0.059375
1 0.5296875 0.42734375 0.0515625 0.06484375
1 0.5734375 0.4484375 0.13984375 0.1515625
1 0.65078125 0.50234375 0.11796875 0.1078125
1 0.675 0.521875 0.10625 0.13515625
1 0.6859375 0.40234375 0.1359375 0.14609375
1 0.80859375 0.29453125 0.03671875 0.059375
1 0.79375 0.25390625 0.04375 0.09765625
1 0.7484375 0.22421875 0.0328125 0.12421875
1 0.7296875 0.2515625 0.0328125 0.059375
1 0.71328125 0.21875 0.03671875 0.0703125
1 0.66328125 0.28671875 0.084375 0.09765625
1 0.7 0.31640625 0.0625 0.0703125
1 0.7515625 0.30234375 0.06953125 0.05390625
1 0.62890625 0.3625 0.11796875 0.1078125
1 0.571875 0.3625 0.06953125 0.09765625
1 0.5109375 0.31875 0.13203125 0.11875
1 0.50546875 0.359375 0.09921875 0.0921875
1 0.4046875 0.4375 0.11015625 0.140625
1 0.36015625 0.44609375 0.0953125 0.15703125
1 0.321875 0.42734375 0.0328125 0.04296875
1 0.290625 0.49765625 0.06640625 0.06484375
1 0.29375 0.5484375 0.06640625 0.0375
1 0.25 0.5296875 0.0734375 0.05390625
1 0.21328125 0.58125 0.0515625 0.0375
1 0.259375 0.5484375 0.12109375 0.11328125
1 0.2609375 0.58359375 0.11796875 0.11875
1 0.271875 0.6296875 0.04375 0.0484375
1 0.521875 0.240625 0.1546875 0.13515625
1 0.5921875 0.21640625 0.1546875 0.0328125
1 0.6046875 0.23515625 0.165625 0.0484375
1 0.625 0.259375 0.13203125 0.06484375
1 0.45234375 0.31640625 0.021875 0.02734375
1 0.3734375 0.3671875 0.12890625 0.07578125
1 0.41875 0.36484375 0.0515625 0.02734375
1 0.19140625 0.47578125 0.0515625 0.0328125
1 0.25546875 0.45390625 0.1140625 0.04296875
1 0.1875 0.50546875 0.04375 0.02734375
1 0.17109375 0.5375 0.040625 0.02734375
1 0.19140625 0.55703125 0.05859375 0.05390625
1 0.7609375 0.1109375 0.021875 0.01640625
1 0.7703125 0.13515625 0.02578125 0.0328125
1 0.759375 0.1671875 0.0328125 0.04296875
1 0.73515625 0.1078125 0.0296875 0.0328125
1 0.728125 0.14609375 0.0296875 0.0328125
1 0.71484375 0.17578125 0.01875 0.01640625
1 0.696875 0.140625 0.0328125 0.04296875
1 0.69453125 0.17265625 0.021875 0.0328125
1 0.66875 0.14296875 0.021875 0.02734375
1 0.675 0.18671875 0.02578125 0.0375
1 0.66171875 0.08671875 0.08125 0.07578125
1 0.64375 0.16484375 0.0296875 0.059375
1 0.540625 0.09765625 0.1546875 0.1296875
1 0.44296875 0.140625 0.04765625 0.05390625
1 0.4359375 0.1671875 0.040625 0.05390625
1 0.48359375 0.178125 0.0625 0.08671875
1 0.51875 0.18359375 0.03671875 0.04296875
1 0.54375 0.16484375 0.021875 0.0375
1 0.5609375 0.15703125 0.02578125 0.0328125
1 0.5953125 0.16484375 0.03671875 0.0484375
1 0.615625 0.1703125 0.0328125 0.0484375
1 0.63984375 0.18125 0.01484375 0.02734375
1 0.46484375 0.2375 0.07734375 0.08671875
1 0.37890625 0.36484375 0.13203125 0.059375
1 0.321875 0.3484375 0.05546875 0.02734375
1 0.04765625 0.3515625 0.0296875 0.021875
1 0.075 0.3625 0.02578125 0.0109375
1 0.09765625 0.359375 0.01875 0.01640625
1 0.1125 0.3515625 0.0109375 0.0109375
1 0.0125 0.35859375 0.025 0.0171875
1 0.01875 0.4 0.03671875 0.05390625
1 0.04609375 0.40234375 0.0328125 0.0484375
1 0.071875 0.4109375 0.0328125 0.05390625
1 0.1125 0.41640625 0.06953125 0.07578125
1 0.14921875 0.40234375 0.0328125 0.0375
1 0.175 0.41640625 0.04765625 0.05390625
1 0.2078125 0.39765625 0.04765625 0.0375
1 0.24453125 0.37578125 0.040625 0.0375
1 0.290625 0.3703125 0.0515625 0.02734375
1 0.28515625 0.39453125 0.040625 0.0328125
1 0.28671875 0.42421875 0.03671875 0.01640625
1 0.2390625 0.4078125 0.03671875 0.02734375
1 0.2484375 0.42421875 0.02578125 0.01640625
1 0.20390625 0.42734375 0.02578125 0.021875
1 0.1765625 0.44609375 0.0296875 0.01640625
1 0.146875 0.44609375 0.03671875 0.02734375
1 0.103125 0.459375 0.04375 0.04296875
1 0.134375 0.48359375 0.040625 0.0375
1 0.15078125 0.49765625 0.0296875 0.0328125
1 0.13984375 0.540625 0.0296875 0.04296875
1 0.115625 0.51640625 0.0328125 0.059375
1 0.0734375 0.4890625 0.04375 0.0484375
1 0.08984375 0.50546875 0.040625 0.0375
1 0.05703125 0.47578125 0.04765625 0.05390625
1 0.03671875 0.4515625 0.03671875 0.0484375
1 0.01484375 0.45390625 0.0296875 0.04296875