1 0.70703125 0.546875 0.3640625 0.528125
1 0.70859375 0.30859375 0.125 0.00546875
1 0.6125 0.296875 0.1390625 0.09453125
1 0.57890625 0.81640625 0.04296875 0.03359375
1 0.25390625 0.5359375 0.37109375 0.51640625
1 0.2625 0.81640625 0.10390625 0.06640625
1 0.36953125 0.803125 0.075 0.028125
1 0.1515625 0.803125 0.075 0.028125
1 0.4375 0.5640625 0.03203125 0.2390625
1 0.19140625 0.271875 0.09609375 0.05546875
1 0.28359375 0.2640625 0.06796875 0.0390625
1 0.3765625 0.271875 0.08203125 0.04453125
1 0.2375 0.25 0.2390625 0.06640625