1 0.96640625 0.77109375 0.06015625 0.24375
1 0.98359375 0.88984375 0.0265625 0.04140625
1 0.9734375 0.94921875 0.046875 0.0890625
1 0.91640625 0.88125 0.08671875 0.1546875
1 0.86484375 0.92265625 0.14296875 0.14296875
1 0.9046875 0.69609375 0.1234375 0.2140625
1 0.8203125 0.83046875 0.08671875 0.2203125
1 0.09140625 0.92265625 0.1296875 0.14296875
1 0.40703125 0.60390625 0.13359375 0.17265625
1 0.49296875 0.68125 0.09296875 0.125
1 0.58515625 0.81875 0.103125 0.2203125
1 0.6296875 0.92890625 0.10703125 0.13125
1 0.66484375 0.85390625 0.0703125 0.1015625
1 0.66015625 0.74375 0.13984375 0.17890625
1 0.53984375 0.95234375 0.06640625 0.08359375
1 0.496875 0.89296875 0.0734375 0.14296875
1 0.396875 0.83359375 0.0734375 0.17890625
1 0.46640625 0.7890625 0.0796875 0.13671875
1 0.203125 0.5953125 0.146875 0.17890625
1 0.16484375 0.67265625 0.0703125 0.0953125
1 0.3046875 0.628125 0.0703125 0.1609375
1 0.33359375 0.7140625 0.046875 0.07109375
1 0.23828125 0.44921875 0.0765625 0.11328125
1 0.321875 0.4671875 0.096875 0.184375
1 0.41171875 0.42265625 0.103125 0.17890625
1 0.45703125 0.45546875 0.1203125 0.20859375
1 0.53203125 0.621875 0.08359375 0.125
1 0.571875 0.55625 0.08984375 0.13671875
1 0.60703125 0.621875 0.08671875 0.125
1 0.71015625 0.6484375 0.0796875 0.13125
1 0.74296875 0.5265625 0.08671875 0.1484375
1 0.753125 0.42265625 0.0734375 0.0953125
1 0.78359375 0.38671875 0.053125 0.10703125
1 0.78984375 0.29765625 0.053125 0.13125
1 0.7984375 0.2234375 0.08984375 0.1484375
1 0.73203125 0.29765625 0.0765625 0.1546875
1 0.7265625 0.1875 0.046875 0.0890625
1 0.671875 0.1609375 0.0765625 0.13125
1 0.64140625 0.2828125 0.096875 0.17265625
1 0.6546875 0.3984375 0.103125 0.16640625
1 0.3234375 0.3125 0.09296875 0.1609375
1 0.275 0.36875 0.04296875 0.10703125
1 0.40859375 0.29765625 0.0765625 0.0953125
1 0.471875 0.29765625 0.0703125 0.17890625
1 0.53828125 0.30625 0.103125 0.1609375
1 0.56015625 0.18125 0.08671875 0.125
1 0.6046875 0.11875 0.0703125 0.14296875
1 0.5515625 0.06875 0.0703125 0.11328125
1 0.48515625 0.13125 0.06328125 0.0953125
1 0.4984375 0.190625 0.04296875 0.059375
1 0.4296875 0.19609375 0.0734375 0.11875
1 0.38359375 0.13671875 0.0734375 0.10703125
1 0.43671875 0.08359375 0.11328125 0.10703125
1 0.35859375 0.23203125 0.0703125 0.08359375