1 0.9421875 0.9015625 0.109375 0.1859375
1 0.89296875 0.71875 0.19296875 0.32265625
1 0.78359375 0.5 0.309375 0.44296875
1 0.8 0.2734375 0.16015625 0.1203125
1 0.67109375 0.16640625 0.221875 0.25703125
1 0.61484375 0.30078125 0.1453125 0.0765625
1 0.56875 0.41015625 0.2 0.2078125
1 0.51484375 0.60390625 0.2796875 0.43203125
1 0.70546875 0.759375 0.1890625 0.2515625
1 0.65078125 0.87734375 0.22578125 0.23515625
1 0.81796875 0.934375 0.1671875 0.1203125
1 0.4109375 0.86640625 0.21796875 0.25703125
1 0.28359375 0.675 0.26171875 0.38828125
1 0.3125 0.40703125 0.23984375 0.24609375
1 0.38515625 0.240625 0.2109375 0.21875
1 0.1796875 0.40703125 0.1125 0.13671875
1 0.4546875 0.36328125 0.07265625 0.07109375
1 0.1015625 0.559375 0.203125 0.35625
1 0.065625 0.8609375 0.13125 0.26796875
1 0.21796875 0.9234375 0.19609375 0.1421875
1 0.13984375 0.80625 0.06875 0.15859375