1 0.7984375 0.61015625 0.31640625 0.55390625
1 0.95859375 0.69609375 0.0765625 0.35703125
1 0.9234375 0.49375 0.146875 0.29765625
1 0.93515625 0.20859375 0.1234375 0.39296875
1 0.88359375 0.125 0.16015625 0.2265625
1 0.7515625 0.2828125 0.25 0.375
1 0.61015625 0.3515625 0.08671875 0.26171875
1 0.5 0.440625 0.246875 0.41640625
1 0.36484375 0.48515625 0.16328125 0.3390625
1 0.16640625 0.809375 0.3328125 0.36875
1 0.36015625 0.9078125 0.06640625 0.17265625
1 0.65703125 0.8125 0.30703125 0.36328125
1 0.5765625 0.61640625 0.11328125 0.125
1 0.59140625 0.128125 0.1765625 0.25625
1 0.778125 0.0625 0.196875 0.125
1 0.428125 0.1546875 0.21640625 0.309375
1 0.38515625 0.05390625 0.18359375 0.10703125
1 0.26640625 0.20234375 0.11328125 0.20234375
1 0.18671875 0.0984375 0.2265625 0.19609375
1 0.11484375 0.5328125 0.08984375 0.184375
1 0.0796875 0.5921875 0.159375 0.25625