1 0.8046875 0.85078125 0.26640625 0.28828125
1 0.95390625 0.9046875 0.08515625 0.18046875
1 0.3765625 0.85546875 0.36640625 0.278125
1 0.62734375 0.96875 0.15859375 0.0515625
1 0.096875 0.96875 0.19296875 0.0515625
1 0.671875 0.49765625 0.19296875 0.25234375
1 0.8203125 0.45390625 0.18125 0.21640625
1 0.92890625 0.5796875 0.13515625 0.2421875
1 0.86875 0.7140625 0.1546875 0.221875
1 0.69921875 0.70625 0.17734375 0.20625
1 0.57109375 0.71875 0.1390625 0.221875
1 0.64296875 0.9125 0.0890625 0.103125
1 0.48046875 0.5203125 0.18125 0.2375
1 0.38203125 0.675 0.20859375 0.16484375
1 0.14296875 0.721875 0.23203125 0.29921875
1 0.0671875 0.88359375 0.134375 0.1390625
1 0.065625 0.45625 0.13125 0.21171875
1 0.025 0.6390625 0.05 0.1546875
1 0.228125 0.515625 0.1625 0.175
1 0.37265625 0.471875 0.13515625 0.21171875
1 0.45546875 0.34765625 0.08515625 0.10859375
1 0.5828125 0.29609375 0.18515625 0.2421875
1 0.696875 0.1625 0.11953125 0.1703125
1 0.83046875 0.221875 0.18515625 0.2265625
1 0.7140625 0.30703125 0.07734375 0.10859375
1 0.94375 0.15703125 0.10390625 0.23203125
1 0.95 0.35859375 0.09296875 0.190625
1 0.79296875 0.0640625 0.1265625 0.128125
1 0.92265625 0.04375 0.146875 0.0875
1 0.65234375 0.04921875 0.17734375 0.09765625
1 0.5734375 0.115625 0.0890625 0.09765625
1 0.484375 0.175 0.15078125 0.21640625
1 0.47265625 0.04375 0.1890625 0.0875
1 0.30703125 0.0234375 0.1890625 0.04609375
1 0.31875 0.1546875 0.1890625 0.2265625
1 0.20234375 0.30390625 0.2046875 0.2375
1 0.3609375 0.325 0.11953125 0.103125
1 0.05390625 0.22421875 0.1078125 0.23203125
1 0.090625 0.0875 0.11953125 0.1546875
1 0.18515625 0.115625 0.1390625 0.18046875