1 0.30078125 0.49375 0.56171875 0.64296875
1 0.428125 0.371875 0.621875 0.315625
1 0.24609375 0.440625 0.3109375 0.3453125
1 0.05546875 0.48828125 0.08359375 0.2265625
1 0.35078125 0.81875 0.34765625 0.3515625
1 0.24921875 0.753125 0.27109375 0.3984375
1 0.528125 0.61640625 0.28125 0.4109375
1 0.58828125 0.815625 0.1203125 0.16640625
1 0.65859375 0.86328125 0.1 0.16640625
1 0.7421875 0.9015625 0.08671875 0.1609375
1 0.6671875 0.9609375 0.10390625 0.065625
1 0.596875 0.95859375 0.08359375 0.07109375
1 0.68359375 0.79453125 0.06328125 0.125
1 0.77265625 0.76484375 0.1203125 0.19609375
1 0.828125 0.89296875 0.090625 0.14296875
1 0.90625 0.80390625 0.140625 0.190625
1 0.82578125 0.67890625 0.1 0.13125
1 0.70703125 0.67265625 0.0765625 0.11875
1 0.74765625 0.628125 0.0703125 0.0890625
1 0.6890625 0.6015625 0.06015625 0.07109375
1 0.8140625 0.57734375 0.11015625 0.1546875
1 0.89765625 0.6609375 0.0703125 0.11875
1 0.9734375 0.6484375 0.046875 0.23828125
1 0.909375 0.55625 0.0734375 0.17265625
1 0.971875 0.496875 0.05 0.1015625
1 0.7671875 0.5328125 0.05703125 0.05390625