1 0.46015625 0.371875 0.38125 0.32421875
1 0.5890625 0.534375 0.3671875 0.375
1 0.75703125 0.84921875 0.13671875 0.221875
1 0.84609375 0.82421875 0.09765625 0.159375
1 0.25546875 0.659375 0.06328125 0.125
1 0.340625 0.74453125 0.12265625 0.13671875
1 0.428125 0.84921875 0.0734375 0.096875
1 0.5578125 0.84375 0.0875 0.096875
1 0.34765625 0.63359375 0.12265625 0.13046875
1 0.44921875 0.75546875 0.10859375 0.19296875
1 0.484375 0.846875 0.05234375 0.11328125
1 0.55078125 0.76171875 0.10859375 0.11328125
1 0.49453125 0.74453125 0.646875 0.5
1 0.884375 0.6078125 0.2234375 0.340625
1 0.66796875 0.315625 0.3359375 0.30078125
1 0.84609375 0.39453125 0.11171875 0.153125
1 0.69765625 0.315625 0.1015625 0.21015625
1 0.6453125 0.21875 0.06640625 0.0625
1 0.746875 0.2671875 0.1296875 0.284375
1 0.9 0.35234375 0.1921875 0.26171875