1 0.66015625 0.8578125 0.41796875 0.2734375
1 0.83828125 0.74609375 0.31640625 0.47578125
1 0.8453125 0.85546875 0.3015625 0.27890625
1 0.58203125 0.64453125 0.30546875 0.30625
1 0.66875 0.57890625 0.0578125 0.065625
1 0.5546875 0.43203125 0.24375 0.284375
1 0.6546875 0.4046875 0.24765625 0.3171875
1 0.88515625 0.52734375 0.221875 0.18046875
1 0.9234375 0.6859375 0.1453125 0.14765625
1 0.8875 0.3828125 0.21796875 0.153125
1 0.77421875 0.2953125 0.30546875 0.2515625
1 0.9421875 0.15859375 0.109375 0.3171875
1 0.74921875 0.109375 0.28359375 0.196875
1 0.8046875 0.03515625 0.134375 0.0703125
1 0.87890625 0.040625 0.0796875 0.08125
1 0.62890625 0.0953125 0.1890625 0.190625
1 0.503125 0.0625 0.184375 0.125
1 0.3984375 0.2046875 0.2 0.28984375
1 0.37265625 0.71328125 0.16328125 0.5625
1 0.3125 0.7625 0.3203125 0.46484375
1 0.20546875 0.6828125 0.2875 0.62265625
1 0.15234375 0.5296875 0.23984375 0.21875
1 0.06875 0.72421875 0.11640625 0.27890625
1 0.090625 0.734375 0.18125 0.234375
1 0.034375 0.9046875 0.06875 0.15859375
1 0.0203125 0.5546875 0.03984375 0.18046875
1 0.15234375 0.30625 0.290625 0.30625
1 0.00390625 0.3828125 0.00703125 0.175
1 0.2203125 0.17734375 0.17109375 0.21328125
1 0.15625 0.065625 0.16015625 0.13125
1 0.3140625 0.06796875 0.184375 0.1359375
1 0.03828125 0.05703125 0.0765625 0.1140625
1 0.0578125 0.1859375 0.115625 0.175
1 0.4984375 0.49765625 0.99609375 0.99453125