1 0.79453125 0.84453125 0.1453125 0.1234375
1 0.90546875 0.77578125 0.15703125 0.17265625
1 0.978125 0.7140625 0.0359375 0.10859375
1 0.915625 0.62578125 0.153125 0.1578125
1 0.971875 0.54921875 0.0484375 0.15234375
1 0.8953125 0.43125 0.17734375 0.21171875
1 0.98828125 0.3890625 0.01640625 0.10859375
1 0.9453125 0.25390625 0.10078125 0.1921875
1 0.91328125 0.09140625 0.165625 0.18203125
1 0.8203125 0.23671875 0.14921875 0.17734375
1 0.75546875 0.0859375 0.1421875 0.171875
1 0.6796875 0.19921875 0.125 0.15234375
1 0.7140625 0.36171875 0.17734375 0.20234375
1 0.76796875 0.53203125 0.18125 0.196875
1 0.73203125 0.71171875 0.1734375 0.18203125
1 0.63125 0.8421875 0.15703125 0.13828125
1 0.603125 0.7484375 0.09296875 0.08828125
1 0.6109375 0.628125 0.1328125 0.14296875
1 0.63125 0.50703125 0.10078125 0.128125
1 0.55625 0.39921875 0.153125 0.17734375
1 0.5140625 0.234375 0.15703125 0.18203125
1 0.590625 0.08125 0.14921875 0.1625
1 0.43515625 0.08828125 0.1609375 0.1765625
1 0.3640625 0.00703125 0.06875 0.0140625
1 0.2921875 0.11328125 0.10078125 0.13828125
1 0.3671875 0.22890625 0.12890625 0.14296875
1 0.4015625 0.38203125 0.15703125 0.18203125
1 0.48359375 0.546875 0.1609375 0.21640625
1 0.353125 0.57109375 0.14921875 0.1875
1 0.4796875 0.73125 0.153125 0.15234375
1 0.48828125 0.85 0.13671875 0.11328125
1 0.346875 0.825 0.153125 0.17265625
1 0.33046875 0.69453125 0.1609375 0.1671875
1 0.29609375 0.51484375 0.15703125 0.20234375
1 0.25234375 0.35 0.14140625 0.17734375
1 0.19140625 0.209375 0.14140625 0.17265625
1 0.07265625 0.10859375 0.1453125 0.17734375
1 0.0703125 0.28359375 0.1171875 0.14296875
1 0.03828125 0.396875 0.0765625 0.1625
1 0.1390625 0.4578125 0.14921875 0.17734375
1 0.16953125 0.6109375 0.1453125 0.17734375
1 0.19765625 0.7734375 0.1609375 0.196875
1 0.1046875 0.8671875 0.1609375 0.08828125
1 0.06015625 0.76328125 0.1203125 0.2265625
1 0.04609375 0.57109375 0.0921875 0.1671875