1 0.221875 0.2265625 0.3515625 0.37578125
1 0.25234375 0.16875 0.34765625 0.2484375
1 0.49609375 0.2015625 0.146875 0.19375
1 0.57734375 0.334375 0.19375 0.28203125
1 0.7671875 0.18203125 0.14375 0.08828125
1 0.8546875 0.25390625 0.16875 0.25390625
1 0.8390625 0.6546875 0.09296875 0.17109375
1 0.853125 0.6328125 0.17890625 0.3921875
1 0.71171875 0.71015625 0.17578125 0.32578125
1 0.4984375 0.73203125 0.121875 0.2484375
1 0.39765625 0.7125 0.1078125 0.23203125
1 0.171875 0.67109375 0.2296875 0.3703125