1 0.91640625 0.95390625 0.16015625 0.08203125
1 0.97109375 0.86328125 0.05078125 0.2625
1 0.83984375 0.871875 0.2328125 0.18046875
1 0.87109375 0.934375 0.20703125 0.1203125
1 0.70546875 0.76796875 0.28359375 0.23515625
1 0.83984375 0.5765625 0.3125 0.44296875
1 0.8578125 0.28671875 0.17421875 0.24609375
1 0.95234375 0.41015625 0.0875 0.1640625
1 0.94921875 0.25703125 0.09453125 0.175
1 0.9484375 0.08984375 0.09375 0.1796875
1 0.77421875 0.19140625 0.16015625 0.196875
1 0.83984375 0.13359375 0.13828125 0.09296875
1 0.8109375 0.04375 0.290625 0.0875
1 0.6671875 0.0546875 0.0765625 0.109375
1 0.63125 0.240625 0.24375 0.2953125
1 0.66875 0.40703125 0.26171875 0.28984375
1 0.4671875 0.8140625 0.22890625 0.3609375
1 0.55234375 0.92890625 0.0578125 0.13125
1 0.609375 0.93984375 0.10546875 0.109375
1 0.6984375 0.93984375 0.1015625 0.109375
1 0.2984375 0.83046875 0.20390625 0.328125
1 0.19609375 0.959375 0.1890625 0.07109375
1 0.1421875 0.76796875 0.1453125 0.37734375
1 0.20546875 0.76484375 0.0984375 0.328125
1 0.35625 0.64765625 0.22578125 0.28984375
1 0.46875 0.5515625 0.13125 0.39375
1 0.3578125 0.52734375 0.1421875 0.24609375
1 0.22578125 0.49765625 0.1453125 0.2296875
1 0.29296875 0.27890625 0.14921875 0.4046875
1 0.49453125 0.2046875 0.26875 0.39921875
1 0.421875 0.1421875 0.15234375 0.2734375
1 0.36484375 0.10625 0.1703125 0.2125
1 0.2375 0.05703125 0.171875 0.1140625
1 0.165625 0.24609375 0.12734375 0.4921875
1 0.1109375 0.4453125 0.1125 0.10390625
1 0.05078125 0.7703125 0.1015625 0.4484375
1 0.1109375 0.95078125 0.03984375 0.0875
1 0.0546875 0.59296875 0.109375 0.24609375
1 0.06875 0.653125 0.04375 0.07109375
1 0.06328125 0.3828125 0.08359375 0.240625
1 0.0125 0.43359375 0.025 0.1796875
1 0.0421875 0.303125 0.08359375 0.11484375
1 0.06171875 0.1390625 0.1234375 0.278125
1 0.01796875 0.14765625 0.0359375 0.2953125