1 0.62890625 0.5734375 0.196875 0.31953125
1 0.7484375 0.61015625 0.09453125 0.13125
1 0.721875 0.88515625 0.0796875 0.0625
1 0.52109375 0.7515625 0.1625 0.19375
1 0.49609375 0.57578125 0.0984375 0.178125
1 0.52109375 0.4578125 0.1171875 0.09921875
1 0.571875 0.31171875 0.1515625 0.21484375
1 0.44296875 0.35625 0.14375 0.23046875
1 0.4734375 0.13125 0.16640625 0.23046875
1 0.37890625 0.19375 0.10625 0.1359375
1 0.321875 0.353125 0.12109375 0.19375
1 0.259375 0.40078125 0.19296875 0.17265625
1 0.4109375 0.55234375 0.1171875 0.20390625
1 0.34453125 0.7359375 0.1890625 0.35078125
1 0.30859375 0.7984375 0.25390625 0.2359375
1 0.11328125 0.73828125 0.2265625 0.2828125
1 0.13671875 0.88984375 0.16640625 0.05234375
1 0.03203125 0.86640625 0.0640625 0.0890625
1 0.125 0.5734375 0.17421875 0.1515625
1 0.221875 0.646875 0.034375 0.07890625
1 0.1171875 0.46328125 0.12890625 0.13125
1 0.20078125 0.32421875 0.12890625 0.209375
1 0.07421875 0.3140625 0.14765625 0.178125
1 0.0375 0.42578125 0.075 0.0796875
1 0.0265625 0.51015625 0.053125 0.1515625
1 0.92578125 0.59921875 0.0640625 0.06796875
1 0.975 0.6625 0.04140625 0.0890625
1 0.97890625 0.57578125 0.034375 0.1046875
1 0.93203125 0.52890625 0.0609375 0.0734375
1 0.9640625 0.48203125 0.0640625 0.08359375
1 0.9625 0.4109375 0.06796875 0.07890625
1 0.975 0.3484375 0.04140625 0.046875
1 0.90703125 0.45546875 0.05703125 0.08359375
1 0.88046875 0.47109375 0.05703125 0.1046875
1 0.965625 0.14921875 0.0609375 0.1203125
1 0.9203125 0.09140625 0.07578125 0.11015625
1 0.9625 0.05 0.06796875 0.09921875
1 0.846875 0.19609375 0.10234375 0.07890625
1 0.92265625 0.19609375 0.05703125 0.06796875
1 0.83515625 0.11484375 0.09453125 0.09453125
1 0.84453125 0.0421875 0.090625 0.08359375
1 0.79375 0.0265625 0.0640625 0.05234375
1 0.75 0.09453125 0.0984375 0.12578125
1 0.77109375 0.18046875 0.0796875 0.07890625
1 0.6796875 0.0578125 0.071875 0.11484375
1 0.7328125 0.02109375 0.071875 0.0421875
1 0.15078125 0.0703125 0.1296875 0.140625
1 0.253125 0.046875 0.084375 0.09375
1 0.0640625 0.04453125 0.10625 0.0890625
1 0.04140625 0.14609375 0.0828125 0.1359375
1 0.01171875 0.05 0.02265625 0.09921875