1 0.36015625 0.16953125 0.1671875 0.1640625
1 0.5015625 0.1640625 0.16015625 0.1203125
1 0.50546875 0.23515625 0.21796875 0.0875
1 0.39453125 0.24609375 0.03984375 0.153125
1 0.48203125 0.29765625 0.15625 0.15859375
1 0.63984375 0.27890625 0.09453125 0.109375
1 0.7328125 0.3828125 0.1203125 0.2296875
1 0.83984375 0.47578125 0.0875 0.13125
1 0.91640625 0.5546875 0.15234375 0.18046875
1 0.93828125 0.74296875 0.109375 0.2734375
1 0.7203125 0.63125 0.09453125 0.15859375
1 0.709375 0.49453125 0.1015625 0.14765625
1 0.80703125 0.57109375 0.13828125 0.24609375
1 0.778125 0.70234375 0.05078125 0.20234375
1 0.8671875 0.759375 0.06171875 0.2296875
1 0.88359375 0.86328125 0.1015625 0.196875
1 0.93828125 0.76484375 0.0578125 0.1640625
1 0.6765625 0.95625 0.26171875 0.0765625
1 0.53125 0.7953125 0.05078125 0.33359375
1 0.5671875 0.7484375 0.04375 0.2078125
1 0.61484375 0.6859375 0.065625 0.25703125
1 0.66015625 0.846875 0.06875 0.2953125
1 0.43125 0.89609375 0.12734375 0.196875
1 0.26015625 0.87421875 0.20703125 0.240625
1 0.22734375 0.65859375 0.1421875 0.37734375
1 0.2328125 0.5 0.17421875 0.15859375
1 0.1546875 0.47265625 0.1203125 0.28984375
1 0.2234375 0.28984375 0.1125 0.109375
1 0.2578125 0.39375 0.1671875 0.1421875
1 0.3234375 0.36328125 0.0875 0.08203125
1 0.50546875 0.43203125 0.2546875 0.109375
1 0.47265625 0.59296875 0.07265625 0.24609375
1 0.39296875 0.60625 0.1671875 0.0546875
1 0.31796875 0.65 0.1125 0.0765625
1 0.4875 0.57890625 0.04375 0.04375
1 0.609375 0.5515625 0.12734375 0.153125
1 0.04765625 0.58203125 0.09453125 0.18046875
1 0.05078125 0.675 0.1015625 0.28984375
1 0.078125 0.88515625 0.15625 0.21875
1 0.15078125 0.87421875 0.08359375 0.1203125
1 0.11484375 0.8171875 0.1125 0.11484375
1 0.3578125 0.7375 0.2875 0.1203125
1 0.2578125 0.628125 0.15234375 0.1203125
1 0.49609375 0.5375 0.9921875 0.9125