1 0.66171875 0.57734375 0.35234375 0.7671875
1 0.9140625 0.75546875 0.1671875 0.3640625
1 0.91640625 0.60078125 0.16171875 0.225
1 0.96953125 0.7171875 0.05625 0.240625
1 0.78828125 0.3375 0.3421875 0.4265625
1 0.7984375 0.18984375 0.26484375 0.3640625
1 0.9296875 0.10859375 0.1359375 0.2171875
1 0.9 0.2171875 0.1953125 0.434375
1 0.61328125 0.05390625 0.1234375 0.1078125
1 0.534375 0.15859375 0.14921875 0.28671875
1 0.39609375 0.4109375 0.20546875 0.6046875
1 0.38984375 0.08125 0.12578125 0.14765625
1 0.23359375 0.18984375 0.16953125 0.3796875
1 0.25078125 0.6046875 0.1359375 0.48046875
1 0.12890625 0.67421875 0.16953125 0.5734375
1 0.0734375 0.434375 0.146875 0.5734375
1 0.06015625 0.08515625 0.1203125 0.1703125