1 0.68359375 0.5671875 0.1546875 0.3296875
1 0.75859375 0.61875 0.08125 0.29921875
1 0.83203125 0.65703125 0.0890625 0.325
1 0.70625 0.74453125 0.08515625 0.20078125
1 0.6234375 0.72421875 0.0890625 0.365625
1 0.52890625 0.58984375 0.16953125 0.3765625
1 0.5671875 0.471875 0.06953125 0.21171875
1 0.45 0.615625 0.2046875 0.33515625
1 0.41484375 0.71171875 0.12734375 0.26796875
1 0.5328125 0.9046875 0.18515625 0.18046875
1 0.2703125 0.63125 0.17734375 0.396875
1 0.171875 0.64921875 0.065625 0.134375
1 0.090625 0.74453125 0.08125 0.29375
1 0.1953125 0.23984375 0.38984375 0.4796875
1 0.10390625 0.29609375 0.2078125 0.5921875
1 0.37421875 0.15703125 0.20859375 0.3140625
1 0.54609375 0.20625 0.23515625 0.4125
1 0.540625 0.4203125 0.1234375 0.20078125
1 0.55390625 0.20859375 0.25859375 0.4171875
1 0.78125 0.24453125 0.40625 0.4890625
1 0.9015625 0.36875 0.1890625 0.190625