1 0.75 0.48359375 0.121875 0.1609375
1 0.91484375 0.45703125 0.10390625 0.15078125
1 0.8796875 0.675 0.10703125 0.1234375
1 0.93671875 0.7875 0.10390625 0.18828125
1 0.978125 0.87109375 0.03671875 0.171875
1 0.83359375 0.85234375 0.08125 0.09140625
1 0.78515625 0.74765625 0.0890625 0.0859375
1 0.77578125 0.6453125 0.0484375 0.06484375
1 0.81875 0.5484375 0.0515625 0.096875
1 0.71328125 0.3578125 0.11484375 0.1234375
1 0.66640625 0.4734375 0.1109375 0.0859375
1 0.89609375 0.15078125 0.08125 0.13984375
1 0.96484375 0.08046875 0.06328125 0.15078125
1 0.89375 0.0453125 0.115625 0.090625
1 0.6109375 0.01875 0.0515625 0.0375
1 0.6546875 0.03203125 0.065625 0.0640625
1 0.71875 0.01875 0.0515625 0.0375
1 0.77421875 0.0296875 0.059375 0.059375
1 0.62578125 0.596875 0.07421875 0.0859375
1 0.56640625 0.634375 0.10390625 0.096875
1 0.60703125 0.7234375 0.07421875 0.06953125
1 0.34609375 0.73359375 0.06328125 0.08046875
1 0.29609375 0.790625 0.12578125 0.096875
1 0.3515625 0.884375 0.06640625 0.10234375
1 0.5 0.925 0.08125 0.075
1 0.31484375 0.59921875 0.0890625 0.09140625
1 0.25703125 0.51328125 0.0703125 0.11328125
1 0.2515625 0.63203125 0.07421875 0.06953125
1 0.3 0.69609375 0.06640625 0.059375
1 0.29296875 0.2046875 0.08125 0.1078125
1 0.2296875 0.209375 0.06640625 0.096875
1 0.21484375 0.34140625 0.07421875 0.11328125
1 0.221875 0.40625 0.0515625 0.0484375
1 0.1484375 0.3390625 0.0890625 0.096875
1 0.178125 0.19609375 0.06640625 0.08046875
1 0.20703125 0.0859375 0.0890625 0.075
1 0.24921875 0.03203125 0.0484375 0.0640625
1 0.2984375 0.0375 0.06328125 0.075
1 0.3734375 0.0453125 0.08125 0.090625
1 0.06484375 0.12109375 0.0703125 0.06953125
1 0.06875 0.2234375 0.078125 0.11328125
1 0.109375 0.328125 0.078125 0.075
1 0.0109375 0.44921875 0.021875 0.059375
1 0.04296875 0.53203125 0.040625 0.0859375
1 0.01875 0.578125 0.03671875 0.059375
1 0.06484375 0.6078125 0.0703125 0.05390625
1 0.10390625 0.66953125 0.07421875 0.1234375
1 0.01875 0.9140625 0.03671875 0.1078125
1 0.040625 0.06171875 0.08125 0.1234375
1 0.184375 0.0265625 0.0375 0.053125
1 0.10703125 0.040625 0.04453125 0.08046875
1 0.30546875 0.13203125 0.05546875 0.0484375
1 0.93671875 0.94609375 0.07421875 0.096875
1 0.97578125 0.32265625 0.040625 0.096875
1 0.84453125 0.34921875 0.10390625 0.0859375