1 0.80703125 0.7890625 0.378125 0.41328125
1 0.97109375 0.64921875 0.04921875 0.30234375
1 0.89140625 0.36640625 0.20859375 0.69765625
1 0.5203125 0.5 0.75546875 0.99140625
1 0.08671875 0.6375 0.1734375 0.653125
1 0.14453125 0.93125 0.2890625 0.12890625
1 0.05078125 0.23359375 0.1015625 0.2265625
1 0.08671875 0.253125 0.1734375 0.3203125
1 0.37109375 0.2046875 0.46640625 0.3734375
1 0.7109375 0.12890625 0.23984375 0.16015625
1 0.846875 0.0890625 0.09296875 0.0796875
1 0.85 0.021875 0.084375 0.04375
1 0.94921875 0.0203125 0.09296875 0.03984375
1 0.6234375 0.053125 0.146875 0.10625
1 0.60859375 0.02890625 0.09765625 0.0578125
1 0.71796875 0.03359375 0.1203125 0.06640625
1 0.4890625 0.03359375 0.12421875 0.06640625
1 0.1640625 0.0640625 0.115625 0.10234375
1 0.053125 0.065625 0.10625 0.096875