1 0.7234375 0.68046875 0.37109375 0.38828125
1 0.50703125 0.87734375 0.1125 0.12578125
1 0.90703125 0.45390625 0.1125 0.153125
1 0.82734375 0.1609375 0.02578125 0.03828125
1 0.86328125 0.15859375 0.0328125 0.0328125
1 0.8875 0.1859375 0.021875 0.0328125
1 0.8546875 0.19921875 0.04375 0.03828125
1 0.8421875 0.2375 0.0546875 0.03828125
1 0.88359375 0.2515625 0.02890625 0.0546875
1 0.834375 0.284375 0.04765625 0.04375
1 0.87265625 0.30625 0.03671875 0.065625
1 0.83828125 0.33046875 0.04765625 0.04921875
1 0.78203125 0.325 0.01484375 0.03828125
1 0.80390625 0.3359375 0.02890625 0.02734375
1 0.76875 0.35546875 0.01796875 0.04375
1 0.79609375 0.4015625 0.01484375 0.04921875
1 0.821875 0.4015625 0.021875 0.04921875
1 0.765625 0.40703125 0.02578125 0.04921875
1 0.75078125 0.4484375 0.0328125 0.04375
1 0.7890625 0.4453125 0.02890625 0.03828125
1 0.81484375 0.43984375 0.02890625 0.06015625
1 0.80546875 0.4921875 0.02578125 0.0546875
1 0.78203125 0.49765625 0.02890625 0.065625
1 0.74765625 0.50546875 0.03984375 0.04921875
1 0.71640625 0.5078125 0.03671875 0.0546875
1 0.69296875 0.3578125 0.1203125 0.18046875
1 0.75625 0.2703125 0.02890625 0.06015625
1 0.77109375 0.21328125 0.03671875 0.0875
1 0.73125 0.21875 0.03671875 0.065625
1 0.71640625 0.15 0.0578125 0.09296875
1 0.66015625 0.1859375 0.06171875 0.0765625
1 0.63828125 0.259375 0.0546875 0.07109375
1 0.6890625 0.23203125 0.04765625 0.06015625
1 0.61640625 0.32265625 0.0765625 0.109375
1 0.6328125 0.5109375 0.1234375 0.15859375
1 0.48203125 0.7078125 0.1125 0.19140625
1 0.45078125 0.8359375 0.09453125 0.0875
1 0.38203125 0.86640625 0.07265625 0.10390625
1 0.36875 0.7078125 0.12734375 0.21328125
1 0.25625 0.7703125 0.10546875 0.153125
1 0.16171875 0.8609375 0.0984375 0.15859375
1 0.17421875 0.68046875 0.09453125 0.13671875
1 0.26015625 0.6171875 0.08359375 0.153125
1 0.21796875 0.53828125 0.07265625 0.10390625
1 0.134375 0.584375 0.0796875 0.1203125
1 0.0984375 0.5078125 0.0796875 0.0984375
1 0.1890625 0.478125 0.0578125 0.08203125
1 0.42734375 0.328125 0.0984375 0.153125
1 0.4671875 0.25703125 0.0765625 0.0875
1 0.39453125 0.15859375 0.1203125 0.1640625
1 0.521875 0.1609375 0.14921875 0.20234375
1 0.18203125 0.22421875 0.109375 0.196875
1 0.265625 0.215625 0.1234375 0.14765625
1 0.12734375 0.34453125 0.0875 0.109375
1 0.14375 0.415625 0.090625 0.0875
1 0.40703125 0.2484375 0.03671875 0.04921875
1 0.3765625 0.26484375 0.02578125 0.04921875
1 0.35625 0.259375 0.03671875 0.04921875
1 0.32734375 0.2703125 0.03671875 0.04921875
1 0.29453125 0.2484375 0.04375 0.06015625
1 0.29296875 0.2953125 0.03984375 0.0546875
1 0.2671875 0.32265625 0.03984375 0.065625
1 0.3 0.34140625 0.0328125 0.04921875
1 0.3421875 0.3578125 0.04375 0.04921875
1 0.3765625 0.33359375 0.0328125 0.065625
1 0.36875 0.371875 0.0109375 0.021875
1 0.3234375 0.4046875 0.02890625 0.065625
1 0.3671875 0.40703125 0.05078125 0.03828125
1 0.3 0.41796875 0.03984375 0.06015625
1 0.28359375 0.37421875 0.02890625 0.03828125
1 0.20703125 0.328125 0.02890625 0.0546875
1 0.22734375 0.3171875 0.01796875 0.0546875
1 0.2203125 0.38515625 0.02578125 0.07109375
1 0.1890625 0.434375 0.05078125 0.06015625
1 0.22890625 0.43984375 0.02890625 0.04921875
1 0.18515625 0.36328125 0.03671875 0.07109375
1 0.54375 0.46171875 0.02578125 0.36640625
1 0.5453125 0.46484375 0.04375 0.39375
1 0.5671875 0.415625 0.0875 0.0984375
1 0.42734375 0.45625 0.22890625 0.12578125
1 0.48203125 0.4375 0.06875 0.2296875
1 0.52890625 0.25703125 0.090625 0.1203125
1 0.390625 0.4265625 0.14921875 0.0765625
1 0.30390625 0.53515625 0.08359375 0.13125
1 0.39609375 0.52421875 0.1453125 0.0875