1 0.63125 0.44921875 0.4625 0.4109375
1 0.853125 0.5 0.2859375 0.5125
1 0.69375 0.18515625 0.60390625 0.3703125
1 0.91796875 0.0734375 0.15703125 0.146875
1 0.21171875 0.2109375 0.4234375 0.42109375
1 0.24921875 0.54296875 0.41171875 0.325
1 0.046875 0.7484375 0.078125 0.0859375
1 0.478125 0.634375 0.0703125 0.11171875
1 0.54140625 0.646875 0.0546875 0.09609375
1 0.58203125 0.825 0.07421875 0.07578125
1 0.94921875 0.82734375 0.046875 0.07109375
1 0.9625 0.7109375 0.06640625 0.0609375
1 0.80625 0.76171875 0.05078125 0.07109375
1 0.7375 0.784375 0.0625 0.07578125
1 0.71015625 0.8375 0.0703125 0.07109375
1 0.78203125 0.82265625 0.06640625 0.09140625
1 0.4625 0.8125 0.078125 0.09140625
1 0.45703125 0.74609375 0.07421875 0.0609375
1 0.38984375 0.71328125 0.07421875 0.0859375
1 0.55078125 0.22109375 0.04296875 0.07578125
1 0.6 0.23359375 0.0546875 0.08125
1 0.51953125 0.88046875 0.08203125 0.0453125
1 0.43125 0.88359375 0.078125 0.040625
1 0.3703125 0.81484375 0.06640625 0.09609375
1 0.315625 0.82265625 0.05078125 0.0609375
1 0.28984375 0.86328125 0.078125 0.07109375
1 0.34140625 0.8859375 0.078125 0.03515625
1 0.2546875 0.82734375 0.046875 0.05078125
1 0.046875 0.890625 0.09375 0.025