1 0.94375 0.91484375 0.1046875 0.159375
1 0.94921875 0.76953125 0.09375 0.13203125
1 0.95703125 0.59921875 0.0796875 0.12109375
1 0.93828125 0.63984375 0.04296875 0.06015625
1 0.95859375 0.43671875 0.07578125 0.1703125
1 0.928125 0.55234375 0.0359375 0.07109375
1 0.90234375 0.62109375 0.02890625 0.065625
1 0.9171875 0.68125 0.05078125 0.04375
1 0.909375 0.728125 0.02890625 0.02734375
1 0.859375 0.70078125 0.0359375 0.04921875
1 0.85 0.8046875 0.09765625 0.18125
1 0.78125 0.84609375 0.11875 0.17578125
1 0.9765625 0.31875 0.03984375 0.065625
1 0.93828125 0.1703125 0.115625 0.31875
1 0.91875 0.33828125 0.06875 0.08203125
1 0.90234375 0.40390625 0.0578125 0.08203125
1 0.8734375 0.3515625 0.04296875 0.0765625
1 0.8265625 0.40390625 0.10078125 0.07109375
1 0.8125 0.4203125 0.0359375 0.03828125
1 0.78359375 0.49140625 0.12265625 0.159375
1 0.86640625 0.56015625 0.06484375 0.0765625
1 0.89375 0.4859375 0.06171875 0.07109375
1 0.85703125 0.60703125 0.05390625 0.08203125
1 0.81015625 0.59921875 0.046875 0.065625
1 0.84296875 0.67578125 0.11171875 0.0765625
1 0.81953125 0.28046875 0.15859375 0.23046875
1 0.84296875 0.15078125 0.07578125 0.08203125
1 0.84453125 0.09609375 0.1296875 0.115625
1 0.74921875 0.1234375 0.07578125 0.09375
1 0.75234375 0.05234375 0.03984375 0.04921875
1 0.74375 0.0359375 0.0359375 0.07109375
1 0.7796875 0.00546875 0.0359375 0.0109375
1 0.88203125 0.07109375 0.2265625 0.1421875
1 0.73671875 0.253125 0.05078125 0.065625
1 0.765625 0.203125 0.0359375 0.0546875
1 0.72578125 0.27734375 0.09375 0.159375
1 0.73984375 0.38984375 0.05078125 0.0765625
1 0.675 0.4234375 0.10078125 0.20859375
1 0.64609375 0.33828125 0.04296875 0.06015625
1 0.65546875 0.44765625 0.03984375 0.04921875
1 0.59921875 0.43984375 0.071875 0.09921875
1 0.59375 0.525 0.06875 0.1046875
1 0.6625 0.5796875 0.090625 0.1265625
1 0.7 0.634375 0.0359375 0.06015625
1 0.628125 0.64296875 0.04296875 0.065625
1 0.6609375 0.67890625 0.04296875 0.07109375
1 0.58828125 0.6015625 0.0578125 0.115625
1 0.653125 0.771875 0.0796875 0.1046875
1 0.59921875 0.24453125 0.14453125 0.115625
1 0.5140625 0.296875 0.03984375 0.04375
1 0.5109375 0.2640625 0.0328125 0.021875
1 0.4890625 0.27734375 0.025 0.02734375
1 0.60625 0.12890625 0.1296875 0.203125
1 0.6984375 0.21171875 0.07578125 0.1375
1 0.5015625 0.1703125 0.10078125 0.16484375
1 0.3609375 0.203125 0.25234375 0.3515625
1 0.43125 0.04921875 0.09765625 0.0765625
1 0.49296875 0.04375 0.0828125 0.0875
1 0.5453125 0.04140625 0.0359375 0.08203125
1 0.59921875 0.01953125 0.0796875 0.03828125
1 0.70390625 0.06328125 0.12265625 0.1265625
1 0.38125 0.01640625 0.090625 0.0328125
1 0.22265625 0.065625 0.2390625 0.13125
1 0.11015625 0.13984375 0.2203125 0.2796875
1 0.07734375 0.2296875 0.1546875 0.209375
1 0.0125 0.2609375 0.025 0.1703125
1 0.034375 0.47265625 0.06875 0.24140625
1 0.10078125 0.35703125 0.1296875 0.2859375
1 0.10625 0.20078125 0.11171875 0.1484375
1 0.22578125 0.40625 0.1046875 0.12109375
1 0.1734375 0.4640625 0.0578125 0.1375
1 0.27265625 0.52734375 0.140625 0.12109375
1 0.31015625 0.4671875 0.1296875 0.17578125
1 0.2234375 0.33515625 0.1375 0.12109375
1 0.21484375 0.253125 0.0828125 0.09921875
1 0.24375 0.71171875 0.3 0.37890625
1 0.28359375 0.865625 0.13359375 0.159375
1 0.21328125 0.73046875 0.0578125 0.08828125
1 0.1296875 0.7359375 0.18046875 0.253125
1 0.14609375 0.95078125 0.090625 0.08828125
1 0.31015625 0.978125 0.09375 0.0328125
1 0.42265625 0.85703125 0.071875 0.09921875
1 0.74375 0.60703125 0.09375 0.225
1 0.6515625 0.84609375 0.509375 0.296875
1 0.440625 0.95078125 0.1953125 0.08828125
1 0.0125 0.55234375 0.025 0.07109375
1 0.02890625 0.81328125 0.0578125 0.3625
1 0.0953125 0.88203125 0.11875 0.225