1 0.7546875 0.42578125 0.2703125 0.3984375
1 0.78359375 0.565625 0.0734375 0.13125
1 0.8515625 0.44921875 0.06328125 0.13671875
1 0.8546875 0.309375 0.0703125 0.11875
1 0.81328125 0.35390625 0.06015625 0.1015625
1 0.78515625 0.44375 0.05703125 0.0890625
1 0.7453125 0.3984375 0.03671875 0.08359375
1 0.7265625 0.42578125 0.03984375 0.1015625
1 0.71171875 0.2765625 0.0703125 0.11328125
1 0.66328125 0.39609375 0.0734375 0.11328125
1 0.83984375 0.29140625 0.1796875 0.2265625
1 0.53671875 0.2171875 0.053125 0.125
1 0.4484375 0.16640625 0.05703125 0.0953125
1 0.475 0.29140625 0.0765625 0.14296875
1 0.56171875 0.36015625 0.0703125 0.1484375
1 0.49140625 0.44375 0.0703125 0.13671875
1 0.4203125 0.33359375 0.0734375 0.11875
1 0.4234375 0.25 0.03359375 0.07109375
1 0.46015625 0.5234375 0.06015625 0.11875
1 0.43984375 0.43125 0.046875 0.0890625
1 0.38671875 0.44609375 0.06640625 0.10703125
1 0.33359375 0.5 0.06640625 0.10703125
1 0.325 0.60390625 0.05 0.11328125
1 0.36640625 0.61875 0.053125 0.14296875
1 0.39296875 0.56875 0.046875 0.11328125
1 0.453125 0.625 0.08671875 0.1546875
1 0.51484375 0.6546875 0.05703125 0.0953125
1 0.4234375 0.69609375 0.06015625 0.11875
1 0.38359375 0.70234375 0.06640625 0.08359375
1 0.4734375 0.76796875 0.06015625 0.13125
1 0.46796875 0.82109375 0.08359375 0.13125
1 0.41015625 0.82421875 0.09296875 0.1015625
1 0.45 0.878125 0.06015625 0.07734375
1 0.24140625 0.3453125 0.21640625 0.58359375
1 0.446875 0.5265625 0.30703125 0.80390625
1 0.1546875 0.89609375 0.28984375 0.19609375
1 0.00859375 0.81875 0.01640625 0.2203125
1 0.96640625 0.6640625 0.046875 0.1015625
1 0.91171875 0.67890625 0.05 0.10703125
1 0.903125 0.625 0.03984375 0.059375
1 0.85703125 0.68125 0.06015625 0.1015625
1 0.828125 0.75 0.06328125 0.11875
1 0.96171875 0.753125 0.05 0.1015625
1 0.925 0.7734375 0.05 0.10703125
1 0.8953125 0.80078125 0.05703125 0.07734375
1 0.9796875 0.8453125 0.03359375 0.11875
1 0.93984375 0.85390625 0.06640625 0.065625
1 0.778125 0.80390625 0.05 0.10703125
1 0.7984375 0.76171875 0.03671875 0.08359375
1 0.74296875 0.86328125 0.06640625 0.08359375
1 0.78671875 0.86015625 0.053125 0.1015625
1 0.8453125 0.875 0.06328125 0.0953125
1 0.88359375 0.88125 0.03359375 0.08359375
1 0.93671875 0.934375 0.0734375 0.11875
1 0.86484375 0.94609375 0.06328125 0.08359375
1 0.81640625 0.95859375 0.03359375 0.07109375
1 0.7546875 0.9671875 0.05 0.05390625
1 0.68984375 0.9671875 0.053125 0.05390625
1 0.98515625 0.98203125 0.0234375 0.0234375
1 0.8296875 0.80078125 0.33359375 0.38671875