1 0.8375 0.45078125 0.31640625 0.50546875
1 0.48828125 0.41171875 0.29765625 0.42734375
1 0.4671875 0.359375 0.41640625 0.41640625
1 0.6890625 0.1953125 0.240625 0.203125
1 0.48828125 0.5859375 0.51171875 0.33828125
1 0.48671875 0.78125 0.515625 0.26015625
1 0.68515625 0.83046875 0.621875 0.328125
1 0.9734375 0.67421875 0.04609375 0.13046875
1 0.18125 0.625 0.18671875 0.16640625
1 0.23671875 0.45546875 0.0765625 0.18203125
1 0.20625 0.74453125 0.0609375 0.08359375
1 0.2671875 0.88515625 0.534375 0.21875