1 0.83046875 0.86875 0.15 0.22109375
1 0.84375 0.63671875 0.16953125 0.22109375
1 0.81171875 0.44765625 0.14296875 0.18984375
1 0.7953125 0.25 0.1390625 0.20546875
1 0.66328125 0.66015625 0.146875 0.20546875
1 0.67265625 0.87109375 0.14296875 0.20546875
1 0.65 0.465625 0.13515625 0.19453125
1 0.64453125 0.26328125 0.13125 0.18984375
1 0.63515625 0.08671875 0.14296875 0.1734375
1 0.5109375 0.86875 0.15 0.23125
1 0.50390625 0.66015625 0.14296875 0.20546875
1 0.5 0.465625 0.13515625 0.184375
1 0.49609375 0.26875 0.128125 0.18984375
1 0.49140625 0.08125 0.1359375 0.1625
1 0.35 0.0921875 0.128125 0.1734375
1 0.34765625 0.265625 0.1390625 0.184375
1 0.35 0.46015625 0.15 0.20546875
1 0.3421875 0.6734375 0.14296875 0.21015625
1 0.33984375 0.8765625 0.15390625 0.215625
1 0.175 0.88125 0.15390625 0.2265625
1 0.1859375 0.66875 0.15390625 0.21015625
1 0.19375 0.46015625 0.15390625 0.20546875
1 0.19921875 0.26875 0.13515625 0.16875
1 0.1984375 0.09453125 0.14375 0.1890625