1 0.82578125 0.6515625 0.13515625 0.25546875
1 0.80703125 0.42734375 0.13828125 0.27578125
1 0.7390625 0.71015625 0.1125 0.33125
1 0.62421875 0.35859375 0.2390625 0.45546875
1 0.62265625 0.703125 0.15 0.33125
1 0.4984375 0.7828125 0.0921875 0.07578125
1 0.5171875 0.84453125 0.08359375 0.103125
1 0.43046875 0.8515625 0.08359375 0.103125
1 0.409375 0.8140625 0.06328125 0.0828125
1 0.534375 0.63828125 0.296875 0.31015625
1 0.2734375 0.7140625 0.32890625 0.25546875
1 0.49453125 0.53125 0.146875 0.2203125
1 0.45234375 0.4515625 0.0921875 0.2
1 0.24765625 0.52421875 0.1328125 0.1515625
1 0.371875 0.45859375 0.115625 0.296875
1 0.21171875 0.43125 0.2046875 0.434375
1 0.2609375 0.14140625 0.1125 0.2828125
1 0.31953125 0.42734375 0.41484375 0.44140625