1 0.5 0.42890625 0.38203125 0.41015625
1 0.8671875 0.64453125 0.2578125 0.3390625
1 0.87109375 0.8171875 0.12734375 0.11484375
1 0.66015625 0.7375 0.178125 0.1859375
1 0.53828125 0.72421875 0.1234375 0.23515625
1 0.59453125 0.86640625 0.15625 0.08203125
1 0.4671875 0.92109375 0.090625 0.09296875
1 0.721875 0.93203125 0.48359375 0.12578125
1 0.94765625 0.825 0.0984375 0.2078125
1 0.27265625 0.6609375 0.49453125 0.66640625
1 0.0203125 0.846875 0.03984375 0.2953125
1 0.2546875 0.478125 0.2984375 0.32265625
1 0.07109375 0.671875 0.1421875 0.2734375
1 0.0984375 0.29765625 0.19609375 0.21328125
1 0.08515625 0.43671875 0.1703125 0.2515625
1 0.74765625 0.53828125 0.20703125 0.14765625
1 0.78359375 0.37421875 0.19296875 0.22421875
1 0.78515625 0.37734375 0.26875 0.2078125
1 0.9578125 0.38828125 0.0765625 0.2078125
1 0.7984375 0.33046875 0.3015625 0.15859375
1 0.78359375 0.16953125 0.1421875 0.196875
1 0.82890625 0.1421875 0.30546875 0.2625
1 0.64375 0.171875 0.109375 0.13671875
1 0.5890625 0.1421875 0.16015625 0.1859375
1 0.43828125 0.18046875 0.134375 0.0875
1 0.3796875 0.14453125 0.2578125 0.13671875
1 0.12734375 0.13359375 0.19609375 0.10390625
1 0.29296875 0.240625 0.2 0.196875
1 0.15078125 0.09296875 0.19296875 0.109375
1 0.02890625 0.153125 0.0578125 0.0875