1 0.32109375 0.79140625 0.1203125 0.2265625
1 0.29765625 0.86640625 0.1140625 0.24375
1 0.240625 0.82734375 0.2671875 0.33359375
1 0.3078125 0.9671875 0.140625 0.05390625
1 0.11171875 0.871875 0.14375 0.24375
1 0.259375 0.20546875 0.2640625 0.4109375
1 0.9234375 0.20234375 0.1140625 0.2140625
1 0.98828125 0.184375 0.01640625 0.17890625
1 0.953125 0.39296875 0.08671875 0.190625
1 0.83125 0.27109375 0.096875 0.184375
1 0.8359375 0.0984375 0.08046875 0.19609375
1 0.91171875 0.20859375 0.096875 0.38125
1 0.63046875 0.2265625 0.11015625 0.2140625
1 0.87421875 0.7765625 0.10390625 0.1484375
1 0.7671875 0.746875 0.08359375 0.11328125
1 0.946875 0.7109375 0.1 0.26796875
1 0.91953125 0.5953125 0.140625 0.2265625
1 0.80078125 0.63125 0.11015625 0.1546875
1 0.8546875 0.92265625 0.15078125 0.13125
1 0.96328125 0.91640625 0.0671875 0.1546875
1 0.759375 0.86015625 0.08046875 0.1484375