1 0.9125 0.92890625 0.1453125 0.13125
1 0.9578125 0.9125 0.0765625 0.1640625
1 0.97421875 0.759375 0.04375 0.196875
1 0.9109375 0.73515625 0.15625 0.24609375
1 0.97265625 0.56015625 0.04765625 0.15859375
1 0.92578125 0.3796875 0.1421875 0.26796875
1 0.978125 0.23203125 0.03671875 0.11484375
1 0.96328125 0.17734375 0.065625 0.14765625
1 0.88359375 0.215625 0.15234375 0.21328125
1 0.88359375 0.06015625 0.1671875 0.1203125
1 0.95234375 0.09296875 0.0796875 0.065625
1 0.97890625 0.04609375 0.0328125 0.0921875
1 0.809375 0.12265625 0.0765625 0.09296875
1 0.7765625 0.0515625 0.06875 0.103125
1 0.7453125 0.2375 0.15234375 0.22421875
1 0.75078125 0.40703125 0.12734375 0.18046875
1 0.84921875 0.48671875 0.18515625 0.2734375
1 0.7125 0.5515625 0.09453125 0.109375
1 0.77421875 0.6859375 0.13125 0.23515625
1 0.8203125 0.86640625 0.090625 0.14765625
1 0.91484375 0.92890625 0.16328125 0.13125
1 0.7890625 0.95625 0.13828125 0.0765625
1 0.69609375 0.86640625 0.16328125 0.25703125
1 0.61484375 0.65859375 0.19609375 0.20234375
1 0.5984375 0.7703125 0.16328125 0.240625
1 0.5203125 0.91796875 0.1671875 0.153125
1 0.4453125 0.7625 0.14921875 0.33359375
1 0.4546875 0.6421875 0.1453125 0.14765625
1 0.56875 0.48359375 0.178125 0.25703125
1 0.6671875 0.4375 0.134375 0.2296875
1 0.76328125 0.4234375 0.0875 0.15859375
1 0.5671875 0.33046875 0.09453125 0.07109375
1 0.59453125 0.2046875 0.14921875 0.25703125
1 0.69609375 0.09296875 0.14921875 0.1859375
1 0.61484375 0.0328125 0.07265625 0.065625
1 0.50859375 0.07890625 0.1609375 0.1578125
1 0.43984375 0.21875 0.17421875 0.2078125
1 0.384375 0.040625 0.115625 0.08125
1 0.32890625 0.15 0.1421875 0.22421875
1 0.24765625 0.21328125 0.16015625 0.2296875
1 0.3125 0.3609375 0.11640625 0.175
1 0.3796875 0.54375 0.17109375 0.26796875
1 0.278125 0.6203125 0.178125 0.24609375
1 0.22890625 0.740625 0.17421875 0.25703125
1 0.31796875 0.8578125 0.16328125 0.2296875
1 0.221875 0.934375 0.21796875 0.1203125
1 0.3796875 0.97265625 0.08359375 0.04375
1 0.09609375 0.85546875 0.15625 0.22421875
1 0.06171875 0.95390625 0.109375 0.08203125
1 0.021875 0.7953125 0.04375 0.14765625
1 0.090625 0.6109375 0.18125 0.328125
1 0.17421875 0.42109375 0.18203125 0.240625
1 0.121875 0.128125 0.178125 0.24609375
1 0.04921875 0.328125 0.0984375 0.240625
1 0.1203125 0.29765625 0.04375 0.09296875
1 0.046875 0.07890625 0.09375 0.1578125
1 0.17421875 0.02734375 0.1671875 0.0546875
1 0.21796875 0.07890625 0.0796875 0.10390625
1 0.27890625 0.01328125 0.0734375 0.0265625
1 0.4984375 0.49765625 0.99609375 0.99453125