1 0.93828125 0.2609375 0.11640625 0.1953125
1 0.9 0.0953125 0.0984375 0.146875
1 0.8578125 0.14140625 0.0875 0.13046875
1 0.77734375 0.0953125 0.07265625 0.1140625
1 0.7 0.06484375 0.109375 0.1296875
1 0.75390625 0.26328125 0.04765625 0.0921875
1 0.70625 0.1796875 0.0765625 0.08671875
1 0.684375 0.2796875 0.08359375 0.103125
1 0.62421875 0.2203125 0.07265625 0.125
1 0.63515625 0.14140625 0.07265625 0.08671875
1 0.61640625 0.0515625 0.09453125 0.0921875
1 0.8484375 0.2609375 0.06953125 0.11953125
1 0.7828125 0.21484375 0.06171875 0.1140625
1 0.95625 0.42421875 0.065625 0.09765625
1 0.86875 0.38046875 0.0875 0.13046875
1 0.9765625 0.50546875 0.03984375 0.08671875
1 0.859375 0.665625 0.2734375 0.50546875
1 0.8359375 0.9265625 0.04375 0.08125
1 0.784375 0.81484375 0.08046875 0.13046875
1 0.67734375 0.54921875 0.171875 0.20625
1 0.7515625 0.3859375 0.14609375 0.20625
1 0.575 0.2609375 0.06953125 0.16328125
1 0.55625 0.18203125 0.06171875 0.0921875
1 0.55078125 0.10859375 0.07265625 0.07578125
1 0.5765625 0.03828125 0.05859375 0.07578125
1 0.5203125 0.04375 0.04765625 0.06484375
1 0.49296875 0.07578125 0.08046875 0.07578125
1 0.45078125 0.125 0.08359375 0.13046875
1 0.490625 0.2203125 0.08359375 0.0921875
1 0.56953125 0.39140625 0.21171875 0.2609375
1 0.3921875 0.4265625 0.171875 0.23359375
1 0.38359375 0.24765625 0.09453125 0.1140625
1 0.46015625 0.3046875 0.08046875 0.14140625
1 0.3359375 0.3046875 0.05078125 0.06484375
1 0.3921875 0.1765625 0.0546875 0.04921875
1 0.61875 0.6984375 0.3609375 0.3421875
1 0.46875 0.92109375 0.13515625 0.1359375
1 0.61640625 0.93984375 0.153125 0.10859375
1 0.675 0.92421875 0.23359375 0.14140625
1 0.32109375 0.540625 0.10234375 0.146875
1 0.215625 0.478125 0.2265625 0.18515625
1 0.140625 0.18984375 0.09140625 0.17421875
1 0.20625 0.271875 0.10546875 0.11953125
1 0.259375 0.32890625 0.10234375 0.1578125
1 0.04765625 0.35625 0.09453125 0.146875
1 0.0890625 0.28515625 0.1203125 0.25546875
1 0.2515625 0.1328125 0.11640625 0.21171875
1 0.325 0.10625 0.11640625 0.21171875
1 0.4 0.05703125 0.10546875 0.1140625
1 0.11640625 0.56796875 0.2328125 0.3640625
1 0.2921875 0.70390625 0.1390625 0.353125
1 0.4546875 0.7171875 0.22265625 0.3046875
1 0.2921875 0.91328125 0.2046875 0.16328125
1 0.0421875 0.8203125 0.08359375 0.16328125
1 0.10390625 0.87734375 0.1421875 0.22265625
1 0.03125 0.95078125 0.06171875 0.08671875
1 0.19140625 0.9296875 0.08359375 0.13046875