1 0.8125 0.74609375 0.134375 0.21328125
1 0.6671875 0.81953125 0.15625 0.2515625
1 0.4671875 0.846875 0.18515625 0.21875
1 0.3203125 0.8828125 0.1453125 0.21328125
1 0.109375 0.82265625 0.21796875 0.16953125
1 0.16328125 0.72421875 0.1234375 0.15859375
1 0.04765625 0.71875 0.09453125 0.18046875
1 0.1109375 0.934375 0.1125 0.1203125
1 0.20390625 0.91015625 0.0875 0.16953125
1 0.165625 0.60625 0.1125 0.065625
1 0.0546875 0.5875 0.1015625 0.09296875
1 0.2453125 0.68828125 0.03984375 0.1640625
1 0.14921875 0.50234375 0.13125 0.1421875
1 0.10703125 0.43984375 0.1203125 0.16953125
1 0.22890625 0.4265625 0.11640625 0.13125
1 0.23828125 0.346875 0.12734375 0.12578125
1 0.33671875 0.48125 0.1421875 0.1640625
1 0.35234375 0.5875 0.1453125 0.16953125
1 0.334375 0.390625 0.065625 0.03828125
1 0.3890625 0.35 0.065625 0.13125
1 0.4234375 0.35234375 0.14921875 0.25703125
1 0.565625 0.41015625 0.134375 0.0984375
1 0.52890625 0.52421875 0.22890625 0.2953125
1 0.7203125 0.48125 0.20390625 0.30625
1 0.69609375 0.23515625 0.37421875 0.35