1 0.6078125 0.603125 0.13515625 0.103125
1 0.61171875 0.528125 0.10390625 0.10859375
1 0.61953125 0.79140625 0.11953125 0.16015625
1 0.71015625 0.74453125 0.08515625 0.11875
1 0.78984375 0.7140625 0.08125 0.09765625
1 0.7875 0.7859375 0.06171875 0.05703125
1 0.72578125 0.65703125 0.09296875 0.0671875
1 0.79375 0.60859375 0.0734375 0.09296875
1 0.71796875 0.58515625 0.09296875 0.0875
1 0.78984375 0.54140625 0.0734375 0.103125
1 0.71015625 0.4921875 0.07734375 0.0875
1 0.79765625 0.45390625 0.0890625 0.09296875
1 0.7796875 0.33984375 0.06953125 0.11328125
1 0.75078125 0.22421875 0.1734375 0.23203125
1 0.64453125 0.18046875 0.08515625 0.14453125
1 0.63125 0.29921875 0.0890625 0.09296875
1 0.55625 0.309375 0.08515625 0.09296875
1 0.56171875 0.190625 0.096875 0.14453125
1 0.5484375 0.3765625 0.34765625 0.071875
1 0.6546875 0.4203125 0.1734375 0.11875
1 0.45390625 0.45625 0.228125 0.07734375
1 0.35546875 0.4875 0.1390625 0.07734375
1 0.48671875 0.5234375 0.1234375 0.05703125
1 0.403125 0.559375 0.2125 0.10859375
1 0.44609375 0.60859375 0.15859375 0.06171875
1 0.475 0.70078125 0.18515625 0.28828125
1 0.2875 0.68828125 0.18125 0.25234375
1 0.35546875 0.3765625 0.05390625 0.0828125
1 0.4328125 0.325 0.1 0.134375
1 0.45 0.20859375 0.08125 0.1390625
1 0.3765625 0.18828125 0.0890625 0.10859375
1 0.34765625 0.234375 0.07734375 0.10859375
1 0.36640625 0.29609375 0.06171875 0.09765625
1 0.27421875 0.37890625 0.03828125 0.0671875
1 0.2796875 0.29375 0.05 0.103125
1 0.26796875 0.1828125 0.065625 0.09765625
1 0.32421875 0.178125 0.06171875 0.0875
1 0.18359375 0.4921875 0.0734375 0.7578125
1 0.2390625 0.41484375 0.05390625 0.48984375
1 0.29921875 0.428125 0.08125 0.3296875
1 0.32265625 0.67265625 0.10390625 0.18046875