1 0.953125 0.7234375 0.08671875 0.375
1 0.83984375 0.63359375 0.153125 0.184375
1 0.9734375 0.3125 0.046875 0.125
1 0.93828125 0.371875 0.11640625 0.315625
1 0.85859375 0.5 0.0703125 0.08359375
1 0.96484375 0.11015625 0.06328125 0.2203125
1 0.9796875 0.13984375 0.03359375 0.20859375
1 0.9234375 0.128125 0.06640625 0.25625
1 0.921875 0.1578125 0.05703125 0.315625
1 0.8734375 0.16953125 0.053125 0.3390625
1 0.8296875 0.16953125 0.06015625 0.3390625
1 0.7625 0.04140625 0.0875 0.0828125
1 0.69140625 0.13359375 0.2296875 0.2671875
1 0.68203125 0.0328125 0.0765625 0.065625
1 0.73828125 0.1578125 0.1234375 0.17265625
1 0.803125 0.44921875 0.16640625 0.20859375
1 0.771875 0.32421875 0.11015625 0.184375
1 0.50859375 0.10703125 0.11640625 0.2140625
1 0.5546875 0.36328125 0.2296875 0.36875
1 0.6734375 0.2734375 0.09296875 0.190625
1 0.68828125 0.4609375 0.096875 0.19609375
1 0.65703125 0.5265625 0.09296875 0.17265625
1 0.7203125 0.63671875 0.08671875 0.14296875
1 0.8796875 0.753125 0.06640625 0.0890625
1 0.9796875 0.92578125 0.03359375 0.11328125
1 0.58828125 0.70859375 0.08984375 0.20234375
1 0.63515625 0.64609375 0.08359375 0.1484375
1 0.625 0.82734375 0.08359375 0.13125
1 0.51796875 0.75859375 0.08984375 0.19609375
1 0.54296875 0.8984375 0.1 0.190625
1 0.546875 0.94375 0.0796875 0.1015625
1 0.596875 0.9078125 0.1 0.07734375
1 0.625 0.94921875 0.0703125 0.04140625
1 0.61640625 0.9640625 0.053125 0.059375
1 0.61640625 0.86015625 0.13359375 0.26796875
1 0.71328125 0.93125 0.0796875 0.11328125
1 0.71171875 0.9078125 0.05703125 0.1015625
1 0.71015625 0.86015625 0.16015625 0.26796875
1 0.78671875 0.94375 0.06640625 0.1015625
1 0.8203125 0.9640625 0.046875 0.059375
1 0.775 0.8484375 0.16328125 0.19609375
1 0.69296875 0.75 0.0796875 0.07109375
1 0.8046875 0.82421875 0.21015625 0.2796875
1 0.853125 0.8484375 0.16640625 0.29140625
1 0.9 0.83359375 0.16015625 0.2140625
1 0.95703125 0.9609375 0.03984375 0.04140625
1 0.471875 0.92890625 0.096875 0.13125
1 0.446875 0.9640625 0.08671875 0.059375
1 0.4234375 0.82734375 0.1 0.190625
1 0.453125 0.625 0.0796875 0.2140625
1 0.45859375 0.50625 0.096875 0.11875
1 0.396875 0.5953125 0.0796875 0.190625
1 0.3734375 0.4109375 0.1 0.190625
1 0.36640625 0.3421875 0.146875 0.13671875
1 0.41171875 0.17578125 0.1296875 0.25625
1 0.31171875 0.246875 0.06328125 0.1015625
1 0.2765625 0.13125 0.3265625 0.26171875
1 0.48203125 0.02109375 0.08984375 0.04140625
1 0.528125 0.58046875 0.103125 0.17265625
1 0.3546875 0.76796875 0.08359375 0.190625
1 0.271875 0.7734375 0.13671875 0.16640625
1 0.35 0.95859375 0.1 0.07109375
1 0.35859375 0.89296875 0.08359375 0.08359375
1 0.2765625 0.92265625 0.08671875 0.14296875
1 0.18515625 0.9734375 0.0765625 0.04140625
1 0.08828125 0.94921875 0.0765625 0.0890625
1 0.025 0.94609375 0.05 0.0953125
1 0.0265625 0.86640625 0.053125 0.065625
1 0.071875 0.31875 0.14296875 0.3515625
1 0.0203125 0.50625 0.03984375 0.13125
1 0.06171875 0.55078125 0.04296875 0.125
1 0.11015625 0.52109375 0.06640625 0.125
1 0.00703125 0.64609375 0.01328125 0.11328125
1 0.0515625 0.07421875 0.103125 0.1484375
1 0.19453125 0.1515625 0.1828125 0.303125
1 0.225 0.1546875 0.1703125 0.26171875
1 0.28515625 0.315625 0.05 0.10703125
1 0.178125 0.565625 0.05703125 0.10703125
1 0.2296875 0.63671875 0.0734375 0.14296875
1 0.2765625 0.58359375 0.06640625 0.11875
1 0.33984375 0.6515625 0.046875 0.1015625
1 0.28828125 0.67578125 0.05703125 0.04140625
1 0.3453125 0.54765625 0.0765625 0.11875
1 0.2984375 0.45546875 0.06328125 0.11328125
1 0.16171875 0.375 0.096875 0.0953125
1 0.228125 0.4015625 0.04296875 0.05390625
1 0.253125 0.434375 0.0203125 0.0359375
1 0.253125 0.48203125 0.03359375 0.059375
1 0.2484375 0.5359375 0.03671875 0.04765625
1 0.23203125 0.54765625 0.0234375 0.0359375
1 0.21015625 0.5296875 0.03359375 0.059375
1 0.2234375 0.4609375 0.03984375 0.065625
1 0.18671875 0.44609375 0.0265625 0.059375
1 0.178125 0.49375 0.03671875 0.04765625
1 0.16015625 0.44609375 0.0265625 0.04765625
1 0.11796875 0.1484375 0.1296875 0.10703125
1 0.0515625 0.32109375 0.06328125 0.17890625
1 0.121875 0.26171875 0.13671875 0.11875
1 0.1734375 0.2828125 0.0796875 0.11328125
1 0.225 0.32109375 0.14296875 0.13125
1 0.1515625 0.60390625 0.0296875 0.05390625
1 0.1765625 0.621875 0.03359375 0.05390625
1 0.15703125 0.6578125 0.046875 0.04140625
1 0.18984375 0.6875 0.0265625 0.05390625
1 0.16796875 0.7140625 0.0296875 0.059375
1 0.13984375 0.7171875 0.03359375 0.065625
1 0.1203125 0.61015625 0.03359375 0.065625
1 0.08984375 0.6578125 0.03984375 0.07734375
1 0.06015625 0.69921875 0.03984375 0.05390625
1 0.0515625 0.6609375 0.03671875 0.04765625
1 0.04140625 0.6578125 0.05703125 0.07734375
1 0.0265625 0.70859375 0.03359375 0.059375
1 0.06640625 0.70859375 0.053125 0.059375
1 0.01484375 0.74375 0.0296875 0.059375
1 0.0234375 0.80078125 0.03984375 0.07734375
1 0.05859375 0.75859375 0.04296875 0.065625
1 0.0734375 0.809375 0.03984375 0.059375
1 0.05703125 0.8484375 0.03359375 0.04140625
1 0.0765625 0.86640625 0.0265625 0.05390625
1 0.10703125 0.8359375 0.03359375 0.07734375
1 0.1203125 0.86640625 0.03359375 0.065625
1 0.14140625 0.8125 0.0296875 0.05390625
1 0.16484375 0.8421875 0.03671875 0.05390625
1 0.1984375 0.83359375 0.03671875 0.059375
1 0.228125 0.88125 0.0296875 0.07109375
1 0.2 0.9046875 0.0265625 0.059375
1 0.2234375 0.94375 0.03359375 0.065625
1 0.175 0.9078125 0.01640625 0.05390625
1 0.153125 0.89609375 0.0265625 0.05390625
1 0.13984375 0.92890625 0.03359375 0.059375
1 0.18359375 0.76796875 0.046875 0.08359375
1 0.13984375 0.7140625 0.03359375 0.059375
1 0.1015625 0.76484375 0.0296875 0.065625
1 0.13515625 0.7734375 0.0296875 0.04765625
1 0.10703125 0.7171875 0.03359375 0.05390625