1 0.8203125 0.925 0.13515625 0.1390625
1 0.70859375 0.8015625 0.18125 0.23203125
1 0.23203125 0.87109375 0.246875 0.24765625
1 0.88984375 0.7140625 0.0890625 0.10859375
1 0.92890625 0.63671875 0.0890625 0.10859375
1 0.9671875 0.70625 0.0578125 0.2375
1 0.97890625 0.8140625 0.034375 0.16484375
1 0.82421875 0.634375 0.0890625 0.103125
1 0.8765625 0.634375 0.0234375 0.0515625
1 0.86875 0.55703125 0.08515625 0.103125
1 0.94609375 0.55703125 0.06171875 0.09296875
1 0.92890625 0.4203125 0.13515625 0.221875
1 0.97890625 0.559375 0.034375 0.05703125
1 0.89375 0.471875 0.065625 0.0671875
1 0.83203125 0.48203125 0.065625 0.11875
1 0.77421875 0.5828125 0.05 0.0828125
1 0.83359375 0.37890625 0.1 0.09765625
1 0.8703125 0.21171875 0.25078125 0.35078125
1 0.85546875 0.13671875 0.096875 0.20078125
1 0.25078125 0.57734375 0.19296875 0.2375
1 0.434375 0.6265625 0.08125 0.12890625
1 0.5 0.64453125 0.0734375 0.0828125
1 0.66796875 0.4765625 0.2703125 0.428125
1 0.465625 0.56953125 0.0890625 0.10859375
1 0.534375 0.55390625 0.0421875 0.07734375
1 0.37421875 0.65703125 0.04609375 0.07734375
1 0.378125 0.5671875 0.06953125 0.103125
1 0.49453125 0.4796875 0.07734375 0.134375
1 0.534375 0.45859375 0.065625 0.103125
1 0.42109375 0.5 0.07734375 0.11328125
1 0.36875 0.47421875 0.065625 0.09296875
1 0.4421875 0.39140625 0.08125 0.103125
1 0.51953125 0.35546875 0.0734375 0.103125
1 0.52109375 0.34765625 0.1078125 0.11875
1 0.459375 0.29140625 0.115625 0.09765625
1 0.38046875 0.353125 0.0578125 0.14921875
1 0.2953125 0.3890625 0.13515625 0.21171875
1 0.08515625 0.353125 0.08515625 0.10859375
1 0.196875 0.45390625 0.06953125 0.0828125
1 0.01171875 0.64921875 0.0234375 0.103125
1 0.51171875 0.19609375 0.0578125 0.14453125
1 0.57890625 0.2703125 0.1078125 0.2734375
1 0.459375 0.2265625 0.03828125 0.103125
1 0.6015625 0.08984375 0.2625 0.1796875
1 0.39765625 0.10078125 0.16953125 0.20078125
1 0.29921875 0.14453125 0.1734375 0.1546875
1 0.39609375 0.25234375 0.0890625 0.1234375
1 0.31640625 0.25234375 0.1390625 0.1546875
1 0.1734375 0.19296875 0.1625 0.18046875
1 0.05234375 0.21640625 0.10390625 0.19609375
1 0.02109375 0.37109375 0.0421875 0.103125
1 0.11015625 0.29375 0.096875 0.09296875
1 0.1875 0.28125 0.11953125 0.05703125
1 0.1796875 0.325 0.096875 0.09296875
1 0.18125 0.384375 0.1 0.07734375
1 0.196875 0.4171875 0.07734375 0.0828125
1 0.02109375 0.4640625 0.0421875 0.16484375
1 0.10625 0.4359375 0.11953125 0.0671875
1 0.10390625 0.50546875 0.1234375 0.071875
1 0.07734375 0.559375 0.1546875 0.0875
1 0.0421875 0.646875 0.06171875 0.11875
1 0.11796875 0.634375 0.0890625 0.134375