1 0.8453125 0.53359375 0.09296875 0.12890625
1 0.934375 0.575 0.08515625 0.1390625
1 0.86484375 0.63671875 0.08515625 0.10859375
1 0.77421875 0.53359375 0.065625 0.11875
1 0.8921875 0.4796875 0.09296875 0.103125
1 0.90703125 0.73203125 0.06953125 0.0828125
1 0.82421875 0.72421875 0.10390625 0.0875
1 0.77578125 0.78359375 0.1078125 0.14453125
1 0.8453125 0.79921875 0.06953125 0.071875
1 0.89375 0.80703125 0.0421875 0.07734375
1 0.84375 0.865625 0.0734375 0.06171875
1 0.7875 0.85546875 0.03828125 0.04140625
1 0.67734375 0.77578125 0.1734375 0.3765625
1 0.72421875 0.76796875 0.0890625 0.175
1 0.5671875 0.7625 0.1234375 0.278125
1 0.6890625 0.60859375 0.2203125 0.21640625
1 0.6796875 0.5125 0.1625 0.09765625
1 0.540625 0.54375 0.13125 0.09765625
1 0.475 0.60859375 0.06171875 0.071875
1 0.41328125 0.6234375 0.09296875 0.134375
1 0.49453125 0.70078125 0.09296875 0.11328125
1 0.4671875 0.7703125 0.1078125 0.09765625
1 0.44375 0.4640625 0.1234375 0.16484375
1 0.596875 0.3140625 0.28984375 0.37109375
1 0.77578125 0.2140625 0.1 0.11875
1 0.8609375 0.27578125 0.1078125 0.16015625
1 0.93984375 0.2703125 0.0890625 0.1390625
1 0.92890625 0.396875 0.08125 0.11328125
1 0.83359375 0.4046875 0.1 0.1390625
1 0.77421875 0.35078125 0.096875 0.14453125
1 0.753125 0.45625 0.07734375 0.05703125
1 0.3703125 0.321875 0.16953125 0.221875
1 0.42890625 0.2265625 0.1390625 0.21640625
1 0.465625 0.15703125 0.11953125 0.190625
1 0.3203125 0.12109375 0.1546875 0.2421875
1 0.21015625 0.1859375 0.2203125 0.1859375
1 0.14296875 0.5125 0.2859375 0.54140625
1 0.25078125 0.5078125 0.146875 0.2421875
1 0.33203125 0.4328125 0.1 0.2265625
1 0.28359375 0.353125 0.11171875 0.12890625