1 0.13125 0.6203125 0.09453125 0.44296875
1 0.3125 0.7375 0.26875 0.35
1 0.40703125 0.66953125 0.30546875 0.42109375
1 0.44375 0.64765625 0.421875 0.27890625
1 0.53828125 0.584375 0.41484375 0.371875
1 0.59609375 0.4703125 0.45078125 0.2296875
1 0.7875 0.47578125 0.3890625 0.1203125
1 0.73671875 0.39375 0.5203125 0.153125
1 0.38203125 0.30625 0.21796875 0.1421875
1 0.16328125 0.15859375 0.3265625 0.3171875
1 0.09296875 0.3140625 0.0984375 0.19140625
1 0.1875 0.4015625 0.134375 0.34453125
1 0.2578125 0.34453125 0.1671875 0.240625
1 0.32734375 0.35 0.109375 0.1421875