1 0.82109375 0.94609375 0.05703125 0.0953125
1 0.83984375 0.83359375 0.06015625 0.11875
1 0.79453125 0.815625 0.0703125 0.0953125
1 0.78125 0.9078125 0.03671875 0.07734375
1 0.7671875 0.9703125 0.05 0.04765625
1 0.7328125 0.9375 0.06015625 0.07734375
1 0.690625 0.9109375 0.05703125 0.08359375
1 0.6953125 0.97890625 0.0265625 0.0296875
1 0.63203125 0.86640625 0.06015625 0.13671875
1 0.66875 0.82421875 0.0671875 0.0890625
1 0.72734375 0.8453125 0.06328125 0.0953125
1 0.72578125 0.74375 0.0671875 0.13125
1 0.78125 0.7734375 0.04375 0.0953125
1 0.7640625 0.66640625 0.05703125 0.10703125
1 0.81640625 0.63984375 0.0671875 0.13671875
1 0.80234375 0.73203125 0.053125 0.059375
1 0.6859375 0.64609375 0.06015625 0.1015625
1 0.72734375 0.63671875 0.03046875 0.08359375
1 0.66015625 0.72890625 0.0703125 0.11328125
1 0.6234375 0.7171875 0.0703125 0.1609375
1 0.58203125 0.6484375 0.06015625 0.14296875
1 0.6421875 0.57421875 0.0734375 0.125
1 0.70078125 0.58359375 0.05 0.08359375
1 0.6921875 0.5 0.06015625 0.07109375
1 0.75234375 0.45234375 0.0734375 0.10703125
1 0.784375 0.38359375 0.0703125 0.1015625
1 0.790625 0.4609375 0.0234375 0.04140625
1 0.7828125 0.51484375 0.0203125 0.05390625
1 0.55546875 0.56875 0.0671875 0.11328125
1 0.60859375 0.54765625 0.046875 0.08359375
1 0.096875 0.246875 0.19375 0.49375
1 0.72109375 0.371875 0.06328125 0.11328125
1 0.68046875 0.38984375 0.0703125 0.13671875
1 0.6171875 0.4375 0.06328125 0.11328125
1 0.58359375 0.4703125 0.05 0.07109375
1 0.53984375 0.49375 0.04375 0.07109375
1 0.53203125 0.4140625 0.06015625 0.1015625
1 0.58203125 0.38125 0.0671875 0.07109375
1 0.6453125 0.31875 0.0671875 0.11328125
1 0.69375 0.24140625 0.0703125 0.1015625
1 0.74453125 0.2796875 0.06328125 0.13125
1 0.8046875 0.22890625 0.06328125 0.125
1 0.79609375 0.30625 0.03984375 0.065625
1 0.8375 0.2734375 0.05 0.0953125
1 0.84765625 0.19375 0.03046875 0.07734375
1 0.86484375 0.11875 0.05 0.10703125
1 0.81640625 0.11875 0.06015625 0.10703125
1 0.79921875 0.05625 0.0734375 0.1015625
1 0.7578125 0.1609375 0.0765625 0.11875
1 0.74609375 0.04765625 0.0734375 0.0953125
1 0.70234375 0.128125 0.053125 0.11328125
1 0.67890625 0.06875 0.0671875 0.125
1 0.6421875 0.18125 0.0671875 0.13671875
1 0.615625 0.0953125 0.0671875 0.11875
1 0.58828125 0.1875 0.046875 0.11328125
1 0.57890625 0.2890625 0.06015625 0.125
1 0.525 0.32421875 0.053125 0.1015625
1 0.53046875 0.2140625 0.05703125 0.11875
1 0.55 0.0984375 0.06328125 0.125
1 0.48671875 0.13984375 0.06328125 0.0890625
1 0.4765625 0.24140625 0.05703125 0.11328125
1 0.4265625 0.2265625 0.06328125 0.14296875
1 0.46953125 0.3515625 0.06328125 0.10703125
1 0.48984375 0.4078125 0.04375 0.11328125
1 0.4046875 0.41640625 0.0671875 0.13125
1 0.39609375 0.30625 0.0703125 0.11328125
1 0.36484375 0.3359375 0.053125 0.0890625
1 0.32109375 0.23828125 0.0671875 0.10703125
1 0.28125 0.2734375 0.06015625 0.07109375
1 0.31640625 0.3125 0.04375 0.065625
1 0.31796875 0.4109375 0.08671875 0.14296875
1 0.35078125 0.4640625 0.06015625 0.13125
1 0.36484375 0.6015625 0.053125 0.11875
1 0.3546875 0.67890625 0.046875 0.07109375
1 0.3109375 0.69609375 0.06015625 0.08359375
1 0.30625 0.6015625 0.0703125 0.14296875
1 0.2359375 0.565625 0.06328125 0.13125
1 0.2625 0.48203125 0.05703125 0.0953125
1 0.2140625 0.48203125 0.0671875 0.13125
1 0.2171875 0.4078125 0.046875 0.04140625
1 0.19375 0.38671875 0.06015625 0.08359375
1 0.19375 0.29140625 0.06015625 0.10703125
1 0.22578125 0.24375 0.04375 0.0953125
1 0.27421875 0.190625 0.046875 0.059375
1 0.01171875 0.80078125 0.0234375 0.11328125
1 0.03203125 0.80625 0.03671875 0.11328125
1 0.00859375 0.70859375 0.01640625 0.0953125
1 0.03828125 0.684375 0.04375 0.11875
1 0.01171875 0.5921875 0.0234375 0.13671875
1 0.03359375 0.61015625 0.03984375 0.065625
1 0.071875 0.5328125 0.05 0.1015625
1 0.0203125 0.51484375 0.03984375 0.11328125
1 0.10703125 0.5390625 0.046875 0.0890625
1 0.1453125 0.565625 0.05703125 0.10703125
1 0.19921875 0.58359375 0.04375 0.0953125
1 0.165625 0.70234375 0.0703125 0.1546875
1 0.234375 0.7140625 0.08046875 0.14296875
1 0.27734375 0.753125 0.03984375 0.125
1 0.30234375 0.80390625 0.05703125 0.13125
1 0.33984375 0.75625 0.05 0.08359375
1 0.08515625 0.6515625 0.06328125 0.13671875
1 0.10234375 0.68125 0.06328125 0.125
1 0.11171875 0.79765625 0.0703125 0.10703125
1 0.16015625 0.86015625 0.0734375 0.1484375
1 0.2140625 0.9015625 0.08046875 0.1609375
1 0.240625 0.82109375 0.0671875 0.08359375
1 0.26953125 0.878125 0.05 0.065625
1 0.31640625 0.88359375 0.04375 0.0890625
1 0.2875 0.94375 0.06015625 0.1015625
1 0.25546875 0.9671875 0.05703125 0.05390625
1 0.15234375 0.9609375 0.0703125 0.065625
1 0.0984375 0.9046875 0.05 0.10703125