1 0.94140625 0.60078125 0.109375 0.78828125
1 0.9 0.396875 0.10546875 0.34765625
1 0.7953125 0.70078125 0.10234375 0.58671875
1 0.7078125 0.71171875 0.11640625 0.56484375
1 0.621875 0.60859375 0.15703125 0.771875
1 0.4796875 0.62734375 0.19375 0.73359375
1 0.5 0.81015625 0.08046875 0.36953125
1 0.36328125 0.67109375 0.2375 0.646875
1 0.35 0.646875 0.30625 0.6953125
1 0.28828125 0.57890625 0.30625 0.83125
1 0.1390625 0.63046875 0.27734375 0.61953125
1 0.1421875 0.771875 0.05859375 0.10859375
1 0.1625 0.41875 0.325 0.4671875
1 0.14765625 0.2390625 0.2953125 0.478125
1 0.04921875 0.23125 0.0984375 0.1578125
1 0.0875 0.084375 0.175 0.16875
1 0.2734375 0.02734375 0.196875 0.0546875
1 0.4578125 0.0953125 0.325 0.18984375
1 0.62890625 0.14921875 0.3546875 0.2984375
1 0.846875 0.22265625 0.29921875 0.4453125