1 0.44609375 0.1765625 0.14296875 0.06015625
1 0.54453125 0.321875 0.125 0.08359375
1 0.4109375 0.3234375 0.16640625 0.1
1 0.23828125 0.31328125 0.10703125 0.06015625
1 0.32109375 0.278125 0.14296875 0.05703125
1 0.16640625 0.3765625 0.1546875 0.06015625
1 0.26796875 0.3546875 0.0953125 0.0765625
1 0.08046875 0.421875 0.13671875 0.08984375
1 0.19609375 0.4203125 0.14296875 0.06640625
1 0.36328125 0.40859375 0.190625 0.08984375
1 0.559375 0.41171875 0.17890625 0.08359375
1 0.42578125 0.475 0.1609375 0.103125
1 0.5953125 0.496875 0.16640625 0.10703125
1 0.69921875 0.5015625 0.125 0.096875
1 0.23515625 0.49296875 0.17265625 0.09296875
1 0.04765625 0.5796875 0.0953125 0.08671875
1 0.39609375 0.678125 0.184375 0.103125
1 0.54140625 0.61484375 0.190625 0.11640625
1 0.5625 0.6953125 0.184375 0.096875
1 0.684375 0.60703125 0.11875 0.1
1 0.4375 0.571875 0.11328125 0.0765625
1 0.30390625 0.621875 0.10703125 0.05
1 0.2765625 0.5703125 0.13671875 0.053125
1 0.184375 0.61015625 0.14296875 0.08671875
1 0.2734375 0.6984375 0.20234375 0.11015625
1 0.128125 0.6953125 0.11328125 0.08359375
1 0.0390625 0.628125 0.07734375 0.05
1 0.0359375 0.6984375 0.07109375 0.08359375
1 0.07421875 0.775 0.1015625 0.11015625
1 0.190625 0.796875 0.14296875 0.09296875
1 0.27109375 0.7796875 0.1609375 0.06640625
1 0.44609375 0.76171875 0.17890625 0.06328125
1 0.33046875 0.828125 0.125 0.06328125