1 0.590625 0.86328125 0.23671875 0.2625
1 0.74765625 0.759375 0.221875 0.328125
1 0.88203125 0.6390625 0.21484375 0.30625
1 0.98359375 0.61171875 0.02578125 0.2078125
1 0.9203125 0.434375 0.15234375 0.23515625
1 0.97421875 0.19921875 0.04375 0.21328125
1 0.85078125 0.196875 0.19609375 0.30625
1 0.92265625 0.0625 0.1453125 0.125
1 0.76015625 0.44296875 0.16015625 0.2625
1 0.63671875 0.540625 0.19609375 0.2953125
1 0.50546875 0.44296875 0.16015625 0.240625
1 0.4421875 0.6390625 0.19296875 0.2625
1 0.34765625 0.84140625 0.21484375 0.30625
1 0.4578125 0.98359375 0.0796875 0.021875
1 0.2453125 0.97578125 0.134375 0.03828125
1 0.1234375 0.85546875 0.21796875 0.27890625
1 0.23671875 0.675 0.18203125 0.28984375
1 0.0671875 0.71328125 0.134375 0.28984375
1 0.08515625 0.4171875 0.1703125 0.290625
1 0.19296875 0.2953125 0.16015625 0.240625
1 0.05234375 0.1984375 0.1046875 0.203125
1 0.321875 0.21015625 0.178125 0.27890625
1 0.31640625 0.47578125 0.1890625 0.2734375
1 0.44765625 0.27578125 0.1234375 0.22421875
1 0.5875 0.303125 0.16328125 0.21328125
1 0.58359375 0.1640625 0.178125 0.1859375
1 0.75625 0.175 0.15234375 0.2515625
1 0.809375 0.04375 0.16328125 0.0875
1 0.64921875 0.06015625 0.17109375 0.1203125
1 0.48671875 0.07890625 0.1515625 0.1578125
1 0.33984375 0.04609375 0.1421875 0.0921875