1 0.1546875 0.5765625 0.21484375 0.28984375
1 0.36171875 0.62265625 0.21484375 0.2078125
1 0.5796875 0.50234375 0.2875 0.4375
1 0.8109375 0.47578125 0.37109375 0.95078125
1 0.30546875 0.33359375 0.6109375 0.3828125
1 0.06015625 0.6171875 0.1203125 0.2078125
1 0.1671875 0.2921875 0.2328125 0.14765625
1 0.290625 0.19140625 0.1671875 0.2078125
1 0.46328125 0.1203125 0.36015625 0.240625
1 0.21640625 0.13671875 0.2 0.2515625
1 0.69765625 0.15546875 0.2171875 0.3109375
1 0.7890625 0.04921875 0.24765625 0.0984375
1 0.13984375 0.14453125 0.2796875 0.2890625
1 0.3671875 0.478125 0.16015625 0.15859375