1 0.5375 0.253125 0.39140625 0.24921875
1 0.83125 0.32421875 0.27578125 0.18671875
1 0.24453125 0.29765625 0.221875 0.1953125
1 0.08203125 0.36875 0.1640625 0.16875
1 0.37109375 0.4625 0.10234375 0.0796875
1 0.3625 0.40703125 0.04921875 0.03125
1 0.33984375 0.38203125 0.04921875 0.0265625
1 0.29140625 0.384375 0.03984375 0.03125
1 0.31328125 0.41328125 0.03984375 0.0359375
1 0.29765625 0.45078125 0.04453125 0.03125
1 0.2640625 0.4734375 0.04921875 0.03984375
1 0.26015625 0.4359375 0.04921875 0.0359375
1 0.2375 0.40859375 0.04921875 0.0359375
1 0.19765625 0.44453125 0.084375 0.115625
1 0.11796875 0.45078125 0.06640625 0.0578125
1 0.48671875 0.421875 0.19140625 0.0796875
1 0.6421875 0.47578125 0.1640625 0.16015625
1 0.6796875 0.4578125 0.18671875 0.13359375
1 0.715625 0.40703125 0.15078125 0.1109375
1 0.746875 0.38203125 0.16015625 0.12421875
1 0.7953125 0.384375 0.15078125 0.06640625
1 0.86015625 0.4890625 0.1640625 0.13359375
1 0.74921875 0.53359375 0.10234375 0.0359375
1 0.7265625 0.5640625 0.1109375 0.04453125
1 0.70859375 0.5953125 0.1109375 0.053125
1 0.77109375 0.61328125 0.07578125 0.0265625
1 0.8734375 0.5953125 0.10234375 0.04453125
1 0.7953125 0.5890625 0.0625 0.03125
1 0.61796875 0.59140625 0.12421875 0.0625
1 0.53125 0.578125 0.1640625 0.0890625
1 0.48671875 0.521875 0.15546875 0.1375
1 0.36875 0.55078125 0.1421875 0.1421875
1 0.2265625 0.60234375 0.12421875 0.03984375
1 0.10859375 0.59296875 0.1109375 0.0578125
1 0.215625 0.5421875 0.2890625 0.15078125