1 0.1625 0.778125 0.20859375 0.4359375
1 0.3953125 0.7953125 0.38203125 0.4
1 0.59296875 0.75078125 0.59140625 0.4890625
1 0.88203125 0.5796875 0.2265625 0.43125
1 0.89140625 0.8109375 0.20859375 0.36875
1 0.74921875 0.77109375 0.29765625 0.44921875
1 0.49765625 0.60703125 0.9953125 0.33359375
1 0.03125 0.83125 0.0625 0.13359375
1 0.17109375 0.3109375 0.3421875 0.621875
1 0.54453125 0.315625 0.90234375 0.63125
1 0.66640625 0.3265625 0.6578125 0.60859375
1 0.54375 0.0796875 0.30625 0.159375
1 0.284375 0.12421875 0.44453125 0.15078125
1 0.178125 0.31328125 0.35546875 0.146875
1 0.0953125 0.1796875 0.146875 0.1203125
1 0.02421875 0.13515625 0.0484375 0.2703125