1 0.84375 0.37265625 0.22109375 0.19296875
1 0.88203125 0.58046875 0.1984375 0.265625
1 0.68515625 0.49765625 0.19453125 0.22421875
1 0.6375 0.67421875 0.30546875 0.25546875
1 0.809375 0.69765625 0.06875 0.10390625
1 0.43671875 0.640625 0.15625 0.33359375
1 0.475 0.48203125 0.225 0.24453125
1 0.5359375 0.31015625 0.1640625 0.15078125
1 0.5953125 0.20546875 0.1296875 0.140625
1 0.67578125 0.3125 0.121875 0.14609375
1 0.5859375 0.40625 0.05703125 0.0625
1 0.47109375 0.3046875 0.13359375 0.171875
1 0.48671875 0.20078125 0.12578125 0.109375
1 0.4140625 0.23984375 0.06484375 0.09375
1 0.36484375 0.25546875 0.0421875 0.04140625
1 0.3875 0.29453125 0.034375 0.06796875
1 0.3453125 0.30234375 0.05703125 0.07265625
1 0.31328125 0.27109375 0.03828125 0.05234375
1 0.3265625 0.234375 0.034375 0.02109375
1 0.2859375 0.23984375 0.03828125 0.03125
1 0.28828125 0.33046875 0.05703125 0.05703125
1 0.284375 0.3828125 0.05703125 0.05703125
1 0.31640625 0.43203125 0.04609375 0.04140625
1 0.3359375 0.390625 0.03828125 0.05234375
1 0.36640625 0.35703125 0.06875 0.046875
1 0.265625 0.4453125 0.034375 0.03671875
1 0.3015625 0.72890625 0.121875 0.1875
1 0.34765625 0.19296875 0.41953125 0.375
1 0.14140625 0.52890625 0.1984375 0.24453125
1 0.2234375 0.609375 0.27890625 0.3125
1 0.20390625 0.59921875 0.14921875 0.17734375
1 0.75078125 0.24453125 0.4734375 0.4890625