1 0.7984375 0.88828125 0.265625 0.21328125
1 0.96328125 0.98359375 0.065625 0.021875
1 0.990625 0.83046875 0.0109375 0.13125
1 0.8546875 0.653125 0.28359375 0.41015625
1 0.93828125 0.325 0.11640625 0.43203125
1 0.76875 0.23515625 0.21484375 0.3171875
1 0.6796875 0.37734375 0.24765625 0.328125
1 0.590625 0.65859375 0.2578125 0.34453125
1 0.54765625 0.89921875 0.25078125 0.19140625
1 0.421875 0.78125 0.2109375 0.3171875
1 0.30546875 0.91796875 0.2328125 0.153125
1 0.20390625 0.740625 0.28359375 0.43203125
1 0.18203125 0.2515625 0.1890625 0.4921875
1 0.40546875 0.434375 0.3015625 0.44296875
1 0.4578125 0.16953125 0.290625 0.30625
1 0.05625 0.86875 0.1125 0.2515625
1 0.0421875 0.60625 0.08359375 0.3609375
1 0.0546875 0.39921875 0.109375 0.2625
1 0.0671875 0.1390625 0.134375 0.278125