1 0.96015625 0.08515625 0.04296875 0.07109375
1 0.896875 0.07109375 0.046875 0.0765625
1 0.89921875 0.1484375 0.05078125 0.0765625
1 0.93828125 0.1125 0.04296875 0.04921875
1 0.953125 0.17578125 0.06484375 0.09921875
1 0.98359375 0.1265625 0.025 0.09921875
1 0.90625 0.19765625 0.06484375 0.0546875
1 0.909375 0.2640625 0.071875 0.09921875
1 0.98046875 0.2140625 0.0328125 0.04375
1 0.95859375 0.23046875 0.0328125 0.0328125
1 0.9765625 0.28046875 0.03984375 0.08828125
1 0.98359375 0.3546875 0.025 0.09375
1 0.93125 0.32421875 0.06484375 0.04375
1 0.93359375 0.3765625 0.07578125 0.06015625
1 0.93671875 0.43984375 0.07578125 0.12109375
1 0.9875 0.45625 0.01796875 0.09921875
1 0.953125 0.546875 0.08671875 0.115625
1 0.9859375 0.615625 0.021875 0.0765625
1 0.96171875 0.70078125 0.06875 0.115625
1 0.978125 0.77734375 0.0359375 0.09375
1 0.9671875 0.8765625 0.0578125 0.1265625
1 0.9671875 0.95859375 0.0578125 0.07109375
1 0.8953125 0.9671875 0.08671875 0.0546875
1 0.87890625 0.87890625 0.1046875 0.14296875
1 0.92265625 0.771875 0.07578125 0.115625
1 0.85703125 0.80234375 0.046875 0.0546875
1 0.8 0.9453125 0.07578125 0.09921875
1 0.778125 0.83515625 0.090625 0.15390625
1 0.71875 0.89296875 0.0796875 0.1265625
1 0.7 0.96171875 0.071875 0.065625
1 0.64765625 0.91484375 0.07578125 0.1484375
1 0.58671875 0.9640625 0.0828125 0.06015625
1 0.60859375 0.8625 0.06171875 0.14296875
1 0.66796875 0.7828125 0.071875 0.1265625
1 0.70234375 0.72265625 0.06875 0.115625
1 0.765625 0.7171875 0.06484375 0.115625
1 0.82890625 0.7390625 0.05390625 0.1265625
1 0.88828125 0.728125 0.071875 0.115625
1 0.9171875 0.6234375 0.0796875 0.1265625
1 0.8390625 0.63203125 0.06171875 0.08828125
1 0.628125 0.75 0.0578125 0.08203125
1 0.55234375 0.7640625 0.09375 0.14296875
1 0.58828125 0.68984375 0.0796875 0.1375
1 0.64765625 0.6484375 0.06171875 0.11015625
1 0.70546875 0.56328125 0.06875 0.1375
1 0.7453125 0.6046875 0.0828125 0.13203125
1 0.79453125 0.5578125 0.071875 0.09375
1 0.8625 0.5328125 0.0578125 0.12109375
1 0.64296875 0.54140625 0.0796875 0.115625
1 0.58671875 0.5796875 0.07578125 0.115625
1 0.5109375 0.61015625 0.07578125 0.11015625
1 0.54296875 0.45859375 0.06171875 0.09375
1 0.603125 0.4640625 0.071875 0.1046875
1 0.67890625 0.4671875 0.06484375 0.09921875
1 0.6953125 0.40625 0.0828125 0.09921875
1 0.74765625 0.4671875 0.0578125 0.09921875
1 0.76328125 0.3953125 0.06171875 0.065625
1 0.8125 0.45078125 0.071875 0.12109375
1 0.8734375 0.41171875 0.0578125 0.065625
1 0.871875 0.3546875 0.03984375 0.08203125
1 0.815625 0.3546875 0.06484375 0.07109375
1 0.59921875 0.38203125 0.071875 0.07109375
1 0.5484375 0.39296875 0.04296875 0.07109375
1 0.5484375 0.33828125 0.071875 0.08203125
1 0.57578125 0.2609375 0.03984375 0.1046875
1 0.84140625 0.2140625 0.05078125 0.08828125
1 0.84296875 0.2859375 0.046875 0.0765625
1 0.81953125 0.3515625 0.05078125 0.065625
1 0.5328125 0.2609375 0.05390625 0.09375
1 0.55625 0.18125 0.06484375 0.065625
1 0.61875 0.12890625 0.06171875 0.08203125
1 0.68046875 0.1125 0.05390625 0.08203125
1 0.75078125 0.11015625 0.071875 0.0546875
1 0.73671875 0.08203125 0.04296875 0.0328125
1 0.70390625 0.05234375 0.06484375 0.06015625
1 0.63203125 0.06875 0.071875 0.06015625
1 0.58125 0.09921875 0.0796875 0.08828125
1 0.5359375 0.13203125 0.03984375 0.065625
1 0.40625 0.04140625 0.06875 0.08203125
1 0.37734375 0.07421875 0.06171875 0.08203125
1 0.34453125 0.0546875 0.0328125 0.0546875
1 0.3 0.0578125 0.0578125 0.06015625
1 0.278125 0.12890625 0.06484375 0.1046875
1 0.24765625 0.03828125 0.06171875 0.0765625
1 0.21484375 0.04921875 0.06875 0.0765625
1 0.21875 0.1265625 0.046875 0.04375
1 0.2234375 0.18984375 0.06484375 0.08203125
1 0.25625 0.25859375 0.071875 0.0765625
1 0.31953125 0.24453125 0.05390625 0.06015625
1 0.28671875 0.22265625 0.06171875 0.06015625
1 0.1859375 0.275 0.07578125 0.08828125
1 0.2109375 0.30234375 0.0328125 0.021875
1 0.34453125 0.13203125 0.06875 0.08828125
1 0.3015625 0.0546875 0.05390625 0.0546875
1 0.43125 0.12890625 0.06171875 0.09375
1 0.38984375 0.15390625 0.0359375 0.0765625
1 0.35390625 0.2140625 0.06484375 0.0546875
1 0.4203125 0.2140625 0.06171875 0.08828125
1 0.48359375 0.22265625 0.06484375 0.08203125
1 0.39921875 0.25859375 0.06171875 0.0765625
1 0.4671875 0.28828125 0.06171875 0.08203125
1 0.428125 0.34609375 0.046875 0.13203125
1 0.48203125 0.340625 0.06171875 0.0546875
1 0.49296875 0.3953125 0.06171875 0.08828125
1 0.465625 0.4453125 0.071875 0.11015625
1 0.15703125 0.39296875 0.05390625 0.1046875
1 0.50390625 0.5359375 0.07578125 0.1046875
1 0.4296875 0.61796875 0.08671875 0.1265625
1 0.44609375 0.5140625 0.03984375 0.09375
1 0.3859375 0.521875 0.08671875 0.13203125
1 0.3359375 0.6265625 0.08671875 0.12109375
1 0.39921875 0.70625 0.0828125 0.1375
1 0.44609375 0.76953125 0.0828125 0.13203125
1 0.509375 0.7171875 0.071875 0.09375
1 0.3046875 0.51953125 0.07578125 0.1046875
1 0.2546875 0.59921875 0.090625 0.09921875
1 0.24921875 0.53828125 0.05078125 0.0328125
1 0.5328125 0.8984375 0.090625 0.1375
1 0.51796875 0.975 0.046875 0.03828125
1 0.4421875 0.9640625 0.090625 0.06015625
1 0.43671875 0.8875 0.08671875 0.1484375
1 0.35234375 0.85703125 0.09765625 0.14296875
1 0.3828125 0.79375 0.05078125 0.06015625
1 0.3484375 0.95625 0.09765625 0.0765625
1 0.3 0.909375 0.06484375 0.09375
1 0.26015625 0.95625 0.10078125 0.0765625
1 0.20546875 0.8984375 0.10078125 0.1375
1 0.1296875 0.953125 0.09375 0.08203125
1 0.103125 0.9203125 0.090625 0.1484375
1 0.1859375 0.8078125 0.090625 0.12109375
1 0.10625 0.79375 0.0828125 0.1265625
1 0.27265625 0.79921875 0.09765625 0.1484375
1 0.31953125 0.725 0.0828125 0.12109375
1 0.2421875 0.703125 0.08671875 0.12109375
1 0.16796875 0.45078125 0.046875 0.021875
1 0.1640625 0.503125 0.0828125 0.1046875
1 0.16640625 0.58828125 0.09375 0.09921875
1 0.1640625 0.68984375 0.090625 0.1265625
1 0.12109375 0.60703125 0.025 0.08203125
1 0.10859375 0.6953125 0.0359375 0.08203125
1 0.02890625 0.98046875 0.0578125 0.02734375
1 0.025 0.909375 0.05 0.1375
1 0.03046875 0.79375 0.0609375 0.115625
1 0.046875 0.703125 0.09375 0.14296875
1 0.06640625 0.61015625 0.090625 0.11015625
1 0.01953125 0.57578125 0.0390625 0.1109375
1 0.090625 0.525 0.0796875 0.1046875
1 0.01640625 0.478125 0.0328125 0.08828125
1 0.0328125 0.45625 0.0578125 0.11015625
1 0.0921875 0.4234375 0.07578125 0.11015625
1 0.06640625 0.37890625 0.06171875 0.0765625
1 0.1171875 0.3296875 0.07578125 0.11015625
1 0.11875 0.2390625 0.0796875 0.07109375
1 0.16640625 0.20078125 0.0578125 0.07109375
1 0.05078125 0.26953125 0.06484375 0.065625
1 0.05234375 0.34375 0.06171875 0.08203125
1 0.01796875 0.38203125 0.0359375 0.09375
1 0.04296875 0.1921875 0.071875 0.08828125
1 0.10625 0.16796875 0.06171875 0.07109375
1 0.0125 0.23359375 0.025 0.159375
1 0.04296875 0.11796875 0.06484375 0.08203125
1 0.00546875 0.1046875 0.0109375 0.0765625
1 0.02734375 0.0546875 0.05390625 0.0328125
1 0.0140625 0.02734375 0.028125 0.0546875