1 0.92421875 0.4140625 0.14375 0.35390625
1 0.9421875 0.4890625 0.1078125 0.27109375
1 0.81796875 0.4640625 0.07578125 0.2984375
1 0.91171875 0.7765625 0.046875 0.13828125
1 0.928125 0.88359375 0.02890625 0.08828125
1 0.97265625 0.88359375 0.046875 0.04453125
1 0.95703125 0.8125 0.07890625 0.11015625
1 0.87578125 0.91171875 0.07578125 0.165625
1 0.86171875 0.77890625 0.05390625 0.19921875
1 0.62265625 0.93671875 0.071875 0.11640625
1 0.67421875 0.9640625 0.046875 0.0609375
1 0.58984375 0.94453125 0.071875 0.09921875
1 0.546875 0.95 0.06484375 0.08828125
1 0.4875 0.93359375 0.046875 0.121875
1 0.4515625 0.9390625 0.025 0.05546875
1 0.4390625 0.978125 0.0359375 0.0328125
1 0.37421875 0.978125 0.06484375 0.0328125
1 0.7515625 0.83125 0.215625 0.32578125
1 0.70703125 0.67109375 0.1765625 0.09375
1 0.60625 0.74609375 0.0609375 0.08828125
1 0.5703125 0.80390625 0.0609375 0.0828125
1 0.73359375 0.56328125 0.02890625 0.04453125
1 0.77890625 0.1578125 0.2046875 0.259375
1 0.82890625 0.11640625 0.21953125 0.23203125
1 0.9546875 0.16015625 0.0828125 0.1546875
1 0.9765625 0.0390625 0.03984375 0.07734375
1 0.9296875 0.04453125 0.0609375 0.08828125
1 0.69453125 0.59375 0.021875 0.02734375
1 0.71796875 0.59375 0.01796875 0.02734375
1 0.7015625 0.56875 0.021875 0.021875
1 0.7 0.54140625 0.01796875 0.04453125
1 0.71796875 0.53046875 0.01796875 0.021875
1 0.715625 0.50546875 0.0140625 0.02734375
1 0.73359375 0.51953125 0.0140625 0.0328125
1 0.74609375 0.5359375 0.01796875 0.021875
1 0.665625 0.59140625 0.021875 0.021875
1 0.66015625 0.5609375 0.03203125 0.02734375
1 0.64765625 0.5328125 0.021875 0.01640625
1 0.534375 0.1046875 0.046875 0.09921875
1 0.66328125 0.3234375 0.03203125 0.0390625
1 0.68515625 0.29296875 0.01796875 0.0328125
1 0.50703125 0.0609375 0.02890625 0.06640625
1 0.56640625 0.05234375 0.0609375 0.0390625
1 0.4546875 0.44765625 0.140625 0.22109375
1 0.57578125 0.259375 0.15078125 0.1765625
1 0.584375 0.40625 0.16171875 0.16015625
1 0.4046875 0.1515625 0.06796875 0.05
1 0.3796875 0.240625 0.025 0.11640625
1 0.4390625 0.30078125 0.11484375 0.071875
1 0.4515625 0.61875 0.025 0.05546875
1 0.478125 0.596875 0.02890625 0.04453125
1 0.490625 0.5578125 0.03984375 0.05546875
1 0.53046875 0.60234375 0.046875 0.07734375
1 0.4171875 0.63828125 0.0359375 0.0828125
1 0.4765625 0.6296875 0.1546875 0.21015625
1 0.36875 0.77109375 0.06796875 0.2046875
1 0.3234375 0.79296875 0.071875 0.16015625
1 0.25703125 0.8125 0.06796875 0.14375
1 0.17421875 0.215625 0.096875 0.14375
1 0.03203125 0.115625 0.0640625 0.165625
1 0.0953125 0.2734375 0.07578125 0.11640625
1 0.18671875 0.73203125 0.0359375 0.13828125
1 0.18671875 0.92265625 0.0359375 0.14375
1 0.0359375 0.93125 0.02890625 0.12734375
1 0.0484375 0.7484375 0.025 0.11640625
1 0.03984375 0.55 0.07890625 0.2046875
1 0.0234375 0.40078125 0.046875 0.1046875
1 0.2625 0.06640625 0.1296875 0.05546875
1 0.38125 0.0828125 0.071875 0.0328125
1 0.43359375 0.07421875 0.06796875 0.0609375
1 0.359375 0.05 0.021875 0.0328125
1 0.37734375 0.03046875 0.04296875 0.05
1 0.40859375 0.0328125 0.01796875 0.021875
1 0.36484375 0.0140625 0.046875 0.02734375
1 0.4625 0.14375 0.05390625 0.06640625
1 0.4390625 0.10234375 0.05 0.0390625
1 0.37421875 0.11328125 0.0578125 0.02734375
1 0.36328125 0.1546875 0.021875 0.05546875
1 0.1546875 0.4671875 0.15078125 0.33671875