1 0.3125 0.584375 0.07265625 0.065625
1 0.365625 0.44296875 0.0984375 0.2078125
1 0.44921875 0.35546875 0.090625 0.0546875
1 0.49453125 0.415625 0.0578125 0.1859375
1 0.5328125 0.4453125 0.0765625 0.10390625
1 0.54921875 0.36640625 0.065625 0.0546875
1 0.6125 0.42890625 0.08359375 0.16953125
1 0.63671875 0.55703125 0.0875 0.1640625
1 0.58359375 0.6828125 0.090625 0.1203125
1 0.534375 0.80078125 0.0875 0.08203125
1 0.5984375 0.76484375 0.06171875 0.04375
1 0.4234375 0.84140625 0.12734375 0.1640625
1 0.4671875 0.784375 0.08359375 0.13671875
1 0.40703125 0.6859375 0.1234375 0.14765625
1 0.434375 0.62578125 0.0984375 0.12578125
1 0.5015625 0.57890625 0.09453125 0.21875
1 0.54765625 0.62265625 0.1203125 0.2296875
1 0.3421875 0.6828125 0.09453125 0.109375
1 0.3453125 0.77890625 0.109375 0.09296875
1 0.478125 0.62265625 0.39609375 0.57890625