1 0.96875 0.28125 0.0546875 0.07109375
1 0.9421875 0.3359375 0.0578125 0.08203125
1 0.9671875 0.3609375 0.02890625 0.0765625
1 0.9 0.36875 0.04765625 0.07109375
1 0.87421875 0.32265625 0.0546875 0.0765625
1 0.77109375 0.434375 0.0578125 0.09296875
1 0.8109375 0.42109375 0.065625 0.109375
1 0.809375 0.628125 0.06171875 0.0984375
1 0.83125 0.69140625 0.06171875 0.07109375
1 0.86328125 0.7046875 0.04765625 0.0984375
1 0.76015625 0.7625 0.05078125 0.07109375
1 0.78203125 0.79765625 0.065625 0.0875
1 0.79296875 0.715625 0.03671875 0.0546875
1 0.58203125 0.89609375 0.05078125 0.0546875
1 0.57421875 0.846875 0.04375 0.04375
1 0.6 0.81953125 0.021875 0.04375
1 0.57109375 0.81171875 0.03671875 0.04921875
1 0.52890625 0.78984375 0.06171875 0.07109375
1 0.50390625 0.69140625 0.08359375 0.10390625
1 0.52734375 0.61171875 0.07265625 0.0765625
1 0.4546875 0.6640625 0.065625 0.11484375
1 0.5453125 0.48671875 0.05078125 0.0765625
1 0.5 0.47578125 0.04765625 0.0875
1 0.50546875 0.415625 0.04375 0.0765625
1 0.40703125 0.2265625 0.0578125 0.08203125
1 0.44375 0.16953125 0.05078125 0.0765625
1 0.39609375 0.175 0.04375 0.065625
1 0.4046875 0.02421875 0.040625 0.0484375
1 0.25234375 0.13359375 0.0328125 0.04921875
1 0.2765625 0.1609375 0.02890625 0.04921875
1 0.26875 0.32265625 0.03671875 0.065625
1 0.22890625 0.35234375 0.03671875 0.07109375
1 0.26328125 0.3796875 0.04765625 0.04921875
1 0.04921875 0.19921875 0.01796875 0.03828125
1 0.02578125 0.19375 0.021875 0.03828125
1 0.08203125 0.346875 0.02578125 0.06015625
1 0.0421875 0.37734375 0.04765625 0.0765625
1 0.20390625 0.60625 0.03671875 0.065625
1 0.2421875 0.57109375 0.04765625 0.06015625
1 0.09453125 0.5 0.03671875 0.07109375
1 0.05078125 0.54375 0.02890625 0.04921875
1 0.078125 0.5515625 0.03984375 0.0765625
1 0.23828125 0.50546875 0.04765625 0.06015625
1 0.13125 0.6421875 0.02890625 0.06015625