1 0.959375 0.3296875 0.0734375 0.11328125
1 0.94375 0.40703125 0.08125 0.09296875
1 0.975 0.45625 0.0421875 0.0875
1 0.98046875 0.5125 0.03125 0.0671875
1 0.9359375 0.5234375 0.096875 0.0875
1 0.97265625 0.60078125 0.04609375 0.0875
1 0.8921875 0.4484375 0.1078125 0.11328125
1 0.8359375 0.34765625 0.11953125 0.11875
1 0.878125 0.3296875 0.065625 0.11328125
1 0.90546875 0.3171875 0.0578125 0.09765625
1 0.95390625 0.28125 0.08515625 0.0359375
1 0.96328125 0.234375 0.065625 0.0671875
1 0.78359375 0.41015625 0.1078125 0.0875
1 0.75859375 0.33984375 0.0578125 0.06171875
1 0.74296875 0.28828125 0.096875 0.11328125
1 0.79765625 0.2625 0.0578125 0.071875
1 0.68515625 0.35859375 0.10390625 0.0671875
1 0.65859375 0.31171875 0.02734375 0.015625
1 0.60234375 0.3609375 0.06171875 0.03125
1 0.540625 0.15703125 0.23203125 0.11875
1 0.5171875 0.23203125 0.19296875 0.11328125
1 0.5328125 0.30703125 0.1390625 0.0875
1 0.64296875 0.3015625 0.096875 0.0875
1 0.6734375 0.2296875 0.096875 0.11875
1 0.74921875 0.1828125 0.07734375 0.0875
1 0.90703125 0.24453125 0.17734375 0.0875
1 0.07109375 0.38359375 0.1421875 0.2015625
1 0.1078125 0.22578125 0.215625 0.1453125
1 0.2046875 0.45078125 0.1078125 0.2625
1 0.3265625 0.32734375 0.3046875 0.46875
1 0.5734375 0.5359375 0.10390625 0.09296875
1 0.596875 0.52578125 0.0578125 0.06171875
1 0.67578125 0.575 0.09296875 0.0875
1 0.7125 0.63125 0.05 0.14921875
1 0.7546875 0.4875 0.034375 0.12890625
1 0.778125 0.5078125 0.034375 0.12890625
1 0.78203125 0.5640625 0.0734375 0.16015625
1 0.55234375 0.4328125 0.05390625 0.04140625
1 0.5015625 0.396875 0.09296875 0.11328125
1 0.59453125 0.54140625 0.30859375 0.31953125
1 0.83203125 0.53359375 0.18125 0.190625
1 0.74921875 0.73203125 0.09296875 0.0828125
1 0.67734375 0.765625 0.065625 0.0875
1 0.66015625 0.6984375 0.07734375 0.07734375
1 0.61796875 0.75234375 0.06953125 0.11328125
1 0.58671875 0.67265625 0.06171875 0.0671875
1 0.5328125 0.66015625 0.05390625 0.0828125
1 0.565625 0.75 0.0734375 0.0875
1 0.5484375 0.7859375 0.04609375 0.05703125
1 0.5984375 0.81171875 0.06171875 0.05703125
1 0.56171875 0.83984375 0.08125 0.04140625
1 0.5328125 0.86328125 0.07734375 0.05703125
1 0.490625 0.821875 0.06953125 0.0875
1 0.4671875 0.87890625 0.06171875 0.0671875
1 0.41328125 0.85078125 0.03828125 0.04140625
1 0.37421875 0.81953125 0.05390625 0.0515625
1 0.41484375 0.79609375 0.10390625 0.09765625
1 0.43046875 0.74453125 0.10390625 0.0671875
1 0.50546875 0.75 0.03828125 0.05703125
1 0.42890625 0.675 0.1078125 0.0828125
1 0.5015625 0.70078125 0.05390625 0.071875
1 0.42890625 0.6109375 0.06171875 0.0359375
1 0.490625 0.634375 0.06171875 0.071875
1 0.36875 0.6265625 0.0578125 0.05703125
1 0.3125 0.809375 0.06953125 0.06171875
1 0.33359375 0.8453125 0.0578125 0.04140625
1 0.271875 0.86328125 0.065625 0.07734375
1 0.26640625 0.78828125 0.06953125 0.06171875
1 0.30078125 0.7296875 0.06171875 0.09765625
1 0.3453125 0.7703125 0.034375 0.05703125
1 0.353125 0.70625 0.0421875 0.0828125
1 0.328125 0.646875 0.05390625 0.0671875
1 0.2796875 0.6859375 0.065625 0.09296875
1 0.2296875 0.73984375 0.0890625 0.09765625
1 0.18359375 0.6265625 0.0421875 0.0671875
1 0.23359375 0.6265625 0.0578125 0.07734375
1 0.2796875 0.5953125 0.065625 0.05703125
1 0.14296875 0.66015625 0.06171875 0.071875
1 0.1640625 0.78828125 0.096875 0.1546875
1 0.1890625 0.70078125 0.06171875 0.071875
1 0.075 0.6625 0.08125 0.04609375
1 0.03828125 0.73125 0.0765625 0.09375
1 0.03671875 0.79140625 0.0734375 0.11875
1 0.0171875 0.86328125 0.034375 0.0875
1 0.05234375 0.8765625 0.10390625 0.11328125
1 0.10234375 0.765625 0.0421875 0.0875
1 0.1234375 0.89921875 0.1078125 0.11875
1 0.18359375 0.928125 0.0421875 0.1234375
1 0.21640625 0.91015625 0.03125 0.1703125
1 0.25078125 0.94296875 0.04609375 0.103125
1 0.2796875 0.940625 0.08125 0.10859375
1 0.02109375 0.96171875 0.0421875 0.05703125