1 0.96171875 0.8796875 0.06875 0.2296875
1 0.8796875 0.93984375 0.1671875 0.109375
1 0.89296875 0.86640625 0.0984375 0.09296875
1 0.96875 0.6640625 0.0546875 0.20234375
1 0.76015625 0.89375 0.1453125 0.20234375
1 0.8234375 0.81953125 0.12734375 0.1640625
1 0.8796875 0.72421875 0.1453125 0.20234375
1 0.95625 0.565625 0.0796875 0.12578125
1 0.8203125 0.51875 0.20703125 0.240625
1 0.878125 0.43984375 0.15625 0.14765625
1 0.9671875 0.48125 0.0578125 0.109375
1 0.95078125 0.346875 0.090625 0.15859375
1 0.95234375 0.26796875 0.0875 0.0984375
1 0.97265625 0.171875 0.04765625 0.09296875
1 0.86015625 0.28671875 0.10546875 0.14765625
1 0.89453125 0.16953125 0.11640625 0.13125
1 0.9546875 0.10390625 0.08359375 0.1640625
1 0.9671875 0.021875 0.0578125 0.04375
1 0.91484375 0.01640625 0.0546875 0.0328125
1 0.86484375 0.0515625 0.1015625 0.103125
1 0.80546875 0.19375 0.090625 0.19140625
1 0.72734375 0.303125 0.1234375 0.15859375
1 0.5984375 0.93203125 0.14921875 0.12578125
1 0.6890625 0.9671875 0.0546875 0.0546875
1 0.65234375 0.8171875 0.221875 0.25703125
1 0.7453125 0.675 0.1234375 0.19140625
1 0.63671875 0.67734375 0.065625 0.0765625
1 0.690625 0.5984375 0.109375 0.13671875
1 0.690625 0.4375 0.13828125 0.1640625
1 0.6125 0.31953125 0.14921875 0.18046875
1 0.70703125 0.16640625 0.1203125 0.15859375
1 0.6546875 0.1609375 0.1015625 0.14765625
1 0.7125 0.08984375 0.0796875 0.07109375
1 0.78203125 0.0546875 0.0796875 0.109375
1 0.703125 0.03515625 0.06875 0.0703125
1 0.61953125 0.0515625 0.1046875 0.103125
1 0.57109375 0.128125 0.109375 0.13671875
1 0.5203125 0.2484375 0.1015625 0.18046875
1 0.490625 0.3578125 0.1015625 0.11484375
1 0.534375 0.41796875 0.0875 0.06015625
1 0.59296875 0.42890625 0.03671875 0.03828125
1 0.58515625 0.5109375 0.15234375 0.16953125
1 0.52578125 0.63671875 0.20703125 0.16953125
1 0.45078125 0.86640625 0.19609375 0.25703125
1 0.4 0.77578125 0.13828125 0.21875
1 0.32890625 0.915625 0.090625 0.15859375
1 0.4421875 0.97578125 0.17109375 0.03828125
1 0.24765625 0.7734375 0.18203125 0.19140625
1 0.32890625 0.57109375 0.21484375 0.22421875
1 0.41484375 0.4265625 0.1234375 0.13125
1 0.37421875 0.31953125 0.11640625 0.15859375
1 0.40390625 0.27890625 0.11640625 0.153125
1 0.44375 0.15859375 0.109375 0.196875
1 0.46796875 0.0625 0.1234375 0.125
1 0.559375 0.02421875 0.071875 0.0484375
1 0.35625 0.0515625 0.109375 0.103125
1 0.3015625 0.11171875 0.16015625 0.19140625
1 0.2234375 0.915625 0.16328125 0.15859375
1 0.07109375 0.93203125 0.1421875 0.12578125
1 0.02890625 0.846875 0.0578125 0.04375
1 0.109375 0.8828125 0.13125 0.12578125
1 0.09296875 0.73203125 0.14921875 0.196875
1 0.2015625 0.64765625 0.0984375 0.12578125
1 0.178125 0.51328125 0.1234375 0.1421875
1 0.11796875 0.5546875 0.12734375 0.15859375
1 0.02734375 0.609375 0.0546875 0.13671875
1 0.009375 0.72109375 0.01796875 0.1859375
1 0.05234375 0.471875 0.1046875 0.146875
1 0.15078125 0.3796875 0.1203125 0.14765625
1 0.23671875 0.39375 0.0875 0.13125
1 0.30546875 0.45078125 0.1234375 0.09296875
1 0.29453125 0.35546875 0.09453125 0.0984375
1 0.29296875 0.22421875 0.0984375 0.1859375
1 0.18515625 0.2078125 0.16015625 0.240625
1 0.18984375 0.0515625 0.1046875 0.103125
1 0.2578125 0.01640625 0.09453125 0.0328125
1 0.14765625 0.04921875 0.15625 0.0984375
1 0.05625 0.15 0.1125 0.23515625
1 0.08359375 0.24296875 0.0578125 0.11484375
1 0.1 0.33359375 0.0765625 0.1203125
1 0.0328125 0.37734375 0.065625 0.0984375
1 0.0328125 0.2953125 0.065625 0.109375
1 0.034375 0.021875 0.06875 0.04375