1 0.9015625 0.91953125 0.14140625 0.14921875
1 0.9828125 0.9109375 0.02734375 0.16640625
1 0.9140625 0.76171875 0.13828125 0.20078125
1 0.9828125 0.65234375 0.02734375 0.178125
1 0.92265625 0.28125 0.1484375 0.34453125
1 0.90859375 0.32734375 0.17578125 0.4484375
1 0.88984375 0.359375 0.2140625 0.51171875
1 0.77265625 0.16640625 0.05546875 0.11484375
1 0.93125 0.64921875 0.06875 0.103125
1 0.85703125 0.5890625 0.1 0.16640625
1 0.834375 0.6984375 0.05546875 0.09765625
1 0.7859375 0.83359375 0.13125 0.27578125
1 0.7703125 0.97109375 0.07265625 0.04609375
1 0.68125 0.8734375 0.12734375 0.18359375
1 0.62734375 0.9421875 0.19296875 0.103125
1 0.47421875 0.93984375 0.15546875 0.109375
1 0.34140625 0.83046875 0.59296875 0.14375
1 0.30703125 0.79609375 0.26875 0.38515625
1 0.2140625 0.675 0.25546875 0.2359375
1 0.22734375 0.8078125 0.28984375 0.3734375
1 0.19453125 0.83046875 0.25859375 0.32734375
1 0.1515625 0.89375 0.19296875 0.20078125
1 0.05 0.928125 0.1 0.13203125
1 0.67421875 0.784375 0.134375 0.2125
1 0.7640625 0.6578125 0.09296875 0.15546875
1 0.74453125 0.58046875 0.13828125 0.18359375
1 0.77265625 0.45703125 0.103125 0.14375
1 0.79140625 0.34453125 0.05859375 0.11484375
1 0.7328125 0.34453125 0.0515625 0.103125
1 0.68984375 0.390625 0.04140625 0.103125
1 0.7 0.4796875 0.034375 0.0859375
1 0.74140625 0.23828125 0.06875 0.109375
1 0.69140625 0.3046875 0.0515625 0.08046875
1 0.68125 0.2296875 0.04453125 0.0921875
1 0.71015625 0.1578125 0.06875 0.0859375
1 0.746875 0.1640625 0.02421875 0.03984375
1 0.6484375 0.18671875 0.05546875 0.09765625
1 0.6359375 0.3015625 0.05859375 0.0859375
1 0.6296875 0.21875 0.04453125 0.0921875
1 0.57421875 0.22421875 0.065625 0.11484375
1 0.52578125 0.2359375 0.03828125 0.06875
1 0.5484375 0.3390625 0.103125 0.1609375
1 0.6171875 0.43984375 0.13828125 0.18984375
1 0.615625 0.61171875 0.134375 0.20078125
1 0.57421875 0.7703125 0.0515625 0.08046875
1 0.58828125 0.72734375 0.02421875 0.0515625
1 0.5640625 0.825 0.03828125 0.03984375
1 0.5296875 0.7703125 0.0515625 0.0921875
1 0.4296875 0.20703125 0.17578125 0.34453125
1 0.5140625 0.18984375 0.05546875 0.0578125
1 0.34140625 0.29921875 0.17265625 0.1609375
1 0.4828125 0.63515625 0.04140625 0.075
1 0.50703125 0.6953125 0.0484375 0.06875
1 0.4828125 0.7640625 0.034375 0.0578125
1 0.4515625 0.7875 0.04140625 0.06875
1 0.52578125 0.603125 0.04453125 0.0921875
1 0.51171875 0.53125 0.03828125 0.0515625
1 0.48984375 0.4796875 0.0484375 0.06328125
1 0.45703125 0.47421875 0.03125 0.06328125
1 0.4328125 0.5 0.03828125 0.08046875
1 0.41015625 0.52265625 0.034375 0.04609375
1 0.39140625 0.56015625 0.04453125 0.075
1 0.42265625 0.58046875 0.0515625 0.08046875
1 0.46875 0.5578125 0.0484375 0.06875
1 0.44140625 0.64921875 0.04140625 0.0921875
1 0.396875 0.640625 0.034375 0.0859375
1 0.40703125 0.7125 0.04140625 0.0578125
1 0.3640625 0.67265625 0.04453125 0.08046875
1 0.3328125 0.64921875 0.04453125 0.06875
1 0.3484375 0.5890625 0.0484375 0.0859375
1 0.27421875 0.678125 0.04453125 0.08046875
1 0.31875 0.71015625 0.04453125 0.0515625
1 0.43125 0.396875 0.034375 0.06875
1 0.4 0.36171875 0.034375 0.06875
1 0.403125 0.42265625 0.034375 0.0515625
1 0.36171875 0.39375 0.0484375 0.0515625
1 0.3671875 0.4453125 0.0515625 0.06328125
1 0.31875 0.43359375 0.03125 0.06328125
1 0.315625 0.3796875 0.03125 0.04609375
1 0.284375 0.353125 0.02421875 0.02890625
1 0.2859375 0.396875 0.02734375 0.04609375
1 0.2828125 0.4484375 0.04140625 0.06875
1 0.2515625 0.40234375 0.04140625 0.06875
1 0.23828125 0.46015625 0.04140625 0.0578125
1 0.26875 0.51171875 0.034375 0.0578125
1 0.30859375 0.534375 0.03828125 0.06875
1 0.3328125 0.5 0.05859375 0.06875
1 0.28125 0.57734375 0.03828125 0.06328125
1 0.23984375 0.53125 0.03828125 0.06328125
1 0.23828125 0.59765625 0.04140625 0.06875
1 0.5328125 0.10078125 0.18984375 0.20078125
1 0.74453125 0.06875 0.2484375 0.1375
1 0.90234375 0.103125 0.1859375 0.20625
1 0.9828125 0.24453125 0.02734375 0.109375
1 0.3859375 0.0578125 0.12421875 0.11484375
1 0.48984375 0.02890625 0.11015625 0.0578125
1 0.265625 0.08359375 0.13125 0.16640625
1 0.32578125 0.2125 0.1 0.17265625
1 0.265625 0.3078125 0.06875 0.09765625
1 0.22734375 0.14921875 0.1171875 0.21875
1 0.08984375 0.1296875 0.1796875 0.25859375
1 0.0328125 0.2703125 0.065625 0.17265625
1 0.153125 0.321875 0.1828125 0.2296875
1 0.04140625 0.43359375 0.0828125 0.178125
1 0.0984375 0.51171875 0.134375 0.2296875
1 0.18828125 0.52578125 0.07265625 0.20078125
1 0.04140625 0.6953125 0.0828125 0.321875