1 0.89765625 0.54296875 0.1703125 0.85703125
1 0.92890625 0.32890625 0.1078125 0.40546875
1 0.88046875 0.7484375 0.08671875 0.46875
1 0.8578125 0.12265625 0.0484375 0.10859375
1 0.846875 0.0484375 0.0625 0.0625
1 0.90078125 0.07421875 0.05234375 0.09140625
1 0.94296875 0.15390625 0.059375 0.1140625
1 0.953125 0.06875 0.05234375 0.103125
1 0.73125 0.05390625 0.121875 0.0859375
1 0.72421875 0.196875 0.09375 0.234375
1 0.60625 0.07109375 0.08671875 0.1203125
1 0.5328125 0.07109375 0.07265625 0.1203125
1 0.4671875 0.12265625 0.08671875 0.22265625
1 0.4046875 0.07109375 0.08671875 0.13125
1 0.26875 0.134375 0.14921875 0.24609375
1 0.1734375 0.1859375 0.13203125 0.26875
1 0.7375 0.6375 0.1078125 0.65703125
1 0.63359375 0.50546875 0.1078125 0.77109375
1 0.54375 0.49140625 0.10078125 0.7203125
1 0.44453125 0.5828125 0.1109375 0.73125
1 0.3453125 0.52578125 0.14921875 0.82265625
1 0.2359375 0.6140625 0.090625 0.7375
1 0.14921875 0.6515625 0.090625 0.6625
1 0.30390625 0.9515625 0.05234375 0.0515625
1 0.3765625 0.865625 0.121875 0.22265625
1 0.47578125 0.83125 0.0765625 0.29140625
1 0.53828125 0.88828125 0.0765625 0.165625
1 0.63046875 0.87734375 0.09375 0.2
1 0.70625 0.83984375 0.059375 0.27421875
1 0.0796875 0.5484375 0.153125 0.84609375