1 0.93359375 0.05078125 0.06640625 0.1015625
1 0.98828125 0.0390625 0.01640625 0.07734375
1 0.9796875 0.11328125 0.03359375 0.0953125
1 0.9515625 0.121875 0.05703125 0.065625
1 0.89296875 0.11328125 0.06015625 0.07109375
1 0.8765625 0.0359375 0.0734375 0.07109375
1 0.83984375 0.0984375 0.053125 0.0890625
1 0.8 0.05625 0.0265625 0.05390625
1 0.775 0.05625 0.04296875 0.04140625
1 0.8 0.121875 0.06015625 0.07734375
1 0.74296875 0.10390625 0.053125 0.07734375
1 0.73203125 0.05078125 0.03671875 0.0296875
1 0.703125 0.0265625 0.046875 0.053125
1 0.69296875 0.0890625 0.046875 0.0953125
1 0.63359375 0.11875 0.03359375 0.07109375
1 0.6 0.128125 0.046875 0.065625
1 0.55703125 0.13984375 0.03984375 0.05390625
1 0.5046875 0.1484375 0.05 0.07109375
1 0.453125 0.1546875 0.053125 0.059375
1 0.61171875 0.0390625 0.05 0.07734375
1 0.64609375 0.0265625 0.0328125 0.053125
1 0.5765625 0.0625 0.046875 0.1015625
1 0.5296875 0.0625 0.06015625 0.1015625
1 0.4734375 0.0625 0.053125 0.11328125
1 0.421875 0.06875 0.05 0.1015625
1 0.38515625 0.065625 0.04296875 0.08359375
1 0.34140625 0.065625 0.05 0.10703125
1 0.33359375 0.13984375 0.0265625 0.065625
1 0.3015625 0.13359375 0.03671875 0.065625
1 0.26015625 0.11640625 0.03984375 0.065625
1 0.29140625 0.04765625 0.05 0.0953125
1 0.26171875 0.0359375 0.03671875 0.07109375
1 0.36328125 0.01796875 0.046875 0.0359375
1 0.41484375 0.01171875 0.06328125 0.0234375
1 0.51796875 0.01171875 0.0703125 0.0234375
1 0.56015625 0.00859375 0.0265625 0.0171875
1 0.20703125 0.0390625 0.0796875 0.07734375
1 0.12890625 0.04140625 0.0671875 0.0828125
1 0.0515625 0.05625 0.103125 0.1125
1 0.953125 0.371875 0.06015625 0.07734375
1 0.98984375 0.39296875 0.01328125 0.07109375
1 0.9015625 0.3390625 0.04296875 0.0953125
1 0.98515625 0.30625 0.0234375 0.07734375
1 0.975 0.29765625 0.03671875 0.08359375
1 0.93671875 0.2890625 0.0265625 0.065625
1 0.03515625 0.3484375 0.04296875 0.065625
1 0.025 0.3984375 0.05 0.0953125
1 0.08203125 0.3453125 0.05 0.08359375
1 0.1296875 0.3390625 0.046875 0.08359375
1 0.0953125 0.29140625 0.05703125 0.04765625
1 0.09296875 0.4046875 0.03984375 0.04765625
1 0.13359375 0.4046875 0.03984375 0.04765625
1 0.69296875 0.24140625 0.053125 0.1015625
1 0.7546875 0.2765625 0.05703125 0.0890625
1 0.8 0.2734375 0.03984375 0.04765625
1 0.84140625 0.27109375 0.05 0.0296875
1 0.86015625 0.29765625 0.053125 0.059375
1 0.83515625 0.3484375 0.05 0.07734375
1 0.73359375 0.3421875 0.03984375 0.05390625
1 0.6546875 0.25625 0.0234375 0.04765625
1 0.69296875 0.43125 0.06015625 0.1015625
1 0.75 0.4140625 0.053125 0.0890625
1 0.7765625 0.38671875 0.03984375 0.0953125
1 0.78671875 0.32734375 0.046875 0.059375
1 0.821875 0.375 0.05 0.08359375
1 0.83203125 0.440625 0.0296875 0.059375
1 0.8546875 0.41953125 0.0234375 0.07734375
1 0.80703125 0.4671875 0.03984375 0.07734375
1 0.7703125 0.49140625 0.046875 0.065625
1 0.7203125 0.5 0.053125 0.07109375
1 0.68359375 0.315625 0.053125 0.07109375
1 0.7015625 0.36328125 0.05703125 0.059375
1 0.66640625 0.5 0.053125 0.059375
1 0.63828125 0.42578125 0.05703125 0.1015625
1 0.653125 0.36015625 0.03984375 0.05390625
1 0.61796875 0.32421875 0.05703125 0.1015625
1 0.625 0.2734375 0.06328125 0.07109375
1 0.56484375 0.3125 0.05 0.0890625
1 0.58203125 0.4046875 0.05 0.08359375
1 0.53671875 0.38984375 0.03984375 0.065625
1 0.53671875 0.315625 0.0265625 0.07109375
1 0.5015625 0.36875 0.04296875 0.08359375
1 0.5015625 0.29453125 0.05703125 0.07734375
1 0.4703125 0.3484375 0.03359375 0.065625
1 0.48984375 0.434375 0.03984375 0.07109375
1 0.51328125 0.45546875 0.0265625 0.065625
1 0.4703125 0.30390625 0.01328125 0.0234375
1 0.43984375 0.29453125 0.046875 0.065625
1 0.428125 0.3484375 0.04296875 0.07734375
1 0.4015625 0.378125 0.04296875 0.0890625
1 0.421875 0.42578125 0.04296875 0.065625
1 0.378125 0.30625 0.05703125 0.0890625
1 0.36015625 0.39296875 0.06015625 0.0953125
1 0.38203125 0.45859375 0.04296875 0.07109375
1 0.3015625 0.36328125 0.05 0.08359375
1 0.2796875 0.41640625 0.053125 0.08359375
1 0.2046875 0.43125 0.05703125 0.1015625
1 0.246875 0.3984375 0.046875 0.0953125
1 0.171875 0.38359375 0.05 0.0890625
1 0.2046875 0.3453125 0.04296875 0.07109375
1 0.23515625 0.29765625 0.05 0.08359375
1 0.28203125 0.30390625 0.03671875 0.059375
1 0.31328125 0.32734375 0.0265625 0.04765625
1 0.33984375 0.3484375 0.0265625 0.05390625
1 0.1984375 0.2828125 0.0234375 0.04140625
1 0.16171875 0.26171875 0.03671875 0.059375
1 0.23359375 0.47890625 0.046875 0.07734375
1 0.178125 0.4640625 0.03671875 0.0953125
1 0.38203125 0.60390625 0.04296875 0.07734375
1 0.41328125 0.64609375 0.03984375 0.07734375
1 0.43671875 0.5984375 0.03984375 0.065625
1 0.4296875 0.69609375 0.03359375 0.07109375
1 0.396875 0.72890625 0.046875 0.065625
1 0.3734375 0.67890625 0.053125 0.07109375
1 0.35703125 0.63671875 0.0265625 0.059375
1 0.35 0.5921875 0.0265625 0.04140625
1 0.10859375 0.5953125 0.03671875 0.07109375
1 0.13515625 0.621875 0.04296875 0.07734375
1 0.23828125 0.64609375 0.05 0.07734375
1 0.275 0.64609375 0.0296875 0.04140625
1 0.31640625 0.6546875 0.053125 0.0953125
1 0.33203125 0.70859375 0.05 0.0953125
1 0.36015625 0.76171875 0.03984375 0.07109375
1 0.3046875 0.7734375 0.04296875 0.07109375
1 0.2734375 0.70546875 0.053125 0.0890625
1 0.2953125 0.61328125 0.06328125 0.04765625
1 0.21640625 0.60390625 0.08671875 0.04140625
1 0.1796875 0.64609375 0.03984375 0.065625
1 0.153125 0.69375 0.053125 0.07734375
1 0.11796875 0.67265625 0.04296875 0.07109375
1 0.09140625 0.628125 0.0296875 0.0890625
1 0.18359375 0.70859375 0.046875 0.07109375
1 0.2265625 0.7171875 0.046875 0.07734375
1 0.25859375 0.7796875 0.05703125 0.07109375
1 0.2046875 0.7859375 0.04296875 0.07109375
1 0.1546875 0.76796875 0.0296875 0.059375
1 0.44140625 0.8453125 0.0296875 0.07109375
1 0.4 0.85390625 0.053125 0.065625
1 0.43515625 0.9140625 0.03671875 0.0890625
1 0.3953125 0.92890625 0.03671875 0.08359375
1 0.41484375 0.9671875 0.03671875 0.05390625
1 0.35859375 0.88125 0.04296875 0.08359375
1 0.35703125 0.95546875 0.046875 0.07734375
1 0.325 0.9140625 0.03671875 0.07734375
1 0.31328125 0.9734375 0.046875 0.04140625
1 0.29140625 0.934375 0.04296875 0.0953125
1 0.2453125 0.94375 0.05 0.0890625
1 0.21015625 0.92890625 0.03359375 0.07109375
1 0.1734375 0.9109375 0.03984375 0.08359375
1 0.21015625 0.86875 0.046875 0.04765625
1 0.2953125 0.871875 0.0703125 0.0296875
1 0.16484375 0.85390625 0.03671875 0.01796875
1 0.13359375 0.89296875 0.046875 0.0953125
1 0.14296875 0.95859375 0.03359375 0.07109375
1 0.1796875 0.9703125 0.03984375 0.04765625
1 0.21796875 0.97890625 0.03671875 0.0296875
1 0.11328125 0.9375 0.0203125 0.04140625
1 0.0453125 0.9109375 0.08984375 0.11875
1 0.925 0.6578125 0.11015625 0.1015625
1 0.953125 0.7859375 0.08671875 0.07109375
1 0.8453125 0.54765625 0.05 0.0953125
1 0.7984375 0.58359375 0.04296875 0.059375
1 0.83359375 0.63984375 0.03984375 0.0890625
1 0.48984375 0.57109375 0.03984375 0.07109375
1 0.525 0.5921875 0.05 0.065625
1 0.56640625 0.61640625 0.046875 0.05390625
1 0.61328125 0.63125 0.053125 0.07109375
1 0.653125 0.61875 0.03984375 0.04765625
1 0.69140625 0.64296875 0.05703125 0.10703125
1 0.74140625 0.64609375 0.03671875 0.07734375
1 0.76484375 0.621875 0.04296875 0.065625
1 0.8046875 0.67890625 0.05 0.0953125
1 0.771875 0.69609375 0.04296875 0.08359375
1 0.725 0.7203125 0.05 0.0953125
1 0.66796875 0.7234375 0.06328125 0.0890625
1 0.60703125 0.7109375 0.053125 0.1015625
1 0.64140625 0.6640625 0.04296875 0.05390625
1 0.5703125 0.690625 0.053125 0.0953125
1 0.51796875 0.66953125 0.05703125 0.1015625
1 0.48359375 0.628125 0.03984375 0.07734375
1 0.496875 0.7140625 0.046875 0.07109375
1 0.58515625 0.7796875 0.03671875 0.07109375
1 0.63515625 0.79453125 0.04296875 0.07734375
1 0.69140625 0.79453125 0.04296875 0.065625
1 0.7515625 0.7890625 0.04296875 0.07734375
1 0.78515625 0.7734375 0.03671875 0.07109375
1 0.825 0.871875 0.05 0.0890625
1 0.821875 0.82421875 0.04296875 0.04140625
1 0.80859375 0.9375 0.05 0.0890625
1 0.778125 0.95859375 0.06328125 0.07109375
1 0.7734375 0.88671875 0.053125 0.07109375
1 0.74140625 0.89296875 0.03671875 0.059375
1 0.73984375 0.95234375 0.0203125 0.07109375
1 0.71171875 0.9703125 0.03671875 0.04765625
1 0.68828125 0.940625 0.03671875 0.04765625
1 0.6984375 0.9046875 0.05703125 0.04765625
1 0.6734375 0.9765625 0.03984375 0.0359375
1 0.63515625 0.9765625 0.05 0.0359375
1 0.58203125 0.9640625 0.05 0.059375
1 0.55 0.97890625 0.0203125 0.0296875
1 0.51171875 0.9640625 0.05703125 0.059375
1 0.48515625 0.94375 0.04296875 0.0890625
1 0.48515625 0.875 0.04296875 0.059375
1 0.48828125 0.815625 0.04296875 0.059375
1 0.5234375 0.8984375 0.03984375 0.059375
1 0.55 0.93125 0.046875 0.065625
1 0.6046875 0.95859375 0.05 0.059375
1 0.653125 0.91953125 0.046875 0.07734375
1 0.61171875 0.88984375 0.04296875 0.04140625
1 0.5796875 0.9015625 0.06640625 0.065625
1 0.53671875 0.86015625 0.03984375 0.05390625