1 0.91328125 0.93359375 0.16796875 0.11953125
1 0.79140625 0.7765625 0.18984375 0.35859375
1 0.92421875 0.57890625 0.1453125 0.36484375
1 0.775 0.38671875 0.19609375 0.38359375
1 0.90859375 0.15390625 0.17734375 0.3078125
1 0.66171875 0.13203125 0.18984375 0.2640625
1 0.509375 0.2953125 0.17734375 0.35234375
1 0.59296875 0.62890625 0.19921875 0.41484375
1 0.53515625 0.91484375 0.246875 0.15703125
1 0.41484375 0.7734375 0.17734375 0.33984375
1 0.3703125 0.440625 0.1453125 0.3015625
1 0.19453125 0.14453125 0.16796875 0.2890625
1 0.2375 0.6953125 0.17734375 0.37109375
1 0.30546875 0.946875 0.17421875 0.09453125
1 0.09140625 0.80390625 0.1828125 0.3765625