1 0.73359375 0.5078125 0.525 0.2484375
1 0.925 0.64765625 0.14140625 0.196875
1 0.58984375 0.80078125 0.43671875 0.38828125
1 0.2625 0.67890625 0.2640625 0.38359375
1 0.35625 0.71015625 0.27578125 0.45625
1 0.134375 0.8578125 0.26796875 0.275
1 0.25703125 0.36015625 0.0765625 0.33671875
1 0.4140625 0.45859375 0.2453125 0.36796875
1 0.55390625 0.28984375 0.425 0.48671875
1 0.6765625 0.1578125 0.41796875 0.2125
1 0.81640625 0.2046875 0.27578125 0.409375
1 0.3203125 0.2359375 0.11875 0.471875
1 0.1515625 0.17890625 0.30234375 0.3578125
1 0.11484375 0.36015625 0.2296875 0.1296875
1 0.103125 0.0984375 0.19921875 0.196875
1 0.00546875 0.45546875 0.0109375 0.1546875
1 0.61875 0.0671875 0.203125 0.134375
1 0.71640625 0.04140625 0.10703125 0.0828125
1 0.46328125 0.03359375 0.19140625 0.0671875