1 0.79453125 0.45390625 0.23671875 0.328125
1 0.7578125 0.215625 0.221875 0.27890625
1 0.5578125 0.1203125 0.178125 0.240625
1 0.5765625 0.3171875 0.19296875 0.2734375
1 0.35234375 0.15546875 0.22578125 0.24609375
1 0.17421875 0.2484375 0.28359375 0.24609375
1 0.36015625 0.38515625 0.23984375 0.28984375
1 0.17421875 0.49453125 0.28359375 0.31171875
1 0.25625 0.6609375 0.0984375 0.175
1 0.1796875 0.7046875 0.0984375 0.153125
1 0.29609375 0.7734375 0.134375 0.15859375
1 0.31640625 0.6609375 0.03671875 0.0984375
1 0.34375 0.8578125 0.1421875 0.1859375
1 0.47421875 0.87734375 0.12734375 0.18046875
1 0.5875 0.90703125 0.0984375 0.1421875
1 0.66875 0.846875 0.1015625 0.1859375
1 0.765625 0.7703125 0.1203125 0.196875
1 0.8203125 0.671875 0.08359375 0.153125
1 0.70546875 0.62578125 0.109375 0.11484375
1 0.65625 0.68046875 0.1203125 0.15859375
1 0.5765625 0.64765625 0.0765625 0.10390625
1 0.56171875 0.76796875 0.1421875 0.13671875
1 0.4234375 0.74296875 0.134375 0.13125
1 0.3890625 0.671875 0.13125 0.0984375
1 0.4984375 0.6859375 0.0796875 0.10390625
1 0.5203125 0.57890625 0.0875 0.13125
1 0.61796875 0.52734375 0.1453125 0.15859375
1 0.50546875 0.4890625 0.0796875 0.07109375
1 0.4328125 0.57109375 0.09453125 0.11484375
1 0.3453125 0.5765625 0.0875 0.10390625