1 0.69921875 0.9375 0.1953125 0.11484375
1 0.67734375 0.86640625 0.1453125 0.12578125
1 0.46171875 0.9265625 0.19921875 0.13671875
1 0.38203125 0.86640625 0.15546875 0.15859375
1 0.21953125 0.915625 0.1921875 0.15859375
1 0.15234375 0.80078125 0.1953125 0.20234375
1 0.0203125 0.79765625 0.03984375 0.196875
1 0.0796875 0.71875 0.1234375 0.15859375
1 0.20078125 0.61484375 0.090625 0.14765625
1 0.240625 0.7078125 0.15546875 0.14765625
1 0.38203125 0.65 0.1125 0.13125
1 0.3859375 0.75390625 0.09765625 0.109375
1 0.475 0.78125 0.08671875 0.1421875
1 0.5359375 0.71875 0.1453125 0.14765625
1 0.61796875 0.80859375 0.14140625 0.1421875
1 0.7609375 0.740625 0.09453125 0.14765625
1 0.82578125 0.828125 0.1375 0.13671875
1 0.91484375 0.7375 0.134375 0.109375
1 0.909375 0.65 0.1234375 0.0875
1 0.090625 0.55703125 0.1015625 0.109375
1 0.06484375 0.603125 0.1296875 0.18125
1 0.15234375 0.5328125 0.1234375 0.12578125
1 0.20859375 0.46484375 0.1125 0.109375
1 0.3046875 0.55703125 0.1375 0.109375
1 0.3640625 0.48671875 0.134375 0.1203125
1 0.43125 0.61171875 0.13046875 0.1203125
1 0.4875 0.54609375 0.1265625 0.0984375
1 0.63203125 0.584375 0.134375 0.1203125
1 0.784375 0.59296875 0.11953125 0.12578125
1 0.7625 0.68828125 0.1265625 0.1203125
1 0.603125 0.671875 0.1046875 0.109375
1 0.87109375 0.4921875 0.1125 0.153125
1 0.9796875 0.54921875 0.0328125 0.11484375
1 0.98203125 0.47265625 0.02890625 0.07109375
1 0.9875 0.4015625 0.01796875 0.08203125
1 0.8765625 0.41015625 0.13046875 0.109375
1 0.79140625 0.3609375 0.09765625 0.1421875
1 0.7390625 0.4484375 0.10859375 0.1421875
1 0.68671875 0.39375 0.09765625 0.1203125
1 0.60703125 0.4484375 0.1046875 0.13125
1 0.56875 0.3828125 0.0796875 0.13125
1 0.56875 0.31171875 0.10859375 0.109375
1 0.47109375 0.40703125 0.09453125 0.13671875
1 0.43125 0.35 0.08671875 0.1421875
1 0.36953125 0.27890625 0.08671875 0.1203125
1 0.33671875 0.39375 0.115625 0.1421875
1 0.2953125 0.34453125 0.09765625 0.109375
1 0.421875 0.24609375 0.0328125 0.065625
1 0.4421875 0.21328125 0.05078125 0.065625
1 0.478125 0.28984375 0.06484375 0.065625
1 0.490625 0.24609375 0.0546875 0.0546875
1 0.4984375 0.19140625 0.06171875 0.0546875
1 0.5359375 0.22109375 0.04375 0.04921875
1 0.6015625 0.21875 0.07265625 0.0546875
1 0.6359375 0.2515625 0.06171875 0.065625
1 0.6828125 0.2921875 0.06171875 0.06015625
1 0.7140625 0.325 0.05078125 0.04921875
1 0.74453125 0.26796875 0.06875 0.0546875
1 0.8734375 0.27578125 0.06484375 0.08203125
1 0.92421875 0.34140625 0.06484375 0.07109375
1 0.95859375 0.28671875 0.0546875 0.07109375
1 0.97265625 0.3578125 0.046875 0.07109375