1 0.59296875 0.71328125 0.1890625 0.24609375
1 0.24921875 0.81953125 0.1203125 0.1859375
1 0.36015625 0.7703125 0.13828125 0.240625
1 0.24765625 0.696875 0.17421875 0.18046875
1 0.14375 0.6171875 0.17109375 0.196875
1 0.0671875 0.66953125 0.10546875 0.18046875
1 0.0109375 0.61171875 0.021875 0.2296875
1 0.08515625 0.478125 0.16328125 0.18046875
1 0.2125 0.41796875 0.0984375 0.20234375
1 0.30390625 0.35234375 0.12734375 0.24609375
1 0.31796875 0.54921875 0.17109375 0.14765625
1 0.39453125 0.6421875 0.04765625 0.09296875
1 0.48359375 0.6609375 0.13828125 0.240625
1 0.55234375 0.49765625 0.2109375 0.175
1 0.6875 0.58203125 0.1234375 0.11484375
1 0.690625 0.4265625 0.0875 0.175
1 0.47265625 0.284375 0.18203125 0.2625
1 0.56328125 0.26796875 0.16015625 0.284375
1 0.62890625 0.27578125 0.0875 0.14765625
1 0.56875 0.128125 0.12734375 0.16953125
1 0.40390625 0.109375 0.1015625 0.0875
1 0.32890625 0.153125 0.10546875 0.1421875
1 0.28515625 0.18046875 0.1125 0.109375
1 0.25625 0.26484375 0.090625 0.10390625
1 0.1765625 0.16953125 0.14921875 0.1203125
1 0.13671875 0.259375 0.090625 0.09296875
1 0.18359375 0.26796875 0.06875 0.0765625
1 0.11796875 0.34453125 0.0984375 0.0984375
1 0.0546875 0.325 0.0875 0.12578125
1 0.0125 0.31640625 0.025 0.0765625
1 0.05078125 0.22421875 0.1015625 0.0875
1 0.03671875 0.19921875 0.07265625 0.07109375