1 0.2640625 0.2421875 0.26171875 0.39921875
1 0.33046875 0.2828125 0.3640625 0.31015625
1 0.5875 0.2828125 0.2203125 0.13984375
1 0.7640625 0.31171875 0.1640625 0.128125
1 0.75625 0.44609375 0.16953125 0.13203125
1 0.7796875 0.6203125 0.33828125 0.3875
1 0.63828125 0.60859375 0.271875 0.34921875
1 0.4515625 0.3953125 0.17421875 0.13203125
1 0.6234375 0.37578125 0.1796875 0.10078125
1 0.38203125 0.3546875 0.1484375 0.1203125
1 0.271875 0.5390625 0.2875 0.25546875
1 0.4875 0.52890625 0.22578125 0.15859375
1 0.60234375 0.50546875 0.13828125 0.14375
1 0.528125 0.63359375 0.20546875 0.096875
1 0.6484375 0.64375 0.04609375 0.11640625
1 0.5484375 0.73671875 0.17421875 0.10078125
1 0.38203125 0.7015625 0.15859375 0.12421875