1 0.91875 0.93046875 0.1078125 0.12890625
1 0.96328125 0.8765625 0.065625 0.175
1 0.91484375 0.75234375 0.13125 0.1859375
1 0.9515625 0.675 0.0890625 0.134375
1 0.97109375 0.5953125 0.05 0.0359375
1 0.965625 0.55703125 0.06171875 0.06171875
1 0.984375 0.5125 0.0234375 0.04609375
1 0.965625 0.4921875 0.03828125 0.04609375
1 0.98671875 0.48203125 0.01953125 0.0359375
1 0.934375 0.528125 0.05390625 0.05703125
1 0.9515625 0.440625 0.0890625 0.12890625
1 0.85703125 0.5515625 0.03828125 0.04140625
1 0.83359375 0.59296875 0.03828125 0.0515625
1 0.9015625 0.603125 0.11171875 0.1234375
1 0.8109375 0.6859375 0.146875 0.134375
1 0.73359375 0.74453125 0.146875 0.1390625
1 0.6296875 0.82734375 0.1234375 0.16015625
1 0.70234375 0.89453125 0.1234375 0.1703125
1 0.80703125 0.928125 0.1390625 0.134375
1 0.52734375 0.8296875 0.0734375 0.103125
1 0.475 0.78359375 0.07734375 0.11328125
1 0.4171875 0.75 0.06953125 0.0875
1 0.378125 0.734375 0.05390625 0.07734375
1 0.565625 0.7296875 0.196875 0.09765625
1 0.6078125 0.6671875 0.1734375 0.0671875
1 0.68125 0.6390625 0.11953125 0.071875
1 0.7453125 0.5953125 0.13125 0.04609375
1 0.8453125 0.54375 0.1 0.0875
1 0.45546875 0.89453125 0.0234375 0.02578125
1 0.46875 0.9203125 0.01171875 0.0359375
1 0.48828125 0.928125 0.02734375 0.04140625
1 0.515625 0.940625 0.01953125 0.02578125
1 0.5484375 0.9640625 0.03828125 0.03125
1 0.57109375 0.9765625 0.0234375 0.02578125
1 0.5421875 0.9875 0.034375 0.015625
1 0.50390625 0.9796875 0.034375 0.03125
1 0.50546875 0.96640625 0.04609375 0.02578125
1 0.45546875 0.984375 0.03828125 0.0203125
1 0.45 0.95859375 0.02734375 0.03125
1 0.4765625 0.96875 0.02734375 0.04140625
1 0.44609375 0.9171875 0.02734375 0.04140625
1 0.42109375 0.91484375 0.015625 0.0359375
1 0.42109375 0.95859375 0.03125 0.04140625
1 0.38984375 0.940625 0.0234375 0.0359375
1 0.37421875 0.96640625 0.015625 0.02578125
1 0.39375 0.98203125 0.03125 0.02578125
1 0.41875 0.984375 0.034375 0.0203125
1 0.359375 0.98203125 0.015625 0.015625
1 0.33984375 0.9875 0.0234375 0.015625
1 0.0484375 0.984375 0.02734375 0.0203125
1 0.096875 0.98984375 0.015625 0.01015625
1 0.115625 0.9765625 0.015625 0.0359375
1 0.13515625 0.9796875 0.0234375 0.03125
1 0.14453125 0.95390625 0.02734375 0.03125
1 0.1640625 0.9765625 0.02734375 0.0359375
1 0.1875 0.9796875 0.02734375 0.03125
1 0.21015625 0.984375 0.0421875 0.0203125
1 0.2453125 0.98203125 0.01953125 0.02578125
1 0.26796875 0.984375 0.01953125 0.0203125
1 0.2875 0.9765625 0.02734375 0.0359375
1 0.3109375 0.96640625 0.02734375 0.0359375
1 0.33046875 0.96640625 0.01953125 0.0359375
1 0.31484375 0.9328125 0.02734375 0.03125
1 0.3359375 0.928125 0.03125 0.04140625
1 0.3609375 0.92265625 0.034375 0.04140625
1 0.33984375 0.896875 0.03125 0.04140625
1 0.359375 0.90234375 0.015625 0.03125
1 0.3765625 0.91015625 0.01953125 0.04609375
1 0.38984375 0.884375 0.03828125 0.0359375
1 0.4 0.87109375 0.02734375 0.03125
1 0.37421875 0.85546875 0.03125 0.0203125
1 0.34140625 0.8375 0.01953125 0.0359375
1 0.3203125 0.86328125 0.03125 0.0359375
1 0.29140625 0.84765625 0.034375 0.0359375
1 0.26640625 0.865625 0.03125 0.04140625
1 0.2453125 0.89453125 0.034375 0.0359375
1 0.21015625 0.89921875 0.02734375 0.0359375
1 0.171875 0.9203125 0.034375 0.02578125
1 0.1890625 0.9328125 0.015625 0.0203125
1 0.19921875 0.95625 0.0421875 0.0359375
1 0.22578125 0.94296875 0.05 0.0515625
1 0.2609375 0.9171875 0.034375 0.0515625
1 0.9578125 0.071875 0.07734375 0.0515625
1 0.965625 0.12109375 0.06171875 0.07734375
1 0.965625 0.1703125 0.06171875 0.04140625
1 0.903125 0.1109375 0.09296875 0.07734375
1 0.90703125 0.1546875 0.06953125 0.0515625
1 0.878125 0.05703125 0.11953125 0.0515625
1 0.828125 0.09765625 0.0734375 0.09296875
1 0.7796875 0.09296875 0.07734375 0.1234375
1 0.70390625 0.03828125 0.0890625 0.0765625
1 0.61953125 0.0359375 0.096875 0.071875
1 0.5421875 0.03125 0.065625 0.06171875
1 0.79765625 0.015625 0.0890625 0.03125
1 0.884375 0.04375 0.1078125 0.0875
1 0.96328125 0.04140625 0.065625 0.0828125
1 0.040625 0.0796875 0.01953125 0.015625
1 0.025 0.0875 0.02734375 0.04140625
1 0.00546875 0.0875 0.0109375 0.03125
1 0.025 0.1109375 0.02734375 0.02578125
1 0.05 0.10078125 0.03125 0.0359375
1 0.075 0.1109375 0.02734375 0.0359375
1 0.11015625 0.11875 0.01953125 0.0203125
1 0.13125 0.12890625 0.03125 0.03125
1 0.10625 0.16015625 0.01953125 0.03125
1 0.15625 0.1390625 0.01953125 0.01015625
1 0.065625 0.1671875 0.0234375 0.0359375
1 0.090625 0.1625 0.02734375 0.0359375
1 0.03125 0.13671875 0.0234375 0.015625
1 0.0421875 0.14921875 0.0234375 0.0515625
1 0.04609375 0.178125 0.0234375 0.0359375
1 0.02890625 0.19296875 0.02734375 0.02578125
1 0.02734375 0.16484375 0.03828125 0.0515625
1 0.0078125 0.20625 0.015625 0.04140625
1 0.00390625 0.16484375 0.0078125 0.0203125
1 0.009375 0.13359375 0.01875 0.0515625
1 0.64453125 0.071875 0.06953125 0.04140625
1 0.6796875 0.08515625 0.09296875 0.015625
1 0.6546875 0.0953125 0.0421875 0.02578125
1 0.7140625 0.09765625 0.05390625 0.06171875
1 0.71015625 0.14140625 0.09296875 0.02578125
1 0.66796875 0.11875 0.04609375 0.04140625
1 0.6234375 0.12890625 0.05 0.03125
1 0.5890625 0.15703125 0.096875 0.0359375
1 0.575 0.17265625 0.03828125 0.02578125
1 0.04453125 0.84765625 0.0890625 0.20078125
1 0.13671875 0.809375 0.096875 0.1859375
1 0.2140625 0.7375 0.10390625 0.09296875
1 0.11796875 0.61875 0.08125 0.103125
1 0.0734375 0.6625 0.09296875 0.11875
1 0.040625 0.690625 0.08125 0.11328125
1 0.3453125 0.70390625 0.0421875 0.0671875
1 0.4015625 0.68046875 0.05390625 0.0828125
1 0.425 0.63125 0.06171875 0.0671875
1 0.4671875 0.6109375 0.03828125 0.05703125
1 0.50546875 0.5640625 0.05390625 0.0671875
1 0.5234375 0.53125 0.0421875 0.071875
1 0.56015625 0.48203125 0.04609375 0.0671875
1 0.5734375 0.4328125 0.0421875 0.0515625
1 0.525 0.43046875 0.05390625 0.0671875
1 0.50390625 0.4640625 0.05 0.06171875
1 0.47109375 0.5203125 0.05390625 0.0828125
1 0.42109375 0.56953125 0.05390625 0.04609375
1 0.378125 0.5953125 0.05390625 0.07734375
1 0.3515625 0.6390625 0.05390625 0.0515625
1 0.33359375 0.5953125 0.02734375 0.04609375
1 0.3703125 0.5515625 0.04609375 0.04140625
1 0.41484375 0.5125 0.05 0.0671875
1 0.45390625 0.45625 0.0578125 0.05703125
1 0.4984375 0.38125 0.06171875 0.071875
1 0.3046875 0.63671875 0.04609375 0.0671875
1 0.25859375 0.634375 0.07734375 0.0828125
1 0.2796875 0.59765625 0.05 0.03125
1 0.31875 0.571875 0.0421875 0.03125
1 0.34140625 0.53359375 0.0421875 0.04609375
1 0.38046875 0.49765625 0.05 0.04609375
1 0.39609375 0.440625 0.05 0.05703125
1 0.43828125 0.40703125 0.065625 0.071875
1 0.45 0.365625 0.0421875 0.03125
1 0.403125 0.37890625 0.0578125 0.0671875
1 0.37265625 0.35859375 0.0421875 0.04609375
1 0.35546875 0.41484375 0.03828125 0.0671875
1 0.3453125 0.4796875 0.0421875 0.0515625
1 0.29765625 0.515625 0.05390625 0.06171875
1 0.271875 0.56171875 0.0578125 0.06171875
1 0.2375 0.60546875 0.0421875 0.02578125
1 0.2140625 0.559375 0.0578125 0.07734375
1 0.24921875 0.51015625 0.05 0.06171875
1 0.30703125 0.45859375 0.05 0.06171875
1 0.32421875 0.40234375 0.03828125 0.0515625
1 0.34765625 0.34765625 0.03125 0.05703125
1 0.30078125 0.40234375 0.03828125 0.0515625
1 0.2609375 0.45390625 0.0421875 0.0515625
1 0.21796875 0.47421875 0.0421875 0.04140625
1 0.17734375 0.52578125 0.03828125 0.04140625
1 0.20859375 0.50234375 0.04609375 0.05703125
1 0.61171875 0.484375 0.0578125 0.0515625
1 0.6140625 0.4484375 0.03828125 0.0203125
1 0.65859375 0.46875 0.05 0.0515625
1 0.6875 0.4484375 0.04609375 0.06171875
1 0.71640625 0.44296875 0.0421875 0.0515625
1 0.73359375 0.4328125 0.03828125 0.06171875
1 0.75703125 0.4125 0.03125 0.06171875
1 0.77421875 0.4125 0.02734375 0.0515625
1 0.7953125 0.40703125 0.03828125 0.06171875
1 0.8109375 0.37890625 0.03828125 0.04609375
1 0.77578125 0.35859375 0.03828125 0.0359375
1 0.74296875 0.3328125 0.05 0.0359375
1 0.7390625 0.37109375 0.0421875 0.03125
1 0.71015625 0.3890625 0.03828125 0.04609375
1 0.71015625 0.3375 0.03828125 0.0359375
1 0.70078125 0.29609375 0.05 0.04609375
1 0.67734375 0.3171875 0.034375 0.02578125
1 0.67578125 0.34296875 0.03828125 0.02578125
1 0.671875 0.3890625 0.04609375 0.0671875
1 0.6296875 0.4328125 0.05390625 0.0515625
1 0.92265625 0.20078125 0.07734375 0.03125
1 0.9421875 0.2265625 0.1 0.0515625
1 0.965625 0.2421875 0.06171875 0.071875
1 0.97109375 0.2734375 0.05 0.04140625
1 0.97265625 0.29921875 0.04609375 0.03125
1 0.965625 0.33515625 0.06171875 0.04140625
1 0.95390625 0.36328125 0.08515625 0.04609375
1 0.925 0.3453125 0.065625 0.06171875
1 0.88828125 0.39453125 0.04609375 0.0359375
1 0.87265625 0.37109375 0.04609375 0.03125
1 0.9015625 0.3171875 0.0578125 0.0671875
1 0.903125 0.29140625 0.06171875 0.05703125
1 0.8375 0.35078125 0.07734375 0.0515625
1 0.84765625 0.30390625 0.0578125 0.04140625
1 0.8765625 0.265625 0.06953125 0.0359375
1 0.85703125 0.23203125 0.06953125 0.04140625
1 0.81875 0.278125 0.03828125 0.04140625
1 0.79140625 0.30703125 0.03828125 0.04609375
1 0.76484375 0.29140625 0.03125 0.0359375
1 0.73515625 0.29609375 0.01953125 0.015625
1 0.63515625 0.3765625 0.05 0.06171875
1 0.590625 0.39140625 0.04609375 0.0515625
1 0.6 0.36875 0.02734375 0.015625
1 0.61171875 0.33984375 0.034375 0.04140625
1 0.6390625 0.31171875 0.0421875 0.02578125
1 0.6546875 0.29140625 0.02734375 0.02578125
1 0.6296875 0.29609375 0.03125 0.02578125
1 0.621875 0.265625 0.03125 0.02578125
1 0.596875 0.29140625 0.034375 0.0359375
1 0.58671875 0.321875 0.03828125 0.02578125
1 0.57890625 0.30703125 0.03828125 0.02578125
1 0.55234375 0.3296875 0.0234375 0.0203125
1 0.56953125 0.35546875 0.034375 0.03125
1 0.54453125 0.3734375 0.03828125 0.05703125
1 0.53125 0.34296875 0.02734375 0.0359375
1 0.63125 0.22421875 0.08125 0.07734375
1 0.68359375 0.2140625 0.06953125 0.04609375
1 0.72578125 0.17265625 0.09296875 0.02578125
1 0.76796875 0.1828125 0.09296875 0.0671875
1 0.8375 0.17265625 0.07734375 0.05703125
1 0.78203125 0.20625 0.0578125 0.03125
1 0.75859375 0.25546875 0.065625 0.04609375
1 0.7203125 0.23984375 0.08125 0.04609375
1 0.565625 0.2734375 0.034375 0.0515625
1 0.540625 0.2734375 0.0234375 0.03125
1 0.55 0.3015625 0.034375 0.0359375
1 0.525 0.31953125 0.03125 0.04140625
1 0.509375 0.29140625 0.03125 0.02578125
1 0.49609375 0.325 0.0421875 0.0515625
1 0.46875 0.321875 0.01953125 0.02578125
1 0.4515625 0.3296875 0.03125 0.03125
1 0.4171875 0.325 0.0234375 0.03125
1 0.53125 0.10078125 0.034375 0.07734375
1 0.56953125 0.11328125 0.0578125 0.04140625
1 0.5 0.1234375 0.034375 0.071875
1 0.484375 0.1546875 0.034375 0.03125
1 0.50390625 0.18046875 0.02734375 0.03125
1 0.53671875 0.18828125 0.0234375 0.02578125
1 0.5234375 0.20390625 0.02734375 0.02578125
1 0.540625 0.2375 0.0234375 0.03125
1 0.5578125 0.21875 0.02734375 0.02578125
1 0.51171875 0.234375 0.02734375 0.02578125
1 0.5078125 0.26796875 0.0421875 0.04140625
1 0.4765625 0.29375 0.02734375 0.0203125
1 0.4421875 0.28359375 0.034375 0.0515625
1 0.4578125 0.2734375 0.05 0.0203125
1 0.47890625 0.24453125 0.03828125 0.04609375
1 0.409375 0.29140625 0.03125 0.02578125
1 0.38828125 0.3171875 0.034375 0.0359375
1 0.3765625 0.28359375 0.034375 0.03125
1 0.4109375 0.25234375 0.0421875 0.06171875
1 0.45 0.2375 0.034375 0.03125
1 0.43828125 0.21171875 0.034375 0.03125
1 0.46875 0.20078125 0.05 0.04140625
1 0.40546875 0.21171875 0.05390625 0.04140625
1 0.3703125 0.221875 0.0234375 0.03125
1 0.38046875 0.25 0.034375 0.0359375
1 0.353125 0.2578125 0.02734375 0.04140625
1 0.34921875 0.29140625 0.0421875 0.0359375
1 0.3125 0.29140625 0.04609375 0.04609375
1 0.33203125 0.2578125 0.03125 0.03125
1 0.2875 0.34296875 0.0578125 0.0671875
1 0.33203125 0.325 0.04609375 0.04140625
1 0.25078125 0.39453125 0.06171875 0.0671875
1 0.24296875 0.34296875 0.04609375 0.05703125
1 0.20234375 0.4203125 0.05 0.0671875
1 0.1625 0.52578125 0.05390625 0.071875
1 0.16015625 0.4359375 0.0421875 0.05703125
1 0.24921875 0.34296875 0.02734375 0.02578125
1 0.2546875 0.30703125 0.0234375 0.02578125
1 0.2375 0.3171875 0.02734375 0.0359375
1 0.21640625 0.3171875 0.03125 0.0359375
1 0.18515625 0.3140625 0.03125 0.04140625
1 0.1890625 0.35546875 0.03125 0.0203125
1 0.16640625 0.3734375 0.03828125 0.0359375
1 0.14453125 0.37109375 0.034375 0.03125
1 0.121875 0.39453125 0.034375 0.04609375
1 0.15859375 0.41484375 0.03828125 0.02578125
1 0.096875 0.41484375 0.0234375 0.04609375
1 0.096875 0.43828125 0.03828125 0.03125
1 0.1234375 0.43828125 0.03125 0.0203125
1 0.1234375 0.471875 0.04609375 0.04609375
1 0.07109375 0.4796875 0.034375 0.03125
1 0.08125 0.50234375 0.03125 0.04609375
1 0.096875 0.52578125 0.05390625 0.04140625
1 0.05 0.45078125 0.05390625 0.04609375
1 0.02109375 0.37109375 0.0421875 0.06171875
1 0.025 0.3890625 0.05 0.04609375
1 0.065625 0.4046875 0.07734375 0.0671875
1 0.11171875 0.34765625 0.1234375 0.0875
1 0.1296875 0.29140625 0.08125 0.07734375
1 0.0171875 0.24453125 0.034375 0.04609375
1 0.0328125 0.27578125 0.065625 0.0671875
1 0.05 0.29921875 0.1 0.09296875
1 0.08671875 0.19296875 0.0734375 0.02578125
1 0.06953125 0.21640625 0.05390625 0.0203125
1 0.06953125 0.23984375 0.06953125 0.04609375
1 0.12578125 0.2296875 0.065625 0.0359375
1 0.1484375 0.26015625 0.0734375 0.0359375
1 0.1796875 0.2703125 0.065625 0.02578125
1 0.2375 0.2703125 0.0734375 0.0359375
1 0.28984375 0.2421875 0.03828125 0.04140625
1 0.3375 0.22421875 0.05 0.02578125
1 0.246875 0.10859375 0.03828125 0.03125
1 0.271875 0.103125 0.02734375 0.03125
1 0.28984375 0.0875 0.03125 0.03125
1 0.32421875 0.04375 0.03828125 0.0359375
1 0.35546875 0.04921875 0.0234375 0.02578125
1 0.24296875 0.0640625 0.03828125 0.0359375
1 0.278125 0.04140625 0.03125 0.03125
1 0.2140625 0.09296875 0.02734375 0.04140625
1 0.19921875 0.10078125 0.00390625 0.02578125
1 0.25078125 0.265625 0.04609375 0.0359375
1 0.24921875 0.234375 0.05 0.0359375
1 0.28359375 0.2140625 0.034375 0.0359375
1 0.1078125 0.19609375 0.06171875 0.0203125
1 0.16953125 0.1859375 0.05390625 0.03125
1 0.22578125 0.1828125 0.0578125 0.04609375
1 0.278125 0.1984375 0.07734375 0.04609375
1 0.20859375 0.22421875 0.06171875 0.05703125
1 0.1640625 0.21640625 0.0578125 0.04140625
1 0.328125 0.19296875 0.03828125 0.02578125
1 0.33359375 0.15234375 0.0421875 0.0359375
1 0.37265625 0.13671875 0.0421875 0.04609375
1 0.38828125 0.178125 0.065625 0.04609375
1 0.425 0.14140625 0.03828125 0.04609375
1 0.44375 0.1625 0.03125 0.04609375
1 0.45546875 0.12109375 0.03828125 0.04609375
1 0.4015625 0.10078125 0.04609375 0.0671875
1 0.46328125 0.0671875 0.06171875 0.0515625
1 0.47109375 0.03125 0.09296875 0.04140625
1 0.540625 0.04140625 0.07734375 0.06171875
1 0.6234375 0.0359375 0.10390625 0.0515625
1 0.7203125 0.04375 0.10390625 0.05703125
1 0.39765625 0.04140625 0.05390625 0.06171875
1 0.2296875 0.04375 0.0421875 0.04609375
1 0.2125 0.02578125 0.03125 0.0203125
1 0.02734375 0.54375 0.05390625 0.11875
1 0.034375 0.59296875 0.06875 0.1234375
1 0.1 0.575 0.03828125 0.0359375
1 0.01171875 0.5078125 0.0234375 0.0359375
1 0.01328125 0.45546875 0.0265625 0.0671875