1 0.82890625 0.84140625 0.20546875 0.18125
1 0.96328125 0.87578125 0.06328125 0.1359375
1 0.65546875 0.81875 0.12109375 0.1359375
1 0.5578125 0.1984375 0.4734375 0.35078125
1 0.7765625 0.4890625 0.43671875 0.3359375
1 0.93984375 0.66953125 0.11015625 0.1546875
1 0.87890625 0.28515625 0.23125 0.21484375
1 0.734375 0.08671875 0.52109375 0.1734375
1 0.85234375 0.1640625 0.1578125 0.08671875
1 0.81328125 0.24140625 0.08984375 0.06015625
1 0.30234375 0.06640625 0.36328125 0.13203125
1 0.08984375 0.053125 0.17890625 0.10546875
1 0.16875 0.228125 0.33671875 0.32109375
1 0.284375 0.47578125 0.4734375 0.32421875
1 0.05546875 0.590625 0.11015625 0.1921875
1 0.1765625 0.80390625 0.35234375 0.15859375
1 0.26875 0.88125 0.03125 0.01875
1 0.3734375 0.93984375 0.03125 0.01484375
1 0.42109375 0.88125 0.03125 0.0265625
1 0.52890625 0.91484375 0.03671875 0.0265625
1 0.56015625 0.871875 0.04765625 0.03046875
1 0.57109375 0.8921875 0.0265625 0.01875
1 0.45546875 0.7359375 0.3421875 0.2640625
1 0.66875 0.7 0.1265625 0.09453125
1 0.7765625 0.68515625 0.20546875 0.09453125
1 0.66875 0.8078125 0.115625 0.128125
1 0.26875 0.68515625 0.1578125 0.12421875