1 0.784375 0.55234375 0.13515625 0.253125
1 0.76171875 0.76875 0.1546875 0.28984375
1 0.85703125 0.8640625 0.11875 0.0984375
1 0.7140625 0.8734375 0.0578125 0.1046875
1 0.6625 0.8671875 0.0453125 0.1046875
1 0.57265625 0.78359375 0.1609375 0.234375
1 0.46484375 0.6359375 0.13203125 0.246875
1 0.35390625 0.33046875 0.1671875 0.228125
1 0.41796875 0.80546875 0.21875 0.240625
1 0.2859375 0.9046875 0.14765625 0.08046875
1 0.26171875 0.79296875 0.08671875 0.17890625
1 0.19453125 0.8640625 0.0671875 0.08671875
1 0.13203125 0.82734375 0.115625 0.16015625
1 0.0546875 0.8515625 0.0515625 0.06171875
1 0.65078125 0.6265625 0.1 0.19140625
1 0.59140625 0.66015625 0.0453125 0.08671875
1 0.5515625 0.54296875 0.1125 0.221875
1 0.46015625 0.471875 0.0453125 0.08046875
1 0.51484375 0.43515625 0.0515625 0.08046875
1 0.59140625 0.42265625 0.07734375 0.1171875
1 0.65078125 0.496875 0.0484375 0.08046875
1 0.1203125 0.32421875 0.1640625 0.278125
1 0.178125 0.31796875 0.0546875 0.1421875
1 0.1609375 0.2375 0.08984375 0.09296875
1 0.02578125 0.29609375 0.03203125 0.1109375
1 0.31015625 0.17578125 0.0609375 0.09296875
1 0.42890625 0.23125 0.07421875 0.1046875
1 0.46796875 0.0984375 0.0671875 0.08671875
1 0.55625 0.1296875 0.0578125 0.07421875
1 0.6 0.25 0.08046875 0.1171875
1 0.46171875 0.2375 0.35703125 0.3640625
1 0.66875 0.484375 0.07109375 0.1046875
1 0.7234375 0.28359375 0.25703125 0.3953125