1 0.4984375 0.39609375 0.99609375 0.540625
1 0.6890625 0.78671875 0.61484375 0.2296875
1 0.72890625 0.92890625 0.534375 0.13125
1 0.36171875 0.9265625 0.7234375 0.13671875
1 0.16875 0.82421875 0.3375 0.2734375
1 0.2203125 0.67734375 0.39609375 0.328125
1 0.0546875 0.61171875 0.109375 0.2078125
1 0.178125 0.48359375 0.35625 0.42109375
1 0.31640625 0.3828125 0.24765625 0.0984375
1 0.39453125 0.1859375 0.3890625 0.371875
1 0.5765625 0.240625 0.4109375 0.3390625
1 0.69296875 0.28125 0.221875 0.26796875
1 0.65 0.1171875 0.30625 0.234375
1 0.8453125 0.08203125 0.3015625 0.1640625
1 0.8453125 0.2734375 0.3015625 0.2078125
1 0.9 0.4265625 0.19296875 0.1640625
1 0.10546875 0.06015625 0.2109375 0.1203125
1 0.2 0.22421875 0.4 0.2078125