1 0.71484375 0.57890625 0.44921875 0.63125
1 0.953125 0.6921875 0.08671875 0.51015625
1 0.91875 0.94765625 0.1546875 0.09453125
1 0.66015625 0.90234375 0.42265625 0.184375
1 0.2984375 0.8265625 0.24140625 0.33671875
1 0.4734375 0.8 0.12421875 0.284375
1 0.38671875 0.3 0.2828125 0.38984375
1 0.68515625 0.2078125 0.30546875 0.32109375
1 0.9015625 0.1921875 0.1890625 0.384375
1 0.9375 0.42890625 0.08671875 0.06875
1 0.71484375 0.084375 0.1921875 0.16875
1 0.45625 0.084375 0.309375 0.16875
1 0.2 0.15 0.25625 0.3
1 0.0734375 0.08984375 0.146875 0.17890625
1 0.05078125 0.29765625 0.1015625 0.32109375
1 0.12421875 0.39375 0.2484375 0.209375
1 0.21875 0.48671875 0.12109375 0.16328125
1 0.25078125 0.5421875 0.09453125 0.09453125
1 0.31484375 0.52109375 0.05625 0.06328125
1 0.346875 0.61015625 0.0828125 0.09453125
1 0.3984375 0.65546875 0.0640625 0.06875
1 0.2265625 0.615625 0.06796875 0.06328125
1 0.1015625 0.546875 0.203125 0.284375
1 0.0625 0.7265625 0.07890625 0.10546875
1 0.1265625 0.73125 0.08671875 0.2
1 0.2078125 0.91875 0.07578125 0.1421875
1 0.3984375 0.965625 0.05625 0.0578125
1 0.1015625 0.88984375 0.16640625 0.21015625
1 0.009375 0.91015625 0.01875 0.16875
1 0.028125 0.72890625 0.05625 0.215625
1 0.4984375 0.49765625 0.99609375 0.99453125