1 0.28046875 0.77890625 0.0546875 0.06015625
1 0.328125 0.77578125 0.046875 0.0546875
1 0.328125 0.7375 0.0546875 0.0546875
1 0.32265625 0.71328125 0.05078125 0.04921875
1 0.28828125 0.72421875 0.0328125 0.04921875
1 0.24453125 0.68828125 0.06171875 0.065625
1 0.2484375 0.7484375 0.046875 0.04375
1 0.1953125 0.7515625 0.06484375 0.04921875
1 0.18984375 0.71328125 0.0546875 0.04921875
1 0.08515625 0.7375 0.0546875 0.0546875
1 0.07578125 0.8390625 0.05078125 0.04921875
1 0.17578125 0.8609375 0.03984375 0.02734375
1 0.21171875 0.8359375 0.03984375 0.0765625
1 0.24609375 0.86875 0.05078125 0.0984375
1 0.31015625 0.871875 0.03984375 0.08203125
1 0.3546875 0.803125 0.04375 0.0546875
1 0.3734375 0.76484375 0.0359375 0.04375
1 0.1796875 0.81171875 0.03984375 0.07109375
1 0.13203125 0.83359375 0.046875 0.08203125
1 0.08359375 0.7921875 0.0578125 0.0546875
1 0.1359375 0.75390625 0.06171875 0.0546875
1 0.03828125 0.81953125 0.03984375 0.065625
1 0.0359375 0.76484375 0.06484375 0.04375
1 0.5234375 0.85234375 0.025 0.0328125
1 0.55234375 0.85 0.025 0.02734375
1 0.590625 0.85 0.0359375 0.03828125
1 0.61796875 0.93203125 0.03984375 0.12578125
1 0.55234375 0.9375 0.046875 0.11484375
1 0.7625 0.91015625 0.08359375 0.16953125
1 0.83671875 0.87421875 0.02890625 0.1640625
1 0.93828125 0.88515625 0.115625 0.21875
1 0.93125 0.78984375 0.0359375 0.07109375
1 0.8421875 0.7046875 0.03984375 0.0546875
1 0.8765625 0.68046875 0.04375 0.06015625
1 0.82421875 0.65859375 0.025 0.04921875
1 0.79921875 0.6859375 0.0328125 0.06015625
1 0.73359375 0.675 0.0328125 0.06015625
1 0.7625 0.675 0.025 0.06015625
1 0.67421875 0.68046875 0.04375 0.04921875
1 0.63203125 0.71015625 0.025 0.065625
1 0.6 0.72109375 0.0328125 0.065625
1 0.69921875 0.60625 0.09453125 0.0765625
1 0.74453125 0.696875 0.50390625 0.22421875
1 0.7296875 0.77890625 0.5328125 0.04921875
1 0.9421875 0.8796875 0.10859375 0.2296875