1 0.075 0.7953125 0.15 0.396875
1 0.28359375 0.76015625 0.328125 0.46875
1 0.40703125 0.9125 0.29765625 0.16484375
1 0.5890625 0.78359375 0.29765625 0.3609375
1 0.6 0.8296875 0.37421875 0.3296875
1 0.74140625 0.91015625 0.07734375 0.1703125
1 0.8703125 0.78359375 0.25078125 0.42265625
1 0.68359375 0.50546875 0.33203125 0.35078125
1 0.88203125 0.40234375 0.2125 0.3296875
1 0.92890625 0.48203125 0.13515625 0.18046875
1 0.74921875 0.321875 0.08515625 0.11875
1 0.96875 0.134375 0.05390625 0.2375
1 0.8859375 0.1984375 0.14296875 0.1703125
1 0.84765625 0.071875 0.12734375 0.1234375
1 0.7203125 0.21640625 0.2046875 0.2578125
1 0.640625 0.29609375 0.1 0.11875
1 0.534375 0.2296875 0.12734375 0.21171875
1 0.29140625 0.25546875 0.4828125 0.3140625
1 0.38203125 0.41015625 0.09296875 0.10859375
1 0.2859375 0.3765625 0.31640625 0.29921875
1 0.48046875 0.40703125 0.065625 0.0828125
1 0.52734375 0.57734375 0.10390625 0.103125
1 0.540625 0.3375 0.06171875 0.04609375
1 0.4828125 0.46875 0.06171875 0.103125
1 0.21796875 0.528125 0.228125 0.16015625
1 0.07109375 0.5125 0.1421875 0.221875
1 0.040625 0.3296875 0.08125 0.16484375