1 0.46015625 0.35859375 0.175 0.2390625
1 0.58046875 0.4078125 0.0875 0.14140625
1 0.69140625 0.37734375 0.1421875 0.1796875
1 0.81953125 0.32578125 0.1421875 0.17421875
1 0.7609375 0.2203125 0.171875 0.23359375
1 0.61328125 0.27734375 0.12421875 0.13046875
1 0.534375 0.22578125 0.128125 0.125
1 0.75703125 0.15234375 0.2078125 0.228125
1 0.284375 0.2609375 0.2921875 0.36953125
1 0.26484375 0.334375 0.215625 0.25546875
1 0.25390625 0.625 0.2515625 0.228125
1 0.284375 0.6546875 0.5109375 0.50546875
1 0.5015625 0.83125 0.0984375 0.14140625
1 0.578125 0.853125 0.09140625 0.13046875
1 0.671875 0.85859375 0.11640625 0.13046875
1 0.740625 0.834375 0.08046875 0.146875
1 0.77890625 0.78515625 0.11328125 0.18984375
1 0.8796875 0.77421875 0.12421875 0.22265625
1 0.8171875 0.63828125 0.153125 0.20078125
1 0.7515625 0.728125 0.0875 0.07578125
1 0.69140625 0.74765625 0.0765625 0.0921875
1 0.62421875 0.77734375 0.109375 0.13046875
1 0.57265625 0.74453125 0.05859375 0.10859375