1 0.765625 0.77578125 0.2171875 0.33359375
1 0.73125 0.65859375 0.13359375 0.203125
1 0.784375 0.64609375 0.103125 0.21875
1 0.84921875 0.671875 0.14921875 0.27109375
1 0.84140625 0.46640625 0.225 0.09921875
1 0.6453125 0.546875 0.2828125 0.11484375
1 0.628125 0.44765625 0.15625 0.20859375
1 0.725 0.39296875 0.2140625 0.25546875
1 0.64921875 0.6328125 0.06875 0.06796875
1 0.60078125 0.703125 0.07265625 0.13515625
1 0.54609375 0.65078125 0.053125 0.09375
1 0.515625 0.3125 0.09140625 0.54140625
1 0.50390625 0.4375 0.24453125 0.32265625
1 0.50390625 0.3984375 0.1296875 0.22421875
1 0.3453125 0.47421875 0.5765625 0.52109375
1 0.09921875 0.765625 0.1984375 0.3125
1 0.20625 0.75 0.09921875 0.23984375
1 0.309375 0.75234375 0.121875 0.234375
1 0.38203125 0.72109375 0.09921875 0.19296875
1 0.45234375 0.79140625 0.0875 0.16640625
1 0.53828125 0.73984375 0.10703125 0.1875
1 0.4390625 0.65625 0.09921875 0.125
1 0.31640625 0.31484375 0.17578125 0.38046875
1 0.39296875 0.26796875 0.1296875 0.16171875
1 0.5171875 0.19296875 0.13359375 0.15625
1 0.25 0.34609375 0.08046875 0.046875
1 0.215625 0.37734375 0.11796875 0.06796875
1 0.15859375 0.4140625 0.171875 0.046875
1 0.196875 0.46640625 0.06484375 0.046875
1 0.29765625 0.5546875 0.15234375 0.16171875
1 0.43515625 0.4296875 0.08359375 0.13046875
1 0.4921875 0.47890625 0.22109375 0.23984375