1 0.74921875 0.82734375 0.2140625 0.33359375
1 0.84609375 0.86015625 0.0734375 0.26796875
1 0.89453125 0.83046875 0.04375 0.32734375
1 0.85625 0.50859375 0.1140625 0.4109375
1 0.79921875 0.19921875 0.22734375 0.3984375
1 0.86796875 0.315625 0.096875 0.23828125
1 0.8125 0.2890625 0.20078125 0.23203125
1 0.7953125 0.11875 0.234375 0.2375
1 0.715625 0.11328125 0.3078125 0.2265625
1 0.70390625 0.0390625 0.11015625 0.07734375
1 0.65390625 0.01171875 0.096875 0.0234375
1 0.64375 0.6875 0.43125 0.61328125
1 0.640625 0.95546875 0.05 0.07734375
1 0.496875 0.67890625 0.43828125 0.63125
1 0.43828125 0.57734375 0.5421875 0.83359375
1 0.3328125 0.57734375 0.51171875 0.83359375
1 0.15546875 0.684375 0.1640625 0.2734375
1 0.1640625 0.9046875 0.18046875 0.17890625
1 0.36484375 0.31875 0.575 0.63671875
1 0.25078125 0.2734375 0.34765625 0.25
1 0.3328125 0.07734375 0.51171875 0.1546875
1 0.14375 0.0328125 0.13359375 0.065625