1 0.95546875 0.7875 0.0828125 0.4015625
1 0.8671875 0.8296875 0.14609375 0.29375
1 0.9203125 0.9578125 0.13984375 0.071875
1 0.74765625 0.9671875 0.13984375 0.05390625
1 0.7859375 0.7125 0.25546875 0.5625
1 0.946875 0.5265625 0.1 0.16796875
1 0.86015625 0.3953125 0.1796875 0.19140625
1 0.96484375 0.37109375 0.06328125 0.26328125
1 0.84375 0.2875 0.20625 0.22734375
1 0.9265625 0.140625 0.13984375 0.28125
1 0.8015625 0.11953125 0.215625 0.2390625
1 0.60625 0.48828125 0.315625 0.79609375
1 0.61484375 0.80546875 0.20625 0.37734375
1 0.43359375 0.87109375 0.17578125 0.2453125
1 0.3640625 0.61953125 0.2359375 0.50859375
1 0.40859375 0.1859375 0.22578125 0.37109375
1 0.23515625 0.1734375 0.1796875 0.346875
1 0.11953125 0.578125 0.2390625 0.52109375
1 0.1265625 0.73359375 0.25234375 0.52109375
1 0.04140625 0.26953125 0.0828125 0.2515625
1 0.1109375 0.209375 0.103125 0.2515625
1 0.21796875 0.21875 0.1296875 0.2453125
1 0.23046875 0.1734375 0.1828125 0.346875
1 0.06796875 0.075 0.1359375 0.15