1 0.6296875 0.3359375 0.23671875 0.32265625
1 0.4265625 0.3890625 0.23671875 0.396875
1 0.815625 0.5234375 0.21796875 0.20078125
1 0.80078125 0.57421875 0.18828125 0.153125
1 0.74609375 0.59765625 0.15390625 0.15859375
1 0.85546875 0.70390625 0.20703125 0.1796875
1 0.84765625 0.8203125 0.2515625 0.221875
1 0.53203125 0.56328125 0.15390625 0.1109375
1 0.65625 0.62734375 0.23671875 0.22734375
1 0.390625 0.709375 0.2328125 0.26484375
1 0.51328125 0.80390625 0.2515625 0.33828125
1 0.65625 0.83828125 0.2296875 0.290625
1 0.6 0.9734375 0.09375 0.0421875