1 0.89453125 0.6546875 0.20078125 0.228125
1 0.6546875 0.74921875 0.28828125 0.17734375
1 0.66484375 0.54609375 0.29921875 0.23515625
1 0.8890625 0.4828125 0.21171875 0.13125
1 0.778125 0.38046875 0.21640625 0.15859375
1 0.58984375 0.4109375 0.14921875 0.0890625
1 0.634375 0.3203125 0.134375 0.1
1 0.634375 0.26484375 0.11328125 0.0421875
1 0.70078125 0.20859375 0.38125 0.1390625
1 0.425 0.49609375 0.16015625 0.12734375
1 0.4125 0.65234375 0.2578125 0.17734375
1 0.25546875 0.534375 0.190625 0.15078125
1 0.18046875 0.65625 0.20625 0.18515625
1 0.353125 0.465625 0.70625 0.54453125
1 0.51015625 0.33359375 0.11328125 0.11171875
1 0.396875 0.36875 0.103125 0.08125
1 0.36328125 0.25703125 0.09765625 0.0734375
1 0.4765625 0.24140625 0.11875 0.0421875
1 0.365625 0.196875 0.134375 0.05390625
1 0.26796875 0.2953125 0.1234375 0.096875
1 0.17265625 0.328125 0.1390625 0.1
1 0.146875 0.2609375 0.0875 0.0421875
1 0.0640625 0.34140625 0.128125 0.1890625
1 0.015625 0.2375 0.03125 0.01953125
1 0.3296875 0.434375 0.40234375 0.18125