1 0.9 0.73984375 0.1234375 0.1703125
1 0.9078125 0.634375 0.1765625 0.20625
1 0.7734375 0.70859375 0.13046875 0.190625
1 0.8578125 0.515625 0.14609375 0.134375
1 0.7921875 0.571875 0.0765625 0.09296875
1 0.72109375 0.55390625 0.08828125 0.14921875
1 0.7265625 0.43828125 0.13828125 0.14453125
1 0.60546875 0.42265625 0.11171875 0.103125
1 0.63046875 0.321875 0.16953125 0.18046875
1 0.49453125 0.4046875 0.11953125 0.1703125
1 0.53828125 0.5234375 0.1 0.1703125
1 0.48671875 0.33515625 0.09609375 0.06171875
1 0.37890625 0.38125 0.1265625 0.1546875
1 0.32109375 0.3328125 0.1578125 0.20078125
1 0.27109375 0.49453125 0.1421875 0.1546875
1 0.4015625 0.59296875 0.1421875 0.175
1 0.4234375 0.50546875 0.13828125 0.1234375
1 0.36171875 0.4921875 0.06171875 0.0875
1 0.49609375 0.64453125 0.13828125 0.14453125
1 0.640625 0.64921875 0.134375 0.33984375
1 0.52109375 0.78828125 0.1734375 0.2265625
1 0.365625 0.77578125 0.14609375 0.20078125
1 0.3078125 0.6546875 0.115625 0.16484375
1 0.1828125 0.5 0.08046875 0.11328125
1 0.21171875 0.5875 0.13828125 0.14453125
1 0.15390625 0.675 0.0765625 0.11328125
1 0.225 0.7578125 0.1421875 0.20625
1 0.13046875 0.821875 0.15390625 0.20078125
1 0.06328125 0.734375 0.1265625 0.25234375
1 0.15390625 0.67265625 0.0765625 0.10859375
1 0.084375 0.5953125 0.1078125 0.0875