1 0.64375 0.5625 0.12109375 0.17265625
1 0.6875 0.59921875 0.071875 0.1515625
1 0.7484375 0.65703125 0.10234375 0.1203125
1 0.82578125 0.68046875 0.08359375 0.09453125
1 0.8578125 0.64375 0.04140625 0.1046875
1 0.91484375 0.6203125 0.0796875 0.14140625
1 0.7484375 0.725 0.0640625 0.1203125
1 0.659375 0.69140625 0.12109375 0.09453125
1 0.65 0.728125 0.09453125 0.08359375
1 0.5546875 0.7328125 0.10234375 0.09453125
1 0.5015625 0.76171875 0.0796875 0.07890625
1 0.51875 0.646875 0.06796875 0.1203125
1 0.571875 0.6515625 0.0453125 0.1625
1 0.5265625 0.6125 0.12890625 0.146875
1 0.41484375 0.70390625 0.1328125 0.11015625
1 0.475 0.18828125 0.125 0.23046875
1 0.53046875 0.19140625 0.0453125 0.046875
1 0.55078125 0.25390625 0.05703125 0.03671875
1 0.634375 0.23046875 0.04140625 0.0421875
1 0.61015625 0.23046875 0.2125 0.21953125
1 0.73515625 0.2171875 0.090625 0.1203125
1 0.78046875 0.2484375 0.0453125 0.046875
1 0.79140625 0.3140625 0.08359375 0.0625
1 0.875 0.36875 0.090625 0.11015625
1 0.8828125 0.465625 0.053125 0.09453125
1 0.85625 0.48671875 0.0984375 0.19921875
1 0.79140625 0.38984375 0.0984375 0.07890625
1 0.78046875 0.45 0.0375 0.08359375
1 0.7953125 0.5265625 0.053125 0.09921875
1 0.7484375 0.49453125 0.04140625 0.06796875
1 0.696875 0.49765625 0.23515625 0.2515625
1 0.6703125 0.36875 0.17421875 0.07890625
1 0.73515625 0.32734375 0.0984375 0.0578125
1 0.5625 0.4578125 0.071875 0.13125
1 0.5265625 0.484375 0.11328125 0.13125
1 0.35234375 0.1703125 0.08359375 0.0890625
1 0.42421875 0.271875 0.0453125 0.1046875
1 0.471875 0.23046875 0.1328125 0.178125
1 0.13046875 0.52890625 0.0875 0.1046875
1 0.12890625 0.61484375 0.18203125 0.20390625
1 0.27265625 0.709375 0.159375 0.1625
1 0.38671875 0.646875 0.1515625 0.1203125
1 0.4546875 0.5578125 0.0453125 0.046875
1 0.446875 0.5234375 0.0375 0.0421875
1 0.45234375 0.48203125 0.0640625 0.09453125
1 0.38984375 0.48671875 0.090625 0.09453125
1 0.34296875 0.39296875 0.1328125 0.08359375
1 0.40546875 0.41875 0.090625 0.05234375
1 0.44140625 0.38203125 0.11015625 0.0734375
1 0.32421875 0.24375 0.1328125 0.06796875
1 0.33359375 0.29609375 0.10625 0.03671875
1 0.37109375 0.340625 0.14375 0.0421875
1 0.465625 0.3640625 0.0375 0.03671875
1 0.33515625 0.46875 0.09453125 0.1515625
1 0.2578125 0.5703125 0.0984375 0.05234375
1 0.2859375 0.60234375 0.10234375 0.09453125
1 0.2484375 0.4921875 0.1703125 0.146875
1 0.24609375 0.353125 0.12890625 0.13125
1 0.259375 0.40859375 0.071875 0.0625
1 0.1859375 0.3375 0.10625 0.1515625
1 0.2578125 0.30625 0.0609375 0.0578125
1 0.21015625 0.259375 0.071875 0.0265625
1 0.26875 0.22265625 0.0609375 0.07890625
1 0.1234375 0.3375 0.0640625 0.11015625
1 0.08515625 0.42109375 0.0265625 0.03671875
1 0.096875 0.45 0.13984375 0.11484375