1 0.98046875 0.78046875 0.0328125 0.38125
1 0.921875 0.94609375 0.1515625 0.09375
1 0.88671875 0.7015625 0.16015625 0.41015625
1 0.94609375 0.42109375 0.1015625 0.3234375
1 0.88828125 0.45703125 0.0359375 0.07890625
1 0.9234375 0.05 0.146875 0.1
1 0.8265625 0.31640625 0.1375 0.33125
1 0.78203125 0.55390625 0.13203125 0.31640625
1 0.77265625 0.83828125 0.140625 0.309375
1 0.675 0.7984375 0.09921875 0.2875
1 0.71328125 0.50390625 0.11015625 0.2875
1 0.6734375 0.24453125 0.14609375 0.33125
1 0.59375 0.453125 0.11875 0.30234375
1 0.6265625 0.69453125 0.1015625 0.22265625
1 0.57578125 0.18359375 0.11015625 0.2515625
1 0.5234375 0.37421875 0.04921875 0.18671875
1 0.546875 0.596875 0.06328125 0.17265625
1 0.49296875 0.2875 0.17109375 0.475
1 0.475 0.4859375 0.07421875 0.165625
1 0.44609375 0.26640625 0.19296875 0.403125
1 0.3984375 0.2265625 0.17890625 0.3953125
1 0.35234375 0.19453125 0.1765625 0.3453125
1 0.1640625 0.0359375 0.2234375 0.071875
1 0.2234375 0.08984375 0.2421875 0.1078125
1 0.23515625 0.17265625 0.16796875 0.071875
1 0.253125 0.23359375 0.071875 0.05
1 0.034375 0.16171875 0.06875 0.1078125
1 0.02890625 0.25546875 0.04140625 0.09375
1 0.03203125 0.3203125 0.0359375 0.07890625
1 0.0671875 0.31640625 0.04140625 0.23046875
1 0.09765625 0.3703125 0.03046875 0.28046875
1 0.13671875 0.3921875 0.0359375 0.22265625
1 0.16640625 0.38515625 0.0359375 0.12265625
1 0.1390625 0.5609375 0.06328125 0.2015625
1 0.1859375 0.475 0.0359375 0.215625
1 0.209375 0.53984375 0.04921875 0.18671875
1 0.25078125 0.521875 0.04375 0.13671875
1 0.3015625 0.6296875 0.09609375 0.1796875
1 0.28359375 0.76640625 0.115625 0.1796875
1 0.2 0.6796875 0.08515625 0.20859375
1 0.38671875 0.76953125 0.0796875 0.17265625
1 0.36953125 0.8921875 0.08828125 0.18671875
1 0.3140625 0.91328125 0.11015625 0.15859375
1 0.415625 0.95 0.0328125 0.08671875
1 0.44375 0.86328125 0.04921875 0.11484375
1 0.490625 0.94609375 0.0609375 0.09375
1 0.084375 0.73046875 0.06875 0.12265625
1 0.0484375 0.62578125 0.06875 0.18671875
1 0.025 0.7875 0.04921875 0.1796875
1 0.059375 0.859375 0.06875 0.165625
1 0.01796875 0.93203125 0.0359375 0.12265625
1 0.009375 0.671875 0.01875 0.065625
1 0.01484375 0.58203125 0.0296875 0.0859375
1 0.13515625 0.8921875 0.1046875 0.2015625
1 0.1984375 0.95703125 0.0828125 0.071875
1 0.08515625 0.84921875 0.11015625 0.2875