1 0.97734375 0.8046875 0.03828125 0.0921875
1 0.97734375 0.70390625 0.03828125 0.109375
1 0.94453125 0.72109375 0.05546875 0.09765625
1 0.8984375 0.72734375 0.07265625 0.1203125
1 0.9359375 0.8046875 0.05859375 0.0578125
1 0.89453125 0.825 0.065625 0.03984375
1 0.81875 0.78984375 0.09296875 0.09765625
1 0.82265625 0.68671875 0.0796875 0.14375
1 0.865625 0.67265625 0.02734375 0.04609375
1 0.9 0.63203125 0.07578125 0.1265625
1 0.87421875 0.56640625 0.24453125 0.20078125
1 0.9203125 0.3765625 0.07578125 0.246875
1 0.7484375 0.534375 0.0828125 0.103125
1 0.8 0.58359375 0.06171875 0.075
1 0.75703125 0.6296875 0.0796875 0.0859375
1 0.7484375 0.715625 0.096875 0.1203125
1 0.7140625 0.7875 0.103125 0.103125
1 0.67421875 0.640625 0.065625 0.109375
1 0.69453125 0.71875 0.0515625 0.0578125
1 0.65859375 0.76171875 0.0484375 0.075
1 0.62578125 0.79296875 0.1 0.103125
1 0.61015625 0.70390625 0.0484375 0.075
1 0.63828125 0.68984375 0.034375 0.0921875
1 0.63984375 0.56015625 0.07265625 0.1203125
1 0.696875 0.52265625 0.05546875 0.0921875
1 0.71171875 0.59765625 0.0515625 0.0921875
1 0.59453125 0.609375 0.05859375 0.0921875
1 0.58984375 0.46875 0.07578125 0.0859375
1 0.57265625 0.5140625 0.05546875 0.0859375
1 0.6671875 0.465625 0.1 0.08046875
1 0.56875 0.390625 0.1859375 0.13828125
1 0.5203125 0.53125 0.06171875 0.09765625
1 0.5359375 0.465625 0.04453125 0.0578125
1 0.553125 0.43359375 0.03828125 0.0515625
1 0.4796875 0.4453125 0.06875 0.109375
1 0.51015625 0.73828125 0.13828125 0.2125
1 0.36015625 0.79296875 0.1484375 0.103125
1 0.496875 0.609375 0.06875 0.0921875
1 0.465625 0.68984375 0.05546875 0.06875
1 0.42265625 0.7328125 0.0859375 0.09765625
1 0.4 0.63828125 0.06875 0.11484375
1 0.42734375 0.5546875 0.0828125 0.1203125
1 0.46875 0.52578125 0.05546875 0.0859375
1 0.40703125 0.465625 0.0828125 0.13828125
1 0.39453125 0.390625 0.065625 0.0578125
1 0.35859375 0.3359375 0.06171875 0.0859375
1 0.42734375 0.33046875 0.06875 0.09765625
1 0.32578125 0.33359375 0.04453125 0.0921875
1 0.3296875 0.3796875 0.04453125 0.034375
1 0.35703125 0.45703125 0.0796875 0.14375
1 0.35859375 0.56875 0.07578125 0.06875
1 0.28828125 0.53984375 0.0859375 0.13828125
1 0.32265625 0.61484375 0.04453125 0.04609375
1 0.3296875 0.67265625 0.065625 0.06875
1 0.35703125 0.71875 0.03828125 0.034375
1 0.3015625 0.74140625 0.07265625 0.103125
1 0.25 0.78984375 0.0515625 0.06328125
1 0.25 0.83046875 0.03828125 0.02890625
1 0.26015625 0.68671875 0.065625 0.13203125
1 0.22265625 0.61171875 0.1 0.09765625
1 0.19453125 0.7125 0.065625 0.11484375
1 0.18828125 0.8015625 0.065625 0.06328125
1 0.134375 0.825 0.0484375 0.02890625
1 0.0796875 0.81640625 0.06875 0.04609375
1 0.034375 0.7875 0.06875 0.0921875
1 0.096875 0.78125 0.05546875 0.08046875
1 0.12578125 0.71875 0.05859375 0.08046875
1 0.146875 0.76171875 0.03828125 0.1203125
1 0.05 0.70703125 0.0796875 0.1265625
1 0.0640625 0.63515625 0.09296875 0.1203125
1 0.14140625 0.609375 0.06875 0.1265625
1 0.17578125 0.53125 0.0828125 0.09765625
1 0.24453125 0.56015625 0.05546875 0.03984375
1 0.25546875 0.503125 0.05546875 0.075
1 0.27421875 0.41953125 0.07265625 0.0921875
1 0.21171875 0.4625 0.05859375 0.075
1 0.10703125 0.51171875 0.06875 0.103125
1 0.04296875 0.575 0.0515625 0.11484375
1 0.01015625 0.59453125 0.0203125 0.0859375
1 0.0296875 0.4828125 0.05859375 0.0921875
1 0.0359375 0.384375 0.071875 0.103125
1 0.08125 0.428125 0.0515625 0.09765625
1 0.09140625 0.36171875 0.065625 0.0578125
1 0.096875 0.3015625 0.06875 0.09765625
1 0.046875 0.3046875 0.04453125 0.0578125
1 0.01171875 0.2953125 0.0234375 0.0625
1 0.1296875 0.2640625 0.04453125 0.0578125
1 0.17421875 0.28125 0.03828125 0.06875
1 0.19296875 0.253125 0.04140625 0.06875
1 0.2359375 0.2703125 0.05859375 0.06875
1 0.23984375 0.325 0.03125 0.0515625
1 0.27265625 0.353125 0.0484375 0.06328125
1 0.24453125 0.31875 0.034375 0.03984375
1 0.215625 0.3390625 0.0515625 0.08046875
1 0.18828125 0.31640625 0.04453125 0.0578125
1 0.17421875 0.3703125 0.0515625 0.06328125
1 0.14453125 0.353125 0.0484375 0.0515625
1 0.12734375 0.4078125 0.04140625 0.034375
1 0.12265625 0.465625 0.065625 0.0921875
1 0.17578125 0.43984375 0.05546875 0.06328125
1 0.17734375 0.52890625 0.07265625 0.103125
1 0.23984375 0.38203125 0.04453125 0.06328125
1 0.28828125 0.534375 0.07265625 0.1265625
1 0.25859375 0.678125 0.05546875 0.11484375
1 0.23828125 0.6234375 0.06171875 0.075
1 0.18828125 0.6265625 0.03125 0.06875