1 0.965625 0.88515625 0.06171875 0.1421875
1 0.96328125 0.97265625 0.065625 0.04375
1 0.89296875 0.8828125 0.08359375 0.12578125
1 0.890625 0.9671875 0.0875 0.0546875
1 0.81640625 0.92890625 0.0765625 0.13125
1 0.7984375 0.71015625 0.21484375 0.328125
1 0.94375 0.6421875 0.10546875 0.32265625
1 0.6890625 0.90703125 0.178125 0.175
1 0.5234375 0.91796875 0.16015625 0.153125
1 0.37109375 0.67734375 0.23984375 0.39375
1 0.36171875 0.7921875 0.16328125 0.4046875
1 0.30546875 0.79765625 0.1671875 0.39375
1 0.24921875 0.79765625 0.0984375 0.39375
1 0.1125 0.4703125 0.09453125 0.153125
1 0.1546875 0.4890625 0.08359375 0.18046875
1 0.08515625 0.59296875 0.1125 0.13671875
1 0.16171875 0.64453125 0.06875 0.109375
1 0.1234375 0.7296875 0.13828125 0.15859375
1 0.1875 0.784375 0.06875 0.09296875
1 0.19453125 0.89921875 0.090625 0.18046875
1 0.109375 0.86875 0.0875 0.1421875
1 0.12734375 0.96484375 0.07265625 0.06015625
1 0.03125 0.915625 0.06171875 0.14765625
1 0.03125 0.7515625 0.06171875 0.19140625
1 0.0125 0.60859375 0.025 0.1140625
1 0.0328125 0.4703125 0.065625 0.13125
1 0.0203125 0.38828125 0.03984375 0.04375
1 0.08515625 0.39609375 0.0765625 0.07109375
1 0.4796875 0.66953125 0.26875 0.26796875
1 0.40703125 0.5078125 0.22578125 0.1421875
1 0.409375 0.4375 0.3234375 0.1421875
1 0.53125 0.4046875 0.334375 0.2515625
1 0.54375 0.5296875 0.27265625 0.3390625
1 0.57421875 0.63359375 0.23984375 0.3609375
1 0.63984375 0.609375 0.30546875 0.48671875
1 0.63125 0.83359375 0.0765625 0.22421875
1 0.87265625 0.42109375 0.17421875 0.2515625
1 0.97109375 0.39375 0.05078125 0.2078125
1 0.91640625 0.1640625 0.16015625 0.328125
1 0.72890625 0.3390625 0.12734375 0.196875
1 0.72890625 0.24609375 0.06171875 0.0984375
1 0.80703125 0.2078125 0.065625 0.0875
1 0.78359375 0.196875 0.04765625 0.0875
1 0.72734375 0.1609375 0.03671875 0.06015625
1 0.68515625 0.2046875 0.0765625 0.10390625
1 0.80703125 0.128125 0.065625 0.09296875
1 0.75234375 0.08203125 0.05078125 0.0984375
1 0.78515625 0.0625 0.03671875 0.03828125
1 0.7125 0.07109375 0.04375 0.0984375
1 0.67421875 0.10390625 0.06171875 0.0875
1 0.13984375 0.303125 0.2796875 0.60625
1 0.2765625 0.2265625 0.1671875 0.25703125
1 0.434375 0.27578125 0.17109375 0.26796875
1 0.578125 0.19921875 0.16015625 0.25703125
1 0.65078125 0.0765625 0.05078125 0.0875
1 0.70546875 0.0328125 0.07265625 0.065625
1 0.67109375 0.01328125 0.0546875 0.0265625
1 0.72109375 0.0078125 0.0484375 0.015625
1 0.63125 0.02734375 0.06171875 0.0546875
1 0.609375 0.06015625 0.03984375 0.065625
1 0.65078125 0.0625 0.04375 0.03828125
1 0.521875 0.04921875 0.15625 0.0984375
1 0.36171875 0.07109375 0.15625 0.1421875