1 0.71484375 0.59609375 0.18671875 0.1875
1 0.84609375 0.6171875 0.075 0.0765625
1 0.5703125 0.54453125 0.15859375 0.16171875
1 0.52109375 0.67421875 0.24765625 0.25078125
1 0.41796875 0.62109375 0.12578125 0.16171875
1 0.42734375 0.78046875 0.19140625 0.22578125
1 0.5046875 0.87265625 0.16796875 0.14453125
1 0.36484375 0.7640625 0.103125 0.1578125
1 0.6328125 0.31953125 0.0796875 0.09375
1 0.97421875 0.534375 0.0421875 0.0890625
1 0.6171875 0.246875 0.05625 0.05078125
1 0.703125 0.26796875 0.1171875 0.1109375
1 0.78515625 0.34453125 0.05625 0.059375
1 0.5046875 0.31484375 0.13046875 0.1359375
1 0.50234375 0.4109375 0.0234375 0.0296875
1 0.4203125 0.27890625 0.13046875 0.22578125
1 0.4625 0.1765625 0.1125 0.14921875
1 0.55859375 0.16171875 0.15390625 0.17890625
1 0.7125 0.23203125 0.1171875 0.2421875
1 0.8203125 0.28046875 0.27578125 0.19609375
1 0.3109375 0.0875 0.13515625 0.14921875
1 0.36953125 0.04453125 0.14921875 0.0890625
1 0.53515625 0.046875 0.13515625 0.09375
1 0.25 0.1125 0.1171875 0.13203125
1 0.20546875 0.3296875 0.075 0.09765625
1 0.1375 0.40234375 0.1171875 0.10625
1 0.084375 0.40859375 0.075 0.10234375
1 0.03046875 0.50234375 0.0609375 0.11953125
1 0.1515625 0.5125 0.0890625 0.0890625
1 0.128125 0.6234375 0.1078125 0.09765625
1 0.07734375 0.665625 0.0609375 0.046875
1 0.0984375 0.746875 0.084375 0.0640625
1 0.14453125 0.69140625 0.065625 0.05546875
1 0.1890625 0.7171875 0.0421875 0.0296875