1 0.75546875 0.3375 0.38671875 0.28984375
1 0.95078125 0.47265625 0.0875 0.13515625
1 0.89140625 0.62578125 0.20625 0.1390625
1 0.7265625 0.615625 0.11328125 0.10390625
1 0.70625 0.53828125 0.11328125 0.0734375
1 0.809375 0.51953125 0.175 0.08125
1 0.48203125 0.58671875 0.33515625 0.2703125
1 0.4765625 0.72578125 0.04609375 0.03125
1 0.603125 0.746875 0.03125 0.02734375
1 0.63125 0.70625 0.05703125 0.03125
1 0.74765625 0.7125 0.03125 0.02734375
1 0.79375 0.73203125 0.03125 0.02734375
1 0.928125 0.70078125 0.0203125 0.01953125
1 0.9640625 0.98046875 0.06171875 0.03125
1 0.6859375 0.9109375 0.04140625 0.03828125
1 0.6234375 0.87265625 0.04140625 0.03125
1 0.75 0.82265625 0.0359375 0.03125
1 0.6390625 0.83046875 0.04140625 0.03125
1 0.5953125 0.8359375 0.04609375 0.034375
1 0.54609375 0.83359375 0.04140625 0.03125
1 0.54375 0.859375 0.0359375 0.02734375
1 0.45625 0.8375 0.04609375 0.0234375
1 0.325 0.84921875 0.04140625 0.03125
1 0.02578125 0.93046875 0.0515625 0.03828125
1 0.234375 0.77578125 0.46875 0.2546875
1 0.29140625 0.53125 0.16015625 0.14296875
1 0.1234375 0.52421875 0.246875 0.4171875
1 0.3015625 0.3703125 0.45859375 0.32421875
1 0.178125 0.221875 0.35546875 0.28203125
1 0.5203125 0.1640625 0.37109375 0.3046875
1 0.79609375 0.096875 0.23203125 0.1
1 0.85859375 0.096875 0.2734375 0.146875
1 0.896875 0.23359375 0.19609375 0.18125
1 0.7578125 0.18359375 0.0828125 0.0890625
1 0.57734375 0.0234375 0.40234375 0.04609375
1 0.190625 0.08125 0.35078125 0.1078125