1 0.94375 0.921875 0.10703125 0.14296875
1 0.84296875 0.90234375 0.14296875 0.16875
1 0.6890625 0.9578125 0.0734375 0.07109375
1 0.6296875 0.921875 0.09453125 0.14296875
1 0.54140625 0.90234375 0.09453125 0.18203125
1 0.58671875 0.7078125 0.15546875 0.2859375
1 0.60390625 0.23359375 0.15234375 0.22109375
1 0.66640625 0.40546875 0.1375 0.253125
1 0.7375 0.56484375 0.07890625 0.325
1 0.6765625 0.06484375 0.128125 0.1296875
1 0.80625 0.2109375 0.240625 0.421875
1 0.83046875 0.490625 0.1375 0.2140625
1 0.83828125 0.61328125 0.09765625 0.1625
1 0.928125 0.5515625 0.13125 0.55859375
1 0.65703125 0.56171875 0.253125 0.5390625
1 0.76953125 0.828125 0.1734375 0.2921875
1 0.33203125 0.75625 0.14609375 0.30546875
1 0.48359375 0.47109375 0.1125 0.240625
1 0.484375 0.73671875 0.14609375 0.33125
1 0.6125 0.90234375 0.3171875 0.18203125
1 0.4046875 0.31796875 0.24375 0.6359375
1 0.24375 0.35078125 0.28046875 0.57109375
1 0.27109375 0.06171875 0.109375 0.1234375
1 0.10859375 0.05859375 0.21640625 0.1171875
1 0.02890625 0.2046875 0.0578125 0.14921875
1 0.0765625 0.31484375 0.10390625 0.13671875
1 0.109375 0.496875 0.128125 0.253125
1 0.196875 0.49375 0.0578125 0.16875
1 0.2390625 0.52890625 0.11875 0.27890625
1 0.21328125 0.659375 0.10390625 0.18828125
1 0.03203125 0.64609375 0.0640625 0.240625
1 0.0140625 0.7828125 0.02734375 0.1234375
1 0.02578125 0.9125 0.0515625 0.1625
1 0.1109375 0.7890625 0.14296875 0.34453125
1 0.22109375 0.925 0.08828125 0.13671875
1 0.23046875 0.828125 0.08828125 0.14921875
1 0.33671875 0.8828125 0.14921875 0.22109375
1 0.02578125 0.4484375 0.0515625 0.16875