1 0.85234375 0.803125 0.23671875 0.3828125
1 0.91484375 0.60625 0.16328125 0.459375
1 0.74375 0.54921875 0.2 0.36640625
1 0.79609375 0.196875 0.2546875 0.39375
1 0.92578125 0.2625 0.1421875 0.2515625
1 0.97265625 0.4015625 0.04765625 0.10390625
1 0.9578125 0.13359375 0.0765625 0.07109375
1 0.95234375 0.06796875 0.0875 0.10390625
1 0.57109375 0.49765625 0.21796875 0.48125
1 0.6578125 0.20234375 0.1234375 0.284375
1 0.6953125 0.040625 0.15625 0.08125
1 0.5484375 0.1390625 0.109375 0.278125
1 0.38515625 0.29765625 0.30546875 0.23515625
1 0.42734375 0.0984375 0.15625 0.196875
1 0.28359375 0.13671875 0.16015625 0.21875
1 0.13671875 0.3390625 0.20703125 0.3390625
1 0.28359375 0.51640625 0.2984375 0.43203125
1 0.66328125 0.9265625 0.10546875 0.13671875
1 0.978125 0.89375 0.03671875 0.13671875
1 0.9453125 0.825 0.05078125 0.0875
1 0.9796875 0.97578125 0.02578125 0.03828125
1 0.665625 0.77578125 0.1015625 0.1421875
1 0.58359375 0.71015625 0.0984375 0.1640625
1 0.51640625 0.83359375 0.0875 0.16953125
1 0.578125 0.871875 0.07265625 0.13671875
1 0.5578125 0.96171875 0.0984375 0.065625
1 0.48203125 0.9375 0.0546875 0.09296875
1 0.42578125 0.8828125 0.09453125 0.21328125
1 0.465625 0.73515625 0.0875 0.10390625
1 0.37265625 0.74296875 0.08359375 0.153125
1 0.41640625 0.62265625 0.090625 0.153125
1 0.45078125 0.47578125 0.05078125 0.1203125
1 0.4890625 0.38828125 0.04765625 0.065625
1 0.3234375 0.92890625 0.13828125 0.13125
1 0.30546875 0.84140625 0.1015625 0.13125
1 0.27265625 0.759375 0.109375 0.1421875
1 0.1984375 0.87421875 0.10546875 0.1640625
1 0.2 0.97265625 0.109375 0.04375
1 0.0796875 0.93203125 0.13828125 0.12578125
1 0.12734375 0.80625 0.07265625 0.13671875
1 0.165625 0.740625 0.090625 0.12578125
1 0.04765625 0.80859375 0.09453125 0.175
1 0.01484375 0.93203125 0.02890625 0.11484375
1 0.0890625 0.67734375 0.08359375 0.13125
1 0.13125 0.58203125 0.0875 0.15859375
1 0.03984375 0.5734375 0.0796875 0.1859375
1 0.01796875 0.6984375 0.0359375 0.0875
1 0.03671875 0.4453125 0.05078125 0.12578125
1 0.0203125 0.42890625 0.03984375 0.11484375
1 0.02890625 0.3390625 0.02890625 0.0875
1 0.0109375 0.33046875 0.021875 0.11484375
1 0.01796875 0.23671875 0.0359375 0.0921875
1 0.065625 0.2296875 0.0578125 0.109375
1 0.1328125 0.16953125 0.08359375 0.0875
1 0.18515625 0.128125 0.04375 0.09296875
1 0.23984375 0.03828125 0.05078125 0.065625
1 0.30546875 0.040625 0.05078125 0.06015625
1 0.3421875 0.03828125 0.01484375 0.065625
1 0.3140625 0.0078125 0.0625 0.015625
1 0.24375 0.0109375 0.07265625 0.021875
1 0.178125 0.03828125 0.07265625 0.0765625
1 0.12734375 0.10625 0.065625 0.04921875
1 0.10703125 0.07109375 0.06875 0.0875
1 0.121875 0.01640625 0.0546875 0.0328125
1 0.04375 0.040625 0.0875 0.08125
1 0.065625 0.11171875 0.03671875 0.04921875
1 0.03671875 0.15859375 0.065625 0.065625
1 0.08203125 0.153125 0.0546875 0.0546875