1 0.6171875 0.16953125 0.4125 0.3390625
1 0.9390625 0.490625 0.11640625 0.98125
1 0.66328125 0.36484375 0.35234375 0.42734375
1 0.6984375 0.553125 0.32734375 0.440625
1 0.7453125 0.68515625 0.2453125 0.37734375
1 0.4609375 0.60078125 0.059375 0.08203125
1 0.45 0.7046875 0.0375 0.10078125
1 0.471875 0.7265625 0.05 0.11953125
1 0.5140625 0.67890625 0.034375 0.16328125
1 0.2875 0.64453125 0.021875 0.04375
1 0.2984375 0.67890625 0.025 0.05
1 0.31796875 0.7140625 0.025 0.04375
1 0.3015625 0.528125 0.03125 0.0375
1 0.33828125 0.55625 0.053125 0.08203125
1 0.35390625 0.64140625 0.046875 0.11328125
1 0.35859375 0.7046875 0.07578125 0.10078125
1 0.2234375 0.67265625 0.03125 0.06328125
1 0.2421875 0.7171875 0.03125 0.08828125
1 0.2609375 0.7609375 0.03125 0.08828125
1 0.31953125 0.8046875 0.11015625 0.11328125
1 0.3109375 0.86171875 0.05625 0.06328125
1 0.2515625 0.1984375 0.503125 0.39609375
1 0.11015625 0.2609375 0.2203125 0.32109375
1 0.196875 0.2734375 0.1984375 0.2203125
1 0.08046875 0.41484375 0.16015625 0.37734375
1 0.11484375 0.39921875 0.13515625 0.2578125
1 0.0375 0.53671875 0.075 0.1953125
1 0.08046875 0.55625 0.14765625 0.2578125
1 0.14921875 0.67265625 0.06640625 0.13828125
1 0.0375 0.646875 0.075 0.175
1 0.0203125 0.82734375 0.040625 0.33359375
1 0.09453125 0.83984375 0.08828125 0.15703125
1 0.36953125 0.946875 0.040625 0.09453125
1 0.40078125 0.90859375 0.046875 0.09453125
1 0.4453125 0.946875 0.046875 0.09453125
1 0.4796875 0.965625 0.028125 0.05625
1 0.5578125 0.98125 0.053125 0.025
1 0.31640625 0.96875 0.034375 0.0375