1 0.56953125 0.85546875 0.42890625 0.278125
1 0.8375 0.6828125 0.31640625 0.46875
1 0.63515625 0.5 0.37421875 0.54609375
1 0.84140625 0.21640625 0.30859375 0.4328125
1 0.903125 0.440625 0.18515625 0.18046875
1 0.64296875 0.18046875 0.13515625 0.1234375
1 0.640625 0.059375 0.146875 0.11875
1 0.48671875 0.19609375 0.33984375 0.39140625
1 0.67734375 0.178125 0.0578125 0.10859375
1 0.38984375 0.55703125 0.23203125 0.3609375
1 0.15234375 0.74453125 0.3046875 0.5
1 0.221875 0.3453125 0.25859375 0.37109375
1 0.196875 0.11875 0.23203125 0.2375
1 0.3125 0.04609375 0.13125 0.0921875
1 0.040625 0.17265625 0.08125 0.2625
1 0.06171875 0.4640625 0.1234375 0.309375