1 0.434375 0.48125 0.0765625 0.065625
1 0.3578125 0.62265625 0.06171875 0.021875
1 0.4015625 0.61171875 0.0328125 0.0328125
1 0.4234375 0.6203125 0.02578125 0.03828125
1 0.43671875 0.60078125 0.02890625 0.0328125
1 0.46328125 0.58203125 0.03984375 0.04921875
1 0.48359375 0.62265625 0.04375 0.021875
1 0.50703125 0.6171875 0.0328125 0.0328125
1 0.50546875 0.5984375 0.02890625 0.02734375
1 0.4546875 0.62578125 0.02890625 0.02734375
1 0.53984375 0.61484375 0.02578125 0.02734375
1 0.55625 0.609375 0.02890625 0.02734375
1 0.590625 0.60625 0.0328125 0.021875