1 0.49765625 0.49765625 0.9953125 0.9953125
1 0.9375 0.44453125 0.115625 0.87109375
1 0.8953125 0.4953125 0.2 0.90234375
1 0.7625 0.5265625 0.24453125 0.9203125
1 0.853125 0.54453125 0.10703125 0.90234375
1 0.6578125 0.50703125 0.0625 0.81796875
1 0.6953125 0.484375 0.07578125 0.96875
1 0.54453125 0.48671875 0.06640625 0.84921875
1 0.5890625 0.49140625 0.09296875 0.9734375
1 0.4046875 0.65078125 0.0796875 0.5640625
1 0.44921875 0.5 0.07109375 0.99140625
1 0.478125 0.521875 0.0578125 0.81328125
1 0.34921875 0.521875 0.1640625 0.84921875
1 0.33984375 0.87109375 0.06640625 0.24921875
1 0.2796875 0.9265625 0.0625 0.1375
1 0.30703125 0.46875 0.2046875 0.89296875
1 0.13984375 0.73359375 0.2625 0.4
1 0.18203125 0.7375 0.115625 0.24921875
1 0.15546875 0.50859375 0.13359375 0.9734375
1 0.04921875 0.62890625 0.09765625 0.5109375