1 0.43125 0.5109375 0.23671875 0.35546875
1 0.61796875 0.7296875 0.20390625 0.32265625
1 0.8578125 0.5984375 0.18203125 0.25703125
1 0.93984375 0.3359375 0.1125 0.45390625
1 0.78203125 0.38515625 0.13125 0.26796875
1 0.9796875 0.284375 0.0328125 0.1640625
1 0.8125 0.13671875 0.10546875 0.2734375
1 0.809375 0.30859375 0.3453125 0.6171875
1 0.42578125 0.84140625 0.0875 0.30625
1 0.51484375 0.89375 0.0765625 0.20234375
1 0.71640625 0.84140625 0.21796875 0.30625
1 0.578125 0.3609375 0.1453125 0.3390625
1 0.6125 0.109375 0.178125 0.21875
1 0.6484375 0.01875 0.1125 0.0375
1 0.43125 0.18046875 0.2 0.3609375