1 0.73984375 0.41796875 0.21796875 0.21328125
1 0.646875 0.53984375 0.21796875 0.1375
1 0.6578125 0.35546875 0.115625 0.15078125
1 0.53359375 0.3109375 0.23984375 0.24921875
1 0.678125 0.66015625 0.21796875 0.20859375
1 0.54921875 0.70859375 0.1640625 0.2265625
1 0.40703125 0.7375 0.21796875 0.21328125
1 0.42421875 0.50234375 0.24453125 0.23984375
1 0.3109375 0.27109375 0.21328125 0.2046875
1 0.41796875 0.31328125 0.115625 0.1375
1 0.3 0.38203125 0.18203125 0.115625
1 0.19140625 0.5046875 0.221875 0.20859375
1 0.278125 0.6578125 0.1375 0.16015625