1 0.3953125 0.3953125 0.10703125 0.09765625
1 0.5046875 0.39296875 0.10234375 0.09296875
1 0.5890625 0.4046875 0.084375 0.0796875
1 0.66015625 0.4421875 0.084375 0.07578125
1 0.53984375 0.478125 0.1640625 0.09296875
1 0.378125 0.48203125 0.15078125 0.09296875
1 0.53125 0.421875 0.43984375 0.1953125
1 0.20859375 0.76015625 0.284375 0.1953125
1 0.46640625 0.7109375 0.16015625 0.115625
1 0.3953125 0.846875 0.15078125 0.18203125
1 0.20234375 0.553125 0.4046875 0.33359375
1 0.39140625 0.65078125 0.78203125 0.6890625