1 0.4921875 0.465625 0.26796875 0.3734375
1 0.753125 0.48984375 0.26015625 0.36875
1 0.94375 0.48671875 0.10546875 0.36328125
1 0.8640625 0.76875 0.2640625 0.30546875
1 0.60546875 0.76328125 0.253125 0.315625
1 0.3453125 0.75546875 0.27578125 0.33125
1 0.1078125 0.7578125 0.21484375 0.3265625
1 0.21328125 0.44453125 0.290625 0.39453125
1 0.0375 0.4515625 0.075 0.30625
1 0.09609375 0.15234375 0.1921875 0.3046875
1 0.36640625 0.165625 0.271875 0.33125
1 0.63671875 0.1734375 0.2859375 0.346875
1 0.88125 0.20546875 0.23046875 0.33671875
1 0.81640625 0.03125 0.1859375 0.0625