1 0.53671875 0.784375 0.20703125 0.36640625
1 0.65625 0.57109375 0.19296875 0.28984375
1 0.878125 0.48125 0.18515625 0.30625
1 0.978125 0.4125 0.03671875 0.14765625
1 0.95234375 0.64765625 0.0875 0.30078125
1 0.990625 0.91796875 0.0109375 0.153125
1 0.3203125 0.77578125 0.2328125 0.328125
1 0.3109375 0.42109375 0.17109375 0.2625
1 0.3453125 0.48125 0.21796875 0.21875
1 0.68203125 0.39375 0.08359375 0.0875
1 0.55625 0.45390625 0.16015625 0.240625
1 0.73984375 0.11171875 0.19296875 0.11484375
1 0.7546875 0.04921875 0.14921875 0.0984375
1 0.865625 0.0515625 0.0875 0.103125
1 0.5203125 0.2734375 0.1453125 0.175
1 0.38203125 0.30859375 0.16015625 0.20234375
1 0.3578125 0.171875 0.1203125 0.14765625
1 0.46328125 0.1171875 0.12734375 0.14765625
1 0.32890625 0.065625 0.1125 0.13125
1 0.1765625 0.1203125 0.1203125 0.175
1 0.13203125 0.02421875 0.1046875 0.0484375
1 0.15234375 0.27890625 0.17421875 0.153125