1 0.48984375 0.57734375 0.22421875 0.33359375
1 0.671875 0.48828125 0.1671875 0.35703125
1 0.784375 0.54765625 0.06328125 0.10703125
1 0.81796875 0.440625 0.06328125 0.13125
1 0.84765625 0.51484375 0.05703125 0.125
1 0.8609375 0.434375 0.03046875 0.059375
1 0.89453125 0.49375 0.04375 0.11875
1 0.7578125 0.3515625 0.1375 0.32109375
1 0.6515625 0.1515625 0.240625 0.303125
1 0.53046875 0.36875 0.20390625 0.29765625
1 0.38828125 0.44609375 0.053125 0.08359375
1 0.41328125 0.30625 0.090625 0.17265625
1 0.446875 0.13359375 0.2109375 0.25625
1 0.353125 0.184375 0.0765625 0.14296875
1 0.32421875 0.315625 0.08046875 0.13125
1 0.32265625 0.42265625 0.06328125 0.08359375
1 0.3109375 0.48203125 0.03359375 0.04765625
1 0.34609375 0.5296875 0.05 0.10703125
1 0.3078125 0.5625 0.03984375 0.065625
1 0.35625 0.61640625 0.03671875 0.065625
1 0.28125 0.50625 0.046875 0.14296875
1 0.20546875 0.23515625 0.15703125 0.38671875
1 0.259375 0.371875 0.05703125 0.1015625
1 0.215625 0.4015625 0.06328125 0.07734375
1 0.18203125 0.45234375 0.05 0.07109375
1 0.19921875 0.49140625 0.05703125 0.0890625
1 0.2359375 0.49375 0.03671875 0.08359375
1 0.18359375 0.5890625 0.03984375 0.11875
1 0.15390625 0.5921875 0.0265625 0.1015625
1 0.140625 0.50625 0.06015625 0.059375
1 0.27421875 0.0921875 0.03984375 0.065625
1 0.29609375 0.05390625 0.03046875 0.04765625
1 0.30234375 0.1484375 0.04375 0.08359375
1 0.25546875 0.1640625 0.03671875 0.07734375
1 0.2375 0.0859375 0.03984375 0.065625
1 0.140625 0.19375 0.15390625 0.38671875
1 0.36796875 0.05625 0.1203125 0.1125
1 0.353125 0.06875 0.03046875 0.1015625