1 0.93203125 0.76875 0.128125 0.2
1 0.90625 0.6375 0.1109375 0.1203125
1 0.8609375 0.45703125 0.11796875 0.17109375
1 0.80703125 0.534375 0.121875 0.14296875
1 0.73984375 0.44296875 0.10390625 0.1203125
1 0.73125 0.3625 0.128125 0.165625
1 0.53984375 0.36875 0.16328125 0.3140625
1 0.6265625 0.49140625 0.13515625 0.1375
1 0.61484375 0.603125 0.13203125 0.14296875
1 0.796875 0.77734375 0.121875 0.16015625
1 0.82109375 0.6515625 0.08671875 0.103125
1 0.4359375 0.54609375 0.22578125 0.32578125
1 0.26875 0.22265625 0.378125 0.34296875
1 0.24296875 0.5171875 0.19453125 0.29140625
1 0.15078125 0.796875 0.15625 0.22265625
1 0.3125 0.89140625 0.125 0.20546875
1 0.27578125 0.84609375 0.128125 0.19453125
1 0.49296875 0.89453125 0.18046875 0.2
1 0.6546875 0.90859375 0.13515625 0.17109375
1 0.6125 0.82578125 0.059375 0.0625
1 0.7359375 0.8515625 0.11796875 0.05703125
1 0.90078125 0.86015625 0.190625 0.0625