1 0.62578125 0.38125 0.1078125 0.1546875
1 0.61015625 0.48984375 0.115625 0.1234375
1 0.540625 0.58984375 0.19296875 0.12890625
1 0.5421875 0.69609375 0.16640625 0.24765625
1 0.515625 0.75546875 0.065625 0.12890625
1 0.4015625 0.5953125 0.19296875 0.30390625
1 0.696875 0.5671875 0.13515625 0.24765625
1 0.38828125 0.35078125 0.14296875 0.16484375
1 0.3046875 0.40703125 0.08515625 0.0828125
1 0.31484375 0.55703125 0.0890625 0.103125
1 0.47890625 0.2859375 0.07734375 0.190625
1 0.5578125 0.28828125 0.10390625 0.09296875
1 0.5328125 0.31171875 0.03828125 0.07734375
1 0.53828125 0.428125 0.0421875 0.071875
1 0.459375 0.5078125 0.05390625 0.04609375
1 0.52890625 0.49453125 0.1625 0.721875
1 0.5234375 0.50234375 0.52890625 0.190625
1 0.525 0.278125 0.525 0.2578125
1 0.5234375 0.7296875 0.52109375 0.25234375