1 0.14453125 0.728125 0.10390625 0.1734375
1 0.2578125 0.72265625 0.115625 0.18515625
1 0.3578125 0.6734375 0.0765625 0.1328125
1 0.4 0.55234375 0.1 0.14453125
1 0.50546875 0.64765625 0.09609375 0.15
1 0.44453125 0.6734375 0.08046875 0.15625
1 0.55 0.72578125 0.0921875 0.1328125
1 0.275 0.56640625 0.1265625 0.15
1 0.21328125 0.615625 0.0421875 0.05234375
1 0.325 0.4796875 0.08828125 0.10390625
1 0.390625 0.39296875 0.10390625 0.16171875
1 0.48828125 0.4078125 0.0921875 0.12109375
1 0.49609375 0.503125 0.084375 0.1390625
1 0.5921875 0.465625 0.0921875 0.15625
1 0.6765625 0.496875 0.0765625 0.16171875
1 0.66171875 0.62421875 0.05390625 0.115625
1 0.58828125 0.5953125 0.0921875 0.12734375
1 0.53671875 0.29765625 0.10390625 0.14453125
1 0.61171875 0.3671875 0.1 0.0984375
1 0.42109375 0.228125 0.08828125 0.15625
1 0.4265625 0.32109375 0.1 0.08671875
1 0.79453125 0.62734375 0.1578125 0.22578125
1 0.6765625 0.7546875 0.13828125 0.2484375
1 0.41328125 0.8125 0.234375 0.2140625