1 0.19296875 0.30859375 0.19140625 0.46640625
1 0.34453125 0.7 0.146875 0.43984375
1 0.10859375 0.59296875 0.2171875 0.5109375
1 0.0109375 0.58671875 0.021875 0.09765625
1 0.15078125 0.88203125 0.1953125 0.2265625
1 0.32890625 0.9109375 0.10703125 0.16875
1 0.49140625 0.05546875 0.084375 0.1109375
1 0.553125 0.0578125 0.0578125 0.115625
1 0.71328125 0.25546875 0.2 0.4578125
1 0.8359375 0.63984375 0.16875 0.52421875
1 0.95546875 0.6 0.0625 0.1421875
1 0.6359375 0.5890625 0.10703125 0.421875
1 0.52421875 0.48203125 0.12421875 0.47578125
1 0.4625 0.56640625 0.21328125 0.46640625