1 0.62578125 0.60078125 0.21640625 0.3453125
1 0.76796875 0.4875 0.246875 0.3140625
1 0.859375 0.6109375 0.27421875 0.3453125
1 0.7125 0.321875 0.16640625 0.2625
1 0.86875 0.325 0.2546875 0.26796875
1 0.86875 0.1390625 0.2390625 0.16484375
1 0.92578125 0.08984375 0.1390625 0.1796875
1 0.8109375 0.0875 0.13125 0.175
1 0.7390625 0.0875 0.13515625 0.175
1 0.62734375 0.0875 0.13515625 0.103125
1 0.58671875 0.234375 0.2390625 0.2625
1 0.45546875 0.103125 0.17734375 0.20625
1 0.51171875 0.32734375 0.14296875 0.30390625
1 0.45 0.35859375 0.14296875 0.3140625
1 0.46171875 0.53828125 0.18125 0.10859375
1 0.51171875 0.44296875 0.01171875 0.0203125
1 0.41328125 0.65234375 0.19296875 0.21171875
1 0.36484375 0.60859375 0.3515625 0.29921875
1 0.3265625 0.46171875 0.13515625 0.1390625
1 0.37265625 0.2625 0.27421875 0.50546875
1 0.171875 0.3765625 0.16640625 0.20625
1 0.1234375 0.13125 0.20859375 0.2625