1 0.809375 0.43125 0.07890625 0.25625
1 0.84765625 0.42109375 0.03359375 0.05234375
1 0.8265625 0.36875 0.01484375 0.065625
1 0.84921875 0.565625 0.0359375 0.03984375
1 0.79765625 0.57578125 0.03046875 0.04609375
1 0.79765625 0.50625 0.0359375 0.0921875
1 0.7640625 0.5 0.03046875 0.07890625
1 0.74609375 0.42109375 0.03046875 0.05234375
1 0.7796875 0.4046875 0.0359375 0.07265625
1 0.959375 0.6609375 0.07578125 0.29609375
1 0.859375 0.80234375 0.09375 0.25
1 0.7171875 0.86171875 0.15390625 0.26328125
1 0.65703125 0.64140625 0.15390625 0.3484375
1 0.5453125 0.72734375 0.1 0.2171875
1 0.4953125 0.91796875 0.084375 0.1515625
1 0.4046875 0.75 0.096875 0.23671875
1 0.38828125 0.9375 0.09375 0.11171875
1 0.4984375 0.54296875 0.1328125 0.9015625
1 0.44375 0.57890625 0.0359375 0.14453125
1 0.4984375 0.38828125 0.0484375 0.1578125
1 0.6375 0.32578125 0.02421875 0.04609375
1 0.4140625 0.4109375 0.01796875 0.04609375
1 0.3640625 0.4375 0.02734375 0.11171875
1 0.38515625 0.44375 0.02734375 0.125
1 0.34296875 0.45703125 0.01484375 0.04609375
1 0.38359375 0.61171875 0.02421875 0.05234375
1 0.4 0.58203125 0.009375 0.01953125
1 0.24453125 0.63828125 0.2171875 0.51328125
1 0.30234375 0.92734375 0.084375 0.13125
1 0.215625 0.88515625 0.1 0.20390625
1 0.14921875 0.746875 0.08125 0.190625
1 0.08125 0.85546875 0.12109375 0.17109375
1 0.0828125 0.70703125 0.05703125 0.17734375
1 0.13125 0.52265625 0.06328125 0.25625
1 0.0828125 0.559375 0.07578125 0.14453125
1 0.02734375 0.69375 0.0546875 0.1515625
1 0.0109375 0.85234375 0.02109375 0.17734375
1 0.07109375 0.96015625 0.10546875 0.065625