1 0.9703125 0.08359375 0.053125 0.11953125
1 0.90546875 0.12578125 0.06953125 0.1078125
1 0.9703125 0.16796875 0.053125 0.06015625
1 0.93359375 0.23671875 0.12578125 0.078125
1 0.8890625 0.19765625 0.109375 0.1078125
1 0.809375 0.215625 0.05625 0.071875
1 0.76015625 0.20078125 0.05 0.05390625
1 0.7453125 0.215625 0.09296875 0.08359375
1 0.775 0.290625 0.3109375 0.1734375
1 0.92421875 0.3140625 0.1453125 0.1015625
1 0.9671875 0.3921875 0.059375 0.1140625
1 0.7453125 0.3234375 0.2515625 0.15546875
1 0.90390625 0.3859375 0.0859375 0.05390625
1 0.45859375 0.06015625 0.03671875 0.04765625
1 0.4734375 0.02109375 0.04609375 0.0421875
1 0.503125 0.05078125 0.053125 0.078125
1 0.52109375 0.01171875 0.0421875 0.0234375
1 0.334375 0.08359375 0.165625 0.1671875
1 0.36015625 0.04765625 0.1515625 0.0953125
1 0.03515625 0.71875 0.06953125 0.13203125
1 0.0796875 0.8296875 0.03984375 0.12578125
1 0.09453125 0.79921875 0.04296875 0.065625
1 0.1109375 0.85 0.05 0.04765625
1 0.15234375 0.81171875 0.059375 0.08984375
1 0.190625 0.721875 0.06953125 0.1375
1 0.2546875 0.715625 0.053125 0.1140625
1 0.1640625 0.61953125 0.06953125 0.1140625
1 0.1140625 0.72421875 0.0828125 0.14375
1 0.0875 0.6109375 0.0828125 0.1078125
1 0.03515625 0.58359375 0.03671875 0.0296875
1 0.0296875 0.64375 0.059375 0.078125
1 0.3890625 0.9578125 0.07578125 0.071875
1 0.45859375 0.97890625 0.05625 0.0296875
1 0.2734375 0.9578125 0.07578125 0.06015625
1 0.23046875 0.97578125 0.05625 0.0359375
1 0.1703125 0.98828125 0.0296875 0.01171875
1 0.35234375 0.7484375 0.05 0.1078125
1 0.40234375 0.80234375 0.05625 0.071875
1 0.421875 0.69453125 0.09609375 0.1796875
1 0.48046875 0.646875 0.0859375 0.27578125
1 0.528125 0.84140625 0.20234375 0.1140625
1 0.62578125 0.90703125 0.053125 0.0296875
1 0.70703125 0.94609375 0.10234375 0.06015625
1 0.6328125 0.853125 0.3046875 0.1859375
1 0.7734375 0.95234375 0.03671875 0.04765625
1 0.78984375 0.91953125 0.0296875 0.05390625
1 0.73515625 0.85625 0.07265625 0.04765625
1 0.6703125 0.8265625 0.0234375 0.0359375
1 0.57265625 0.790625 0.1984375 0.08359375
1 0.71171875 0.79921875 0.0859375 0.1015625
1 0.7734375 0.7484375 0.05 0.13203125
1 0.7265625 0.70390625 0.04296875 0.08984375
1 0.81484375 0.790625 0.053125 0.09609375
1 0.865625 0.784375 0.05625 0.09609375
1 0.90703125 0.72734375 0.0265625 0.0421875
1 0.93671875 0.6734375 0.053125 0.065625
1 0.89375 0.66484375 0.0265625 0.06015625
1 0.940625 0.51484375 0.1125 0.09609375
1 0.89921875 0.565625 0.10234375 0.05390625
1 0.69375 0.61953125 0.3546875 0.1015625
1 0.76953125 0.66484375 0.21484375 0.08359375
1 0.8609375 0.715625 0.06640625 0.05390625
1 0.63046875 0.715625 0.14921875 0.08984375
1 0.56796875 0.7421875 0.17578125 0.0359375
1 0.53984375 0.69765625 0.0328125 0.065625
1 0.503125 0.69765625 0.03984375 0.065625
1 0.634375 0.5421875 0.228125 0.08984375
1 0.73046875 0.503125 0.04296875 0.13203125
1 0.775 0.48828125 0.053125 0.05390625
1 0.8015625 0.5390625 0.09296875 0.06015625
1 0.85234375 0.5265625 0.03671875 0.0359375
1 0.67421875 0.49140625 0.07578125 0.08359375
1 0.60078125 0.47890625 0.15546875 0.0359375
1 0.5796875 0.44296875 0.059375 0.0359375
1 0.50859375 0.48515625 0.0890625 0.06015625
1 0.2125 0.04765625 0.06875 0.0953125
1 0.26015625 0.12890625 0.05625 0.1140625
1 0.28515625 0.19453125 0.06640625 0.08984375
1 0.23046875 0.20390625 0.03671875 0.04765625
1 0.1890625 0.134375 0.0796875 0.08984375
1 0.1671875 0.075 0.0296875 0.078125
1 0.16875 0.1859375 0.0859375 0.11953125
1 0.1171875 0.15234375 0.07578125 0.16171875
1 0.1453125 0.05078125 0.04609375 0.065625
1 0.0875 0.05078125 0.07578125 0.1015625
1 0.0578125 0.209375 0.0828125 0.1078125
1 0.04296875 0.1703125 0.06640625 0.1140625
1 0.05 0.075 0.053125 0.12578125
1 0.01328125 0.08359375 0.0265625 0.09609375
1 0.00859375 0.1859375 0.01640625 0.1078125
1 0.0234375 0.02109375 0.04609375 0.0421875
1 0.025 0.3890625 0.05 0.09609375
1 0.53828125 0.21875 0.109375 0.12578125
1 0.496875 0.23046875 0.053125 0.08984375
1 0.56796875 0.3171875 0.05 0.071875
1 0.559375 0.37109375 0.059375 0.09609375
1 0.521875 0.43125 0.05 0.071875
1 0.5046875 0.38046875 0.0296875 0.0296875
1 0.525 0.3171875 0.04296875 0.08359375
1 0.48203125 0.3234375 0.04296875 0.08359375
1 0.4765625 0.26015625 0.04609375 0.05390625
1 0.41875 0.33515625 0.06328125 0.1078125
1 0.46875 0.3921875 0.05 0.08984375
1 0.45234375 0.428125 0.06328125 0.078125
1 0.4390625 0.4734375 0.05 0.071875
1 0.44375 0.55390625 0.04609375 0.065625
1 0.40546875 0.5265625 0.06328125 0.09609375
1 0.40078125 0.4609375 0.0265625 0.04765625
1 0.39765625 0.3953125 0.053125 0.08359375
1 0.3328125 0.44296875 0.0828125 0.1796875
1 0.34453125 0.37421875 0.053125 0.078125
1 0.3390625 0.3265625 0.06328125 0.078125
1 0.38046875 0.27578125 0.059375 0.11953125
1 0.2828125 0.3203125 0.06328125 0.1015625
1 0.26171875 0.2875 0.04609375 0.071875
1 0.26328125 0.40703125 0.06328125 0.14375
1 0.28984375 0.48515625 0.06953125 0.071875
1 0.1984375 0.421875 0.07265625 0.08984375
1 0.1953125 0.359375 0.07265625 0.071875
1 0.1671875 0.40390625 0.04296875 0.05390625