1 0.59609375 0.44296875 0.1015625 0.30546875
1 0.5390625 0.7171875 0.11171875 0.3359375
1 0.50390625 0.41953125 0.078125 0.30546875
1 0.4328125 0.35078125 0.08046875 0.259375
1 0.3921875 0.534375 0.109375 0.3359375
1 0.4546875 0.5421875 0.07265625 0.3203125
1 0.15546875 0.553125 0.2859375 0.71015625
1 0.95546875 0.5953125 0.0828125 0.671875
1 0.9671875 0.49609375 0.0390625 0.6109375
1 0.9015625 0.553125 0.05703125 0.55703125
1 0.93125 0.396875 0.0390625 0.4125
1 0.91328125 0.20234375 0.0546875 0.4046875
1 0.8765625 0.57265625 0.03359375 0.42734375
1 0.853125 0.775 0.0234375 0.34375
1 0.8328125 0.6109375 0.059375 0.51875
1 0.86484375 0.30546875 0.02578125 0.16796875
1 0.88671875 0.21015625 0.0390625 0.20625
1 0.878125 0.14921875 0.03671875 0.1453125
1 0.8515625 0.3203125 0.0515625 0.24453125
1 0.8 0.69453125 0.05703125 0.51875
1 0.840625 0.171875 0.03359375 0.190625
1 0.79375 0.5265625 0.0703125 0.50390625
1 0.759375 0.50390625 0.0703125 0.50390625
1 0.81015625 0.18359375 0.03125 0.16796875
1 0.77890625 0.190625 0.03125 0.15234375
1 0.75859375 0.19453125 0.02578125 0.1453125
1 0.746875 0.328125 0.059375 0.275
1 0.721875 0.446875 0.0515625 0.49609375
1 0.70390625 0.40859375 0.0671875 0.3890625
1 0.69765625 0.4734375 0.06484375 0.44296875
1 0.684375 0.52265625 0.0390625 0.2515625