1 0.54140625 0.0828125 0.1484375 0.165625
1 0.684375 0.1453125 0.18984375 0.290625
1 0.84765625 0.1359375 0.1578125 0.271875
1 0.95234375 0.1265625 0.084375 0.253125
1 0.30546875 0.071875 0.115625 0.14375
1 0.184375 0.1078125 0.16875 0.21484375
1 0.38671875 0.028125 0.0578125 0.04140625
1 0.384375 0.0078125 0.05234375 0.01484375
1 0.4421875 0.0078125 0.05234375 0.01484375
1 0.45234375 0.0265625 0.06328125 0.03046875
1 0.44453125 0.071875 0.0578125 0.0453125
1 0.3921875 0.07578125 0.0578125 0.0453125
1 0.02109375 0.11484375 0.0421875 0.03359375
1 0.06328125 0.11875 0.03125 0.01875
1 0.11875 0.14921875 0.0578125 0.0265625
1 0.21875 0.22421875 0.06875 0.08671875
1 0.184375 0.228125 0.06328125 0.071875
1 0.165625 0.23046875 0.0578125 0.0828125
1 0.12890625 0.2265625 0.07890625 0.0828125
1 0.1 0.23046875 0.0734375 0.090625
1 0.08125 0.23046875 0.06875 0.090625
1 0.0234375 0.19453125 0.03671875 0.0640625
1 0.01328125 0.1890625 0.0265625 0.06796875
1 0.05546875 0.253125 0.0578125 0.06015625
1 0.03671875 0.2625 0.0734375 0.07890625
1 0.0234375 0.29140625 0.046875 0.0484375
1 0.88984375 0.2265625 0.05234375 0.06796875
1 0.96015625 0.29609375 0.06875 0.08671875
1 0.94453125 0.2984375 0.08984375 0.07578125
1 0.90546875 0.2984375 0.10546875 0.0828125
1 0.85546875 0.2890625 0.07890625 0.05625
1 0.76328125 0.29453125 0.09453125 0.090625
1 0.86328125 0.33203125 0.06328125 0.0375
1 0.81875 0.346875 0.03671875 0.03046875
1 0.70234375 0.31328125 0.0578125 0.06015625
1 0.75546875 0.36640625 0.1 0.053125
1 0.97109375 0.3625 0.04765625 0.053125
1 0.93125 0.38671875 0.06328125 0.05625
1 0.965625 0.4078125 0.0578125 0.053125
1 0.98125 0.45859375 0.0265625 0.03359375
1 0.95546875 0.4640625 0.06875 0.053125
1 0.88984375 0.4171875 0.10546875 0.071875
1 0.8765625 0.35625 0.06875 0.071875
1 0.765625 0.3640625 0.07890625 0.04921875
1 0.8234375 0.409375 0.0578125 0.04140625
1 0.78125 0.4 0.015625 0.02265625
1 0.76015625 0.40546875 0.0265625 0.01875
1 0.73125 0.40546875 0.03125 0.01875
1 0.69765625 0.4078125 0.04765625 0.02265625
1 0.70546875 0.42421875 0.0421875 0.01875
1 0.7421875 0.42421875 0.03125 0.01875
1 0.765625 0.42109375 0.0265625 0.01875
1 0.78984375 0.42265625 0.02109375 0.01484375
1 0.71328125 0.4453125 0.0265625 0.01484375
1 0.74765625 0.446875 0.03125 0.0109375
1 0.76875 0.43984375 0.03125 0.0109375
1 0.8 0.4359375 0.03125 0.0109375
1 0.68984375 0.4734375 0.05234375 0.0265625
1 0.6765625 0.4546875 0.03671875 0.01875
1 0.72109375 0.47578125 0.0421875 0.02265625
1 0.75546875 0.46796875 0.03671875 0.02265625
1 0.784375 0.46796875 0.0421875 0.03046875
1 0.8234375 0.4640625 0.04765625 0.03046875
1 0.865625 0.453125 0.03671875 0.02265625
1 0.9 0.46796875 0.03125 0.02265625
1 0.87109375 0.47890625 0.0265625 0.02265625
1 0.8421875 0.4828125 0.03125 0.02265625
1 0.84453125 0.5 0.0265625 0.01875
1 0.87109375 0.5 0.03671875 0.01875
1 0.91015625 0.4984375 0.0421875 0.02265625
1 0.965625 0.51484375 0.0578125 0.03359375
1 0.74453125 0.51484375 0.184375 0.0640625
1 0.96875 0.96796875 0.05234375 0.04921875
1 0.9734375 0.92265625 0.0421875 0.03359375
1 0.91875 0.92421875 0.0578125 0.03046875
1 0.95234375 0.8984375 0.05234375 0.0375
1 0.9265625 0.86953125 0.05234375 0.0265625
1 0.96015625 0.8640625 0.03671875 0.03046875
1 0.98125 0.87578125 0.0265625 0.03046875
1 0.9734375 0.83203125 0.02109375 0.01875
1 0.97890625 0.82109375 0.03125 0.0109375
1 0.9421875 0.8375 0.0421875 0.03046875
1 0.94453125 0.81328125 0.03671875 0.01875
1 0.93671875 0.80546875 0.0421875 0.01875
1 0.9 0.828125 0.0421875 0.0265625
1 0.90234375 0.8015625 0.03671875 0.01875
1 0.86328125 0.7921875 0.03125 0.02265625
1 0.865625 0.7734375 0.0265625 0.01484375
1 0.82890625 0.7734375 0.03671875 0.01484375
1 0.83125 0.790625 0.0421875 0.01875
1 0.78671875 0.77734375 0.04765625 0.0375
1 0.89453125 0.87734375 0.0734375 0.071875
1 0.81875 0.82109375 0.11015625 0.0640625
1 0.73671875 0.83203125 0.13671875 0.05625
1 0.82109375 0.871875 0.06328125 0.0453125
1 0.7578125 0.890625 0.09453125 0.0453125
1 0.64453125 0.871875 0.08984375 0.0984375
1 0.64765625 0.9640625 0.09453125 0.0640625
1 0.5734375 0.96953125 0.10546875 0.053125
1 0.56875 0.86953125 0.10546875 0.13203125
1 0.48125 0.8921875 0.1 0.1171875
1 0.41328125 0.94921875 0.1 0.09453125
1 0.50546875 0.97578125 0.084375 0.04140625
1 0.39453125 0.971875 0.115625 0.04921875
1 0.26875 0.953125 0.09453125 0.07890625
1 0.22890625 0.97734375 0.12109375 0.0375
1 0.34453125 0.96015625 0.06875 0.071875
1 0.0734375 0.96640625 0.13671875 0.06015625
1 0.165625 0.94375 0.11015625 0.03046875
1 0.2078125 0.9 0.1 0.04921875
1 0.134375 0.87578125 0.07890625 0.090625
1 0.0421875 0.90546875 0.0734375 0.0375
1 0.065625 0.93046875 0.11015625 0.0640625
1 0.05 0.8453125 0.1 0.090625
1 0.12890625 0.81875 0.04765625 0.03046875
1 0.16015625 0.8078125 0.06875 0.06796875
1 0.1765625 0.86015625 0.06875 0.06796875
1 0.0765625 0.74921875 0.11015625 0.1171875
1 0.1734375 0.7375 0.13671875 0.071875
1 0.26875 0.7078125 0.10546875 0.08671875
1 0.26015625 0.64375 0.08984375 0.04140625
1 0.31328125 0.6828125 0.06875 0.06796875
1 0.165625 0.66640625 0.12109375 0.0640625
1 0.10234375 0.6921875 0.06875 0.04140625
1 0.04765625 0.6734375 0.09453125 0.05625
1 0.034375 0.71328125 0.06875 0.0453125
1 0.26015625 0.4828125 0.1 0.06015625
1 0.36328125 0.4828125 0.10546875 0.06015625
1 0.4078125 0.528125 0.08984375 0.06015625
1 0.3234375 0.53046875 0.08984375 0.04921875
1 0.36875 0.5546875 0.05234375 0.02265625
1 0.20546875 0.52265625 0.0734375 0.05625
1 0.26328125 0.54375 0.084375 0.053125
1 0.3078125 0.57734375 0.0578125 0.0375
1 0.36015625 0.5828125 0.0578125 0.03359375
1 0.34765625 0.6109375 0.05234375 0.03046875
1 0.30546875 0.6171875 0.05234375 0.03359375
1 0.34765625 0.65078125 0.05234375 0.03359375
1 0.38984375 0.6375 0.05234375 0.03046875
1 0.3921875 0.60546875 0.03671875 0.01875
1 0.2421875 0.61484375 0.06328125 0.0375
1 0.2578125 0.58671875 0.06328125 0.03359375
1 0.21015625 0.57578125 0.06328125 0.04140625
1 0.19453125 0.609375 0.06328125 0.03359375
1 0.15234375 0.5640625 0.05234375 0.0265625
1 0.1265625 0.61875 0.0734375 0.0375
1 0.14453125 0.59453125 0.03671875 0.0109375
1 0.11015625 0.58515625 0.06328125 0.03046875
1 0.05 0.6109375 0.0578125 0.0375
1 0.0734375 0.64140625 0.06328125 0.0375
1 0.01015625 0.6203125 0.0203125 0.040625
1 0.01328125 0.57734375 0.0265625 0.0375
1 0.05234375 0.56953125 0.06328125 0.0375
1 0.1 0.553125 0.05234375 0.0265625
1 0.02890625 0.54140625 0.0578125 0.04140625
1 0.49765625 0.8 0.0578125 0.0453125
1 0.534375 0.82421875 0.04765625 0.0265625
1 0.565625 0.79609375 0.07890625 0.053125
1 0.61328125 0.82265625 0.06875 0.03046875
1 0.6578125 0.81484375 0.06328125 0.0375
1 0.69765625 0.8 0.0578125 0.0453125
1 0.71015625 0.7828125 0.05234375 0.0265625
1 0.615625 0.78125 0.06328125 0.03046875
1 0.57109375 0.7984375 0.0578125 0.04921875
1 0.6578125 0.76796875 0.05234375 0.03359375
1 0.6 0.7453125 0.05234375 0.03359375
1 0.58671875 0.71328125 0.04765625 0.03046875
1 0.584375 0.69453125 0.0421875 0.02265625
1 0.5765625 0.67578125 0.0265625 0.01484375
1 0.53125 0.671875 0.05234375 0.02265625
1 0.52890625 0.69609375 0.07890625 0.0265625
1 0.5 0.66015625 0.05234375 0.02265625
1 0.46328125 0.7015625 0.05234375 0.02265625
1 0.48671875 0.72109375 0.04765625 0.03046875
1 0.53984375 0.7265625 0.06875 0.04140625
1 0.53671875 0.76640625 0.06328125 0.0375
1 0.4921875 0.75859375 0.0578125 0.03046875
1 0.44453125 0.7921875 0.06875 0.03046875
1 0.434375 0.73984375 0.06875 0.053125
1 0.38984375 0.7625 0.0421875 0.0375
1 0.734375 0.7015625 0.06875 0.053125
1 0.6734375 0.70546875 0.05234375 0.0375
1 0.6265625 0.67890625 0.05234375 0.07578125
1 0.6921875 0.73984375 0.1 0.03046875
1 0.57890625 0.6546875 0.0421875 0.0265625
1 0.8265625 0.7109375 0.06328125 0.04921875
1 0.8234375 0.746875 0.06875 0.03046875
1 0.8734375 0.74140625 0.0421875 0.03359375
1 0.90234375 0.771875 0.0578125 0.04140625
1 0.7734375 0.6890625 0.05234375 0.04921875
1 0.77109375 0.6546875 0.06875 0.04140625
1 0.70546875 0.66640625 0.0734375 0.04140625
1 0.70234375 0.6359375 0.04765625 0.0265625
1 0.65234375 0.65078125 0.03125 0.01875
1 0.33125 0.771875 0.09453125 0.05625
1 0.365625 0.72265625 0.07890625 0.03359375
1 0.4078125 0.68125 0.12109375 0.05625
1 0.434375 0.62109375 0.04765625 0.05625
1 0.465625 0.6359375 0.04765625 0.0265625
1 0.51328125 0.61328125 0.03671875 0.0265625
1 0.51875 0.64140625 0.04765625 0.02265625
1 0.5578125 0.628125 0.05234375 0.03359375
1 0.6 0.6265625 0.03125 0.02265625
1 0.51328125 0.60546875 0.04765625 0.04140625
1 0.47890625 0.5890625 0.0421875 0.03046875
1 0.4734375 0.5640625 0.05234375 0.01875
1 0.51328125 0.57734375 0.04765625 0.03046875
1 0.565625 0.59453125 0.04765625 0.04140625
1 0.61015625 0.6015625 0.0421875 0.03359375
1 0.6234375 0.5828125 0.03671875 0.03359375
1 0.65234375 0.60390625 0.0421875 0.03046875
1 0.6421875 0.628125 0.0421875 0.0265625
1 0.69453125 0.62265625 0.06328125 0.0375
1 0.7421875 0.60546875 0.03125 0.01875
1 0.76875 0.62109375 0.0421875 0.0265625
1 0.81015625 0.628125 0.0421875 0.04140625
1 0.8578125 0.64140625 0.05234375 0.03046875
1 0.82109375 0.6640625 0.03125 0.03046875
1 0.86875 0.68125 0.05234375 0.03359375
1 0.92109375 0.70546875 0.05234375 0.0453125
1 0.95 0.68671875 0.04765625 0.0375
1 0.984375 0.69453125 0.02109375 0.0375
1 0.9578125 0.71484375 0.0421875 0.01875
1 0.915625 0.7375 0.0421875 0.0265625
1 0.9734375 0.653125 0.0421875 0.03046875
1 0.9765625 0.628125 0.03671875 0.01875
1 0.93984375 0.63984375 0.03671875 0.01875
1 0.94453125 0.6171875 0.04765625 0.0109375
1 0.93671875 0.6015625 0.03125 0.0109375
1 0.9234375 0.6640625 0.06875 0.0375
1 0.89765625 0.63359375 0.03671875 0.03046875
1 0.8578125 0.609375 0.05234375 0.04140625
1 0.90546875 0.6078125 0.03125 0.01484375
1 0.9578125 0.58515625 0.03125 0.02265625
1 0.91015625 0.54921875 0.0421875 0.01875
1 0.88671875 0.5828125 0.03671875 0.0265625
1 0.9234375 0.57890625 0.03671875 0.0265625
1 0.84765625 0.58515625 0.03125 0.0078125
1 0.78984375 0.59609375 0.03125 0.01484375
1 0.81875 0.5921875 0.0265625 0.01484375
1 0.78984375 0.57734375 0.0421875 0.03046875
1 0.82109375 0.56953125 0.03125 0.02265625
1 0.85546875 0.56796875 0.03671875 0.0265625
1 0.8765625 0.55625 0.0265625 0.01875
1 0.8578125 0.54375 0.03125 0.02265625
1 0.82109375 0.54921875 0.0421875 0.01875
1 0.78125 0.55078125 0.03671875 0.01484375
1 0.75546875 0.55625 0.0265625 0.0265625
1 0.7234375 0.5640625 0.03671875 0.0265625
1 0.6921875 0.5625 0.0265625 0.01484375
1 0.6765625 0.571875 0.03671875 0.01875
1 0.7078125 0.58515625 0.0265625 0.02265625
1 0.5765625 0.55859375 0.04765625 0.03046875
1 0.615625 0.5453125 0.06328125 0.0265625
1 0.63984375 0.52265625 0.06875 0.04140625
1 0.58125 0.5171875 0.04765625 0.02265625
1 0.56015625 0.54375 0.0578125 0.0375
1 0.5078125 0.546875 0.0578125 0.03046875
1 0.465625 0.54375 0.03671875 0.02265625
1 0.51015625 0.52421875 0.06328125 0.02265625
1 0.5578125 0.4984375 0.05234375 0.02265625
1 0.584375 0.4921875 0.03125 0.0265625
1 0.50234375 0.49453125 0.06875 0.0375
1 0.61015625 0.48671875 0.084375 0.0375
1 0.44453125 0.490625 0.06875 0.07578125
1 0.32109375 0.4015625 0.22109375 0.1171875
1 0.49765625 0.4265625 0.1421875 0.10546875
1 0.4921875 0.346875 0.08984375 0.0828125
1 0.50546875 0.30390625 0.0734375 0.05625
1 0.56328125 0.3171875 0.0421875 0.0375
1 0.56328125 0.290625 0.0421875 0.03046875
1 0.35546875 0.3359375 0.215625 0.128125
1 0.37109375 0.26796875 0.19453125 0.0828125
1 0.2234375 0.33046875 0.07890625 0.071875
1 0.17890625 0.3375 0.06328125 0.04921875
1 0.134375 0.33359375 0.0578125 0.05625
1 0.19453125 0.3828125 0.03125 0.0265625
1 0.165625 0.37890625 0.0265625 0.01875
1 0.1421875 0.37734375 0.03125 0.02265625
1 0.11328125 0.38125 0.03671875 0.02265625
1 0.08671875 0.40546875 0.07890625 0.0265625
1 0.1765625 0.41875 0.03671875 0.02265625
1 0.15 0.40546875 0.03671875 0.01875
1 0.10546875 0.4265625 0.0421875 0.02265625
1 0.06328125 0.42265625 0.03125 0.03046875
1 0.065625 0.52109375 0.03671875 0.02265625
1 0.09453125 0.5265625 0.03125 0.0265625
1 0.14765625 0.5015625 0.0734375 0.0828125
1 0.19765625 0.47578125 0.03671875 0.0375
1 0.19453125 0.44921875 0.0421875 0.02265625
1 0.1578125 0.4453125 0.03125 0.03046875
1 0.1234375 0.446875 0.04765625 0.0265625
1 0.1265625 0.471875 0.05234375 0.03046875
1 0.10546875 0.4921875 0.03125 0.01875
1 0.06875 0.49609375 0.03125 0.01875
1 0.034375 0.5 0.0265625 0.01875
1 0.01015625 0.49375 0.0203125 0.015625
1 0.015625 0.46953125 0.03125 0.0265625
1 0.05 0.471875 0.0265625 0.02265625
1 0.07890625 0.471875 0.03125 0.03046875
1 0.05234375 0.45 0.1046875 0.01875
1 0.55234375 0.38671875 0.03125 0.0265625
1 0.58125 0.38515625 0.03671875 0.02265625
1 0.54765625 0.36015625 0.0421875 0.0265625
1 0.53984375 0.3359375 0.04765625 0.01484375
1 0.5765625 0.34375 0.0265625 0.02265625
1 0.615625 0.3640625 0.0421875 0.01875
1 0.65234375 0.36640625 0.03125 0.02265625
1 0.68125 0.36015625 0.03671875 0.0265625
1 0.61875 0.38671875 0.03671875 0.01875
1 0.65546875 0.38671875 0.0265625 0.01875
1 0.58125 0.409375 0.03671875 0.01875
1 0.615625 0.409375 0.03125 0.0265625
1 0.64765625 0.4078125 0.03125 0.02265625
1 0.58671875 0.4375 0.03671875 0.02265625
1 0.61875 0.43359375 0.0265625 0.02265625
1 0.64453125 0.43046875 0.0265625 0.01484375
1 0.584375 0.46015625 0.03125 0.01484375
1 0.6234375 0.45859375 0.03671875 0.0265625
1 0.64765625 0.453125 0.03125 0.02265625