1 0.04765625 0.8609375 0.09453125 0.16953125
1 0.12890625 0.95625 0.12734375 0.0765625
1 0.221875 0.9125 0.109375 0.153125
1 0.30546875 0.9234375 0.07265625 0.13125
1 0.39296875 0.91015625 0.1015625 0.16953125
1 0.4765625 0.9484375 0.0875 0.09296875
1 0.51796875 0.871875 0.1125 0.16953125
1 0.56875 0.9671875 0.1203125 0.0546875
1 0.67109375 0.95078125 0.090625 0.0875
1 0.7796875 0.9125 0.1125 0.1640625
1 0.8890625 0.90703125 0.10546875 0.175
1 0.6453125 0.77578125 0.1203125 0.1640625
1 0.6125 0.88515625 0.10546875 0.13125
1 0.7328125 0.84453125 0.0984375 0.13671875
1 0.82734375 0.77890625 0.1203125 0.14765625
1 0.9421875 0.759375 0.109375 0.21875
1 0.72578125 0.70234375 0.10546875 0.11484375
1 0.9234375 0.60078125 0.0875 0.153125
1 0.98359375 0.5984375 0.02578125 0.16953125
1 0.4453125 0.784375 0.0984375 0.13671875
1 0.5578125 0.7296875 0.10546875 0.14765625
1 0.63984375 0.6390625 0.0796875 0.153125
1 0.7234375 0.62265625 0.0875 0.13125
1 0.82578125 0.60625 0.109375 0.196875
1 0.8671875 0.5078125 0.10546875 0.153125
1 0.94375 0.4671875 0.08359375 0.14765625
1 0.97421875 0.4046875 0.04375 0.175
1 0.7328125 0.3796875 0.1203125 0.16953125
1 0.8125 0.4265625 0.1125 0.175
1 0.88359375 0.3578125 0.11640625 0.13671875
1 0.96015625 0.2265625 0.07265625 0.15859375
1 0.8546875 0.21328125 0.0796875 0.1640625
1 0.9203125 0.17734375 0.0875 0.15859375
1 0.91015625 0.05703125 0.0984375 0.1140625
1 0.9765625 0.03828125 0.03984375 0.0765625
1 0.80625 0.0625 0.1375 0.125
1 0.7671875 0.171875 0.109375 0.19140625
1 0.7015625 0.22421875 0.09453125 0.1421875
1 0.7234375 0.06015625 0.05078125 0.1203125
1 0.665625 0.0765625 0.07265625 0.13125
1 0.60390625 0.0546875 0.1015625 0.109375
1 0.5671875 0.07890625 0.065625 0.07109375
1 0.59609375 0.1859375 0.09453125 0.0984375
1 0.634375 0.30859375 0.1125 0.11484375
1 0.69609375 0.478125 0.0984375 0.12578125
1 0.590625 0.43203125 0.1125 0.1421875
1 0.57421875 0.53828125 0.109375 0.11484375
1 0.509375 0.63125 0.1015625 0.12578125
1 0.4015625 0.65546875 0.090625 0.153125
1 0.46015625 0.51328125 0.0984375 0.1421875
1 0.51484375 0.3609375 0.090625 0.175
1 0.5421875 0.259375 0.04375 0.14765625
1 0.51796875 0.1828125 0.06875 0.12578125
1 0.46875 0.109375 0.09453125 0.1640625
1 0.40390625 0.24609375 0.0875 0.1640625
1 0.4578125 0.303125 0.0796875 0.12578125
1 0.4125 0.4046875 0.06875 0.109375
1 0.31796875 0.45390625 0.12734375 0.1421875
1 0.27109375 0.62578125 0.0984375 0.15859375
1 0.36015625 0.6390625 0.065625 0.1421875
1 0.18515625 0.7265625 0.1234375 0.153125
1 0.2453125 0.80859375 0.090625 0.1203125
1 0.33671875 0.78984375 0.1203125 0.15859375
1 0.11796875 0.8171875 0.134375 0.20234375
1 0.06875 0.63125 0.1015625 0.16953125
1 0.03125 0.715625 0.06171875 0.1640625
1 0.14921875 0.53828125 0.13125 0.18046875
1 0.23984375 0.48671875 0.0578125 0.109375
1 0.209375 0.37734375 0.0984375 0.13125
1 0.3203125 0.31171875 0.13125 0.175
1 0.29453125 0.17734375 0.0875 0.12578125
1 0.37109375 0.1203125 0.1015625 0.153125
1 0.41484375 0.02734375 0.13125 0.0546875
1 0.5140625 0.02421875 0.084375 0.0484375
1 0.3109375 0.04375 0.1125 0.0875
1 0.23671875 0.0875 0.11640625 0.13125
1 0.11796875 0.08203125 0.14921875 0.1640625
1 0.01640625 0.14765625 0.0328125 0.175
1 0.0453125 0.20234375 0.06875 0.153125
1 0.09296875 0.23515625 0.0984375 0.1203125
1 0.01484375 0.02734375 0.02890625 0.0546875
1 0.0875 0.3609375 0.15234375 0.2296875
1 0.0421875 0.540625 0.08359375 0.153125