1 0.94609375 0.51171875 0.05390625 0.0765625
1 0.96640625 0.54140625 0.05390625 0.0765625
1 0.975 0.60078125 0.04375 0.1125
1 0.98671875 0.50625 0.0203125 0.06484375
1 0.93125 0.83125 0.0703125 0.1359375
1 0.9078125 0.74296875 0.0640625 0.10078125
1 0.8828125 0.68046875 0.06015625 0.0828125
1 0.865625 0.62109375 0.06015625 0.0828125
1 0.8453125 0.57109375 0.05390625 0.0765625
1 0.85703125 0.83125 0.0703125 0.12421875
1 0.8421875 0.74296875 0.0734375 0.0890625
1 0.8171875 0.68046875 0.0640625 0.07109375
1 0.80390625 0.62421875 0.05703125 0.06484375
1 0.78203125 0.5765625 0.05390625 0.06484375
1 0.71796875 0.57109375 0.06015625 0.053125
1 0.728125 0.62421875 0.0671875 0.0765625
1 0.753125 0.67734375 0.0703125 0.0890625
1 0.76328125 0.7484375 0.0640625 0.0890625
1 0.78203125 0.828125 0.0734375 0.1421875
1 0.7046875 0.83125 0.0734375 0.12421875
1 0.69453125 0.7484375 0.0671875 0.0890625
1 0.68125 0.68046875 0.06015625 0.0828125
1 0.6640625 0.6328125 0.05390625 0.0828125
1 0.6546875 0.5859375 0.05390625 0.059375
1 0.59765625 0.5765625 0.05390625 0.0765625
1 0.60390625 0.63046875 0.06015625 0.0765625
1 0.609375 0.68359375 0.0640625 0.0765625
1 0.6140625 0.73984375 0.0734375 0.0828125
1 0.62734375 0.8375 0.0734375 0.12421875
1 0.5484375 0.83125 0.07734375 0.12421875
1 0.53828125 0.7484375 0.0703125 0.0890625
1 0.53671875 0.68359375 0.06015625 0.06484375
1 0.53359375 0.62109375 0.05390625 0.059375
1 0.53046875 0.57421875 0.06015625 0.059375
1 0.55234375 0.49140625 0.05 0.0828125
1 0.59921875 0.48828125 0.03046875 0.0765625
1 0.80390625 0.48203125 0.01640625 0.06484375
1 0.434375 0.49140625 0.04375 0.09453125
1 0.80703125 0.34921875 0.03046875 0.0828125
1 0.79375 0.28671875 0.01640625 0.053125
1 0.746875 0.20703125 0.03046875 0.0234375
1 0.7015625 0.20703125 0.0265625 0.0234375
1 0.6578125 0.20390625 0.040625 0.0296875
1 0.60546875 0.21328125 0.03671875 0.04765625
1 0.59765625 0.2453125 0.01328125 0.0296875
1 0.60234375 0.28125 0.01015625 0.0296875
1 0.5734375 0.34609375 0.046875 0.0765625
1 0.5734375 0.3015625 0.040625 0.04765625
1 0.56171875 0.26328125 0.04375 0.053125
1 0.56015625 0.221875 0.040625 0.053125
1 0.5234375 0.34921875 0.046875 0.0828125
1 0.51640625 0.28984375 0.040625 0.04765625
1 0.51328125 0.26953125 0.040625 0.053125
1 0.51015625 0.221875 0.040625 0.053125
1 0.1828125 0.49375 0.05703125 0.0890625
1 0.64609375 0.109375 0.04375 0.0765625
1 0.68984375 0.109375 0.04375 0.0765625
1 0.73359375 0.1125 0.03671875 0.07109375
1 0.71796875 0.06796875 0.03359375 0.06484375
1 0.7 0.0296875 0.03046875 0.04765625
1 0.67421875 0.05625 0.03359375 0.04140625
1 0.6609375 0.02109375 0.0265625 0.04140625
1 0.62734375 0.0234375 0.03359375 0.03515625
1 0.6328125 0.06484375 0.03046875 0.059375
1 0.59765625 0.109375 0.040625 0.06484375
1 0.590625 0.06484375 0.040625 0.03515625
1 0.5859375 0.02109375 0.05 0.04140625
1 0.55390625 0.09765625 0.046875 0.06484375
1 0.5484375 0.05 0.04375 0.0296875
1 0.546875 0.01796875 0.040625 0.03515625
1 0.50703125 0.10078125 0.040625 0.059375
1 0.5046875 0.03515625 0.03671875 0.059375
1 0.01015625 0.65703125 0.0203125 0.0828125
1 0.025 0.60078125 0.05 0.1125
1 0.0421875 0.4765625 0.05703125 0.0890625
1 0.00859375 0.45 0.01640625 0.07109375
1 0.0640625 0.43203125 0.040625 0.04765625
1 0.44140625 0.334375 0.05 0.0765625
1 0.44765625 0.28984375 0.04375 0.03515625
1 0.45 0.2546875 0.040625 0.03515625
1 0.4546875 0.23671875 0.04375 0.03515625
1 0.4515625 0.2015625 0.04375 0.03515625
1 0.4046875 0.20703125 0.03671875 0.03515625
1 0.4046875 0.23359375 0.03671875 0.04140625
1 0.359375 0.21328125 0.040625 0.03515625
1 0.31015625 0.21015625 0.04375 0.04140625
1 0.26328125 0.21328125 0.03046875 0.03515625
1 0.21796875 0.28671875 0.0203125 0.0296875
1 0.21484375 0.35234375 0.0203125 0.0765625
1 0.17109375 0.334375 0.05390625 0.1125
1 0.2046875 0.2546875 0.046875 0.07109375
1 0.21953125 0.21328125 0.03671875 0.04765625
1 0.44296875 0.109375 0.03359375 0.0765625
1 0.4515625 0.0625 0.03046875 0.04140625
1 0.4546875 0.0265625 0.03671875 0.04140625
1 0.40234375 0.09765625 0.03359375 0.0765625
1 0.4078125 0.03515625 0.03046875 0.03515625
1 0.35234375 0.10390625 0.03359375 0.06484375
1 0.3671875 0.06484375 0.03046875 0.059375
1 0.37109375 0.0265625 0.03046875 0.0296875
1 0.31015625 0.10390625 0.03671875 0.06484375
1 0.3171875 0.05 0.03671875 0.053125
1 0.33203125 0.0265625 0.03359375 0.053125
1 0.28671875 0.02109375 0.03046875 0.04140625
1 0.27890625 0.059375 0.03359375 0.04765625
1 0.26328125 0.10390625 0.03671875 0.053125
1 0.21484375 0.1125 0.040625 0.059375
1 0.23125 0.07109375 0.040625 0.059375
1 0.23828125 0.03828125 0.03359375 0.04140625
1 0.25 0.01796875 0.03671875 0.03515625
1 0.44453125 0.5796875 0.05703125 0.07109375
1 0.44453125 0.6359375 0.0640625 0.0765625
1 0.44453125 0.6890625 0.0703125 0.0765625
1 0.44609375 0.7515625 0.0671875 0.0828125
1 0.43984375 0.828125 0.08046875 0.1421875
1 0.35703125 0.834375 0.0640625 0.13046875
1 0.36875 0.7515625 0.0671875 0.0828125
1 0.37421875 0.68359375 0.0640625 0.0765625
1 0.37578125 0.6359375 0.06015625 0.0765625
1 0.37578125 0.5796875 0.06015625 0.059375
1 0.3171875 0.59140625 0.05 0.059375
1 0.25 0.5859375 0.05 0.04765625
1 0.184375 0.5796875 0.06015625 0.0828125
1 0.12109375 0.5859375 0.0671875 0.0828125
1 0.30234375 0.6421875 0.06015625 0.0765625
1 0.2953125 0.6890625 0.0671875 0.0765625
1 0.28828125 0.7546875 0.0734375 0.0765625
1 0.28203125 0.828125 0.08046875 0.13046875
1 0.203125 0.83125 0.07734375 0.12421875
1 0.21328125 0.74296875 0.0703125 0.0890625
1 0.2265625 0.6921875 0.0703125 0.0828125
1 0.23671875 0.6421875 0.0703125 0.0765625
1 0.16953125 0.62734375 0.05 0.07109375
1 0.14921875 0.68359375 0.0640625 0.0765625
1 0.1328125 0.7484375 0.0703125 0.0890625
1 0.12265625 0.84296875 0.07734375 0.12421875
1 0.040625 0.83125 0.08046875 0.14765625
1 0.065625 0.7515625 0.0640625 0.0828125
1 0.08046875 0.6921875 0.06015625 0.07109375
1 0.10078125 0.6359375 0.06015625 0.0765625
1 0.11875 0.5796875 0.05703125 0.07109375
1 0.14765625 0.23359375 0.040625 0.0765625
1 0.09375 0.228125 0.046875 0.0890625
1 0.10234375 0.3015625 0.05703125 0.059375
1 0.040625 0.2984375 0.05390625 0.06484375
1 0.03515625 0.21328125 0.03671875 0.04765625
1 0.06171875 0.221875 0.01640625 0.0296875
1 0.00859375 0.25703125 0.01640625 0.1359375
1 0.1546875 0.0796875 0.040625 0.053125
1 0.10390625 0.0765625 0.05390625 0.04765625
1 0.0890625 0.02109375 0.03671875 0.04140625
1 0.046875 0.01796875 0.040625 0.03515625
1 0.05546875 0.06796875 0.04375 0.053125
1 0.01484375 0.0640625 0.0296875 0.046875
1 0.00859375 0.01796875 0.01640625 0.03515625