1 0.6625 0.54140625 0.459375 0.49453125
1 0.8921875 0.80703125 0.20859375 0.3765625
1 0.92265625 0.4046875 0.146875 0.4484375
1 0.909375 0.18828125 0.1734375 0.221875
1 0.5984375 0.1984375 0.31640625 0.365625
1 0.74140625 0.10078125 0.08515625 0.20078125
1 0.8203125 0.0359375 0.1890625 0.071875
1 0.43984375 0.08515625 0.16953125 0.1703125
1 0.39375 0.071875 0.146875 0.14375
1 0.47890625 0.41484375 0.2390625 0.38671875
1 0.6625 0.86328125 0.38203125 0.2625
1 0.4765625 0.81171875 0.23515625 0.365625
1 0.26640625 0.571875 0.4015625 0.35078125
1 0.20234375 0.76796875 0.28984375 0.278125
1 0.0984375 0.8734375 0.196875 0.2421875
1 0.29140625 0.9203125 0.196875 0.14921875
1 0.05234375 0.4328125 0.10390625 0.38125
1 0.21640625 0.175 0.30078125 0.2375