1 0.70859375 0.6890625 0.5734375 0.6046875
1 0.3734375 0.82890625 0.3109375 0.29765625
1 0.3203125 0.9796875 0.1953125 0.03125
1 0.13984375 0.8359375 0.2796875 0.23125
1 0.13984375 0.93125 0.2796875 0.12890625
1 0.09765625 0.7375 0.18671875 0.15078125
1 0.3203125 0.67109375 0.284375 0.1953125
1 0.22421875 0.53359375 0.2625 0.24921875
1 0.0953125 0.57734375 0.190625 0.2765625
1 0.1 0.3359375 0.2 0.24453125
1 0.27109375 0.3640625 0.27578125 0.2578125
1 0.29296875 0.246875 0.4 0.32421875
1 0.653125 0.2734375 0.3640625 0.3421875
1 0.8890625 0.23125 0.21328125 0.39140625
1 0.815625 0.0734375 0.36015625 0.146875
1 0.50703125 0.13359375 0.39140625 0.26640625
1 0.0796875 0.2390625 0.159375 0.25