1 0.575 0.7171875 0.31015625 0.434375
1 0.78828125 0.6875 0.34296875 0.29140625
1 0.80703125 0.49140625 0.16640625 0.3515625
1 0.1734375 0.22890625 0.2265625 0.17265625
1 0.31640625 0.375 0.21328125 0.26171875
1 0.26015625 0.58046875 0.2203125 0.44609375
1 0.21015625 0.54765625 0.23359375 0.51171875
1 0.146875 0.55390625 0.26015625 0.4046875
1 0.625 0.22890625 0.25 0.30390625
1 0.56796875 0.20546875 0.25703125 0.25625
1 0.40703125 0.23828125 0.09296875 0.16640625
1 0.46796875 0.30390625 0.096875 0.08359375
1 0.51171875 0.4109375 0.103125 0.11875
1 0.63359375 0.4609375 0.18671875 0.1484375
1 0.28203125 0.375 0.28984375 0.23828125