1 0.5015625 0.396875 0.2109375 0.38046875
1 0.45234375 0.55703125 0.12734375 0.29921875
1 0.42578125 0.81484375 0.19609375 0.228125
1 0.665625 0.74453125 0.30546875 0.36953125
1 0.8125 0.73671875 0.2 0.1578125
1 0.83828125 0.63828125 0.2 0.21171875
1 0.7546875 0.4484375 0.21484375 0.26640625
1 0.8328125 0.4046875 0.1015625 0.21171875
1 0.6328125 0.3046875 0.16015625 0.25
1 0.6796875 0.5546875 0.16015625 0.228125
1 0.578125 0.90234375 0.19609375 0.18515625
1 0.4125 0.9453125 0.19296875 0.09765625
1 0.2984375 0.915625 0.1671875 0.125
1 0.27265625 0.76875 0.28359375 0.27734375
1 0.2 0.66015625 0.28359375 0.4078125
1 0.36171875 0.45625 0.12734375 0.2390625
1 0.39296875 0.28515625 0.15234375 0.24453125
1 0.24765625 0.36953125 0.1234375 0.18515625
1 0.15625 0.51640625 0.15234375 0.15234375
1 0.13125 0.6578125 0.1671875 0.13046875