1 0.88046875 0.146875 0.23203125 0.29375
1 0.69296875 0.134375 0.2046875 0.2578125
1 0.49453125 0.49453125 0.4171875 0.57734375
1 0.57109375 0.88125 0.21640625 0.2265625
1 0.54765625 0.04609375 0.1234375 0.0921875
1 0.5734375 0.1390625 0.13515625 0.14453125
1 0.3359375 0.28125 0.1 0.1390625
1 0.409375 0.1828125 0.1 0.1390625
1 0.4921875 0.19296875 0.065625 0.07734375
1 0.47890625 0.06171875 0.09296875 0.11328125
1 0.43984375 0.015625 0.07734375 0.03125
1 0.41484375 0.0796875 0.08125 0.0875
1 0.34375 0.12890625 0.09296875 0.134375
1 0.3453125 0.03125 0.10390625 0.06171875
1 0.26484375 0.04609375 0.0890625 0.0921875
1 0.25859375 0.1703125 0.1 0.1546875
1 0.228125 0.31171875 0.1 0.12890625
1 0.1890625 0.14921875 0.09296875 0.16484375
1 0.13125 0.25546875 0.1078125 0.05703125
1 0.1625 0.3375 0.09296875 0.11875
1 0.096875 0.37109375 0.1078125 0.14453125
1 0.0421875 0.51796875 0.084375 0.1390625
1 0.13125 0.48984375 0.08515625 0.134375
1 0.2296875 0.4796875 0.10390625 0.1546875
1 0.29375 0.3734375 0.07734375 0.09765625
1 0.19921875 0.6109375 0.10390625 0.0875
1 0.10390625 0.62890625 0.09296875 0.1234375
1 0.0640625 0.6828125 0.065625 0.07734375
1 0.146875 0.721875 0.07734375 0.11328125
1 0.28359375 0.70078125 0.096875 0.1546875
1 0.38828125 0.7703125 0.11953125 0.11875
1 0.46875 0.8609375 0.0734375 0.11328125
1 0.3703125 0.87109375 0.115625 0.1546875
1 0.2953125 0.8140625 0.05 0.0828125
1 0.19921875 0.79609375 0.11953125 0.10859375
1 0.115625 0.82734375 0.06171875 0.1390625
1 0.05390625 0.94296875 0.1 0.103125
1 0.17578125 0.96875 0.13515625 0.0515625
1 0.20078125 0.91484375 0.13125 0.10859375
1 0.29765625 0.96875 0.09296875 0.0515625
1 0.3921875 0.9640625 0.08125 0.06171875