1 0.6796875 0.1734375 0.215625 0.26328125
1 0.9265625 0.45546875 0.11328125 0.1796875
1 0.9515625 0.59296875 0.08984375 0.3234375
1 0.865625 0.8234375 0.215625 0.30546875
1 0.90390625 0.88359375 0.1859375 0.221875
1 0.80234375 0.49375 0.25546875 0.37734375
1 0.80390625 0.2484375 0.17265625 0.4609375
1 0.9 0.23984375 0.19296875 0.359375
1 0.9515625 0.209375 0.08984375 0.23984375
1 0.9046875 0.08359375 0.16875 0.1671875
1 0.4421875 0.30546875 0.159375 0.22734375
1 0.45703125 0.5328125 0.1359375 0.19140625
1 0.41171875 0.64375 0.153125 0.1859375
1 0.2921875 0.7875 0.259375 0.221875
1 0.46015625 0.80546875 0.1296875 0.209375
1 0.546875 0.76953125 0.05625 0.065625
1 0.553125 0.72734375 0.05 0.05390625
1 0.57109375 0.68828125 0.046875 0.08359375
1 0.6046875 0.778125 0.06015625 0.08359375
1 0.659375 0.7421875 0.06328125 0.071875
1 0.62109375 0.70078125 0.03984375 0.071875
1 0.67265625 0.6828125 0.05625 0.08359375
1 0.69921875 0.58671875 0.1625 0.16796875
1 0.5484375 0.646875 0.13984375 0.215625
1 0.6265625 0.48828125 0.15625 0.1859375
1 0.72421875 0.715625 0.06640625 0.1375
1 0.77265625 0.66796875 0.05625 0.1015625
1 0.82421875 0.721875 0.046875 0.065625
1 0.7953125 0.7546875 0.06328125 0.1078125
1 0.74921875 0.80859375 0.05625 0.09609375
1 0.70234375 0.85 0.06953125 0.13203125
1 0.64453125 0.83515625 0.03984375 0.065625
1 0.67265625 0.8953125 0.04296875 0.065625
1 0.6 0.93125 0.06953125 0.12578125
1 0.634375 0.9609375 0.053125 0.065625
1 0.6890625 0.9609375 0.05625 0.065625
1 0.7359375 0.94921875 0.04296875 0.078125
1 0.6609375 0.36796875 0.03359375 0.065625
1 0.64609375 0.3171875 0.03671875 0.06015625
1 0.62265625 0.36796875 0.04296875 0.078125
1 0.6109375 0.29375 0.03984375 0.071875
1 0.584375 0.3234375 0.03984375 0.071875
1 0.55625 0.34453125 0.04296875 0.065625
1 0.584375 0.40390625 0.03359375 0.065625
1 0.5515625 0.421875 0.03359375 0.05390625
1 0.53984375 0.47890625 0.0296875 0.06015625
1 0.5828125 0.19453125 0.0296875 0.078125
1 0.56328125 0.2546875 0.03671875 0.065625
1 0.5546875 0.18828125 0.0265625 0.05390625
1 0.528125 0.23046875 0.03359375 0.065625
1 0.53671875 0.1375 0.0234375 0.06015625
1 0.55 0.1140625 0.0296875 0.06015625
1 0.50859375 0.1734375 0.0265625 0.04765625
1 0.50703125 0.12890625 0.0234375 0.05390625
1 0.5234375 0.09296875 0.0296875 0.05390625
1 0.53515625 0.05703125 0.0265625 0.05390625
1 0.51171875 0.065625 0.0203125 0.0359375
1 0.48359375 0.071875 0.01640625 0.02421875
1 0.48515625 0.11953125 0.0203125 0.06015625
1 0.48359375 0.1703125 0.0234375 0.05390625
1 0.453125 0.16484375 0.03671875 0.05390625
1 0.45859375 0.1140625 0.0265625 0.06015625
1 0.43828125 0.12265625 0.0203125 0.05390625
1 0.43671875 0.0328125 0.16953125 0.065625
1 0.56796875 0.02421875 0.1 0.04765625
1 0.6859375 0.0359375 0.22265625 0.071875
1 0.40546875 0.15234375 0.03359375 0.078125
1 0.415625 0.09296875 0.03359375 0.0421875
1 0.36875 0.16171875 0.03984375 0.06015625
1 0.37890625 0.1015625 0.03359375 0.04765625
1 0.35234375 0.11953125 0.0265625 0.04765625
1 0.35546875 0.05703125 0.0203125 0.05390625
1 0.39375 0.05078125 0.0296875 0.0421875
1 0.3375 0.08671875 0.0296875 0.0421875
1 0.32578125 0.1140625 0.0203125 0.0359375
1 0.33046875 0.15234375 0.0296875 0.0421875
1 0.2625 0.221875 0.22578125 0.1796875
1 0.3140625 0.41328125 0.14921875 0.27578125
1 0.27578125 0.61640625 0.11953125 0.19140625
1 0.2078125 0.55390625 0.09609375 0.209375
1 0.11640625 0.5390625 0.1265625 0.215625
1 0.1875 0.365625 0.12265625 0.20390625
1 0.06953125 0.41640625 0.1390625 0.3890625
1 0.284375 0.071875 0.1625 0.14375
1 0.14140625 0.0359375 0.14921875 0.071875
1 0.03828125 0.04453125 0.0765625 0.0890625
1 0.11953125 0.140625 0.2390625 0.16171875
1 0.12421875 0.22734375 0.04296875 0.071875
1 0.109375 0.8953125 0.11953125 0.19765625
1 0.04296875 0.91875 0.0859375 0.15
1 0.0296875 0.69140625 0.03359375 0.078125
1 0.0234375 0.76953125 0.03984375 0.078125
1 0.0046875 0.71484375 0.009375 0.0421875
1 0.01015625 0.65 0.0203125 0.078125
1 0.01640625 0.85 0.0328125 0.071875
1 0.17265625 0.7546875 0.259375 0.215625
1 0.6078125 0.83515625 0.0265625 0.05390625
1 0.578125 0.84765625 0.0265625 0.0421875
1 0.546875 0.84453125 0.0234375 0.04765625
1 0.54453125 0.79921875 0.0265625 0.0296875
1 0.51171875 0.80234375 0.0203125 0.0359375
1 0.521875 0.83515625 0.0203125 0.0296875
1 0.48828125 0.84453125 0.0203125 0.0359375
1 0.50703125 0.86796875 0.0234375 0.0359375
1 0.54296875 0.853125 0.03671875 0.0421875
1 0.53984375 0.9015625 0.0234375 0.0421875
1 0.51015625 0.91640625 0.0296875 0.06015625
1 0.5484375 0.934375 0.03359375 0.04765625
1 0.55 0.9734375 0.0296875 0.0421875
1 0.5265625 0.97578125 0.0234375 0.0359375
1 0.5 0.97578125 0.01640625 0.0359375
1 0.48515625 0.928125 0.0265625 0.04765625
1 0.46640625 0.9609375 0.0296875 0.0421875
1 0.46015625 0.921875 0.01640625 0.0359375
1 0.4421875 0.9671875 0.0203125 0.05390625
1 0.43671875 0.925 0.0234375 0.0296875
1 0.43515625 0.8859375 0.0265625 0.04765625
1 0.41171875 0.91015625 0.0265625 0.04765625
1 0.40703125 0.94921875 0.0296875 0.05390625
1 0.4 0.97578125 0.0296875 0.0359375
1 0.421875 0.98515625 0.0265625 0.01796875
1 0.37578125 0.9375 0.03359375 0.0421875
1 0.36875 0.9703125 0.03359375 0.04765625
1 0.37734375 0.9015625 0.0296875 0.05390625
1 0.3953125 0.88046875 0.0203125 0.04765625
1 0.3921875 0.8203125 0.0203125 0.04765625
1 0.365625 0.8296875 0.03359375 0.065625
1 0.340625 0.8234375 0.0296875 0.0296875
1 0.3359375 0.8625 0.03359375 0.04765625
1 0.35859375 0.8625 0.0265625 0.02421875
1 0.33046875 0.90390625 0.0296875 0.0359375
1 0.33046875 0.859375 0.0234375 0.0421875
1 0.30703125 0.853125 0.01640625 0.0296875
1 0.30546875 0.88359375 0.0203125 0.0296875
1 0.3359375 0.9703125 0.03359375 0.04765625
1 0.33359375 0.94296875 0.01640625 0.01796875
1 0.30859375 0.95546875 0.0203125 0.0421875
1 0.2890625 0.98203125 0.0265625 0.02421875
1 0.27265625 0.94921875 0.0265625 0.065625
1 0.2921875 0.95546875 0.01328125 0.0296875
1 0.2859375 0.91328125 0.0203125 0.0421875
1 0.27109375 0.87109375 0.0234375 0.0421875
1 0.2953125 0.853125 0.0265625 0.0421875
1 0.259375 0.91328125 0.0265625 0.05390625
1 0.234375 0.91015625 0.03671875 0.04765625
1 0.24453125 0.9640625 0.0296875 0.06015625
1 0.22265625 0.93984375 0.03359375 0.0359375
1 0.2046875 0.97578125 0.04296875 0.0359375
1 0.19765625 0.95234375 0.0234375 0.02421875
1 0.2046875 0.90703125 0.0296875 0.05390625
1 0.17578125 0.925 0.0265625 0.0421875
1 0.15625 0.9640625 0.0265625 0.04765625