1 0.5625 0.78046875 0.26171875 0.40859375
1 0.8125 0.790625 0.25390625 0.40859375
1 0.95078125 0.8296875 0.090625 0.18359375
1 0.8765625 0.58125 0.0796875 0.12578125
1 0.93359375 0.48203125 0.125 0.19921875
1 0.7578125 0.48984375 0.10625 0.19375
1 0.5375 0.4734375 0.090625 0.18359375
1 0.4375 0.4109375 0.1171875 0.225
1 0.3203125 0.6703125 0.20078125 0.35625
1 0.13046875 0.58125 0.1859375 0.33515625
1 0.70234375 0.35078125 0.0640625 0.11484375
1 0.8046875 0.3484375 0.071875 0.0890625
1 0.928125 0.340625 0.12109375 0.0734375
1 0.5171875 0.19375 0.04921875 0.0421875
1 0.03203125 0.46328125 0.0640625 0.24609375