1 0.70625 0.97109375 0.2625 0.05
1 0.884375 0.9 0.21875 0.19140625
1 0.975 0.75 0.0375 0.11640625
1 0.625 0.875 0.3 0.19140625
1 0.803125 0.74609375 0.30625 0.18359375
1 0.896875 0.59609375 0.19375 0.18359375
1 0.38125 0.94765625 0.3375 0.09609375
1 0.1375 0.9 0.275 0.19140625
1 0.35 0.79765625 0.3375 0.20390625
1 0.55625 0.66484375 0.3125 0.2125
1 0.690625 0.52109375 0.30625 0.175
1 0.9125 0.43515625 0.1625 0.1375
1 0.915625 0.31484375 0.15625 0.12109375
1 0.89375 0.19765625 0.2 0.1375
1 0.959375 0.08125 0.06875 0.0875
1 0.79375 0.09765625 0.25 0.14609375
1 0.890625 0.04140625 0.20625 0.0828125
1 0.646875 0.03515625 0.25625 0.0703125
1 0.528125 0.13125 0.28125 0.15390625
1 0.665625 0.23359375 0.26875 0.14140625
1 0.725 0.3625 0.2875 0.14140625
1 0.390625 0.04765625 0.24375 0.0953125
1 0.20625 0.02109375 0.1625 0.04140625
1 0.071875 0.05390625 0.14375 0.1078125
1 0.225 0.13125 0.2625 0.15390625
1 0.365625 0.23984375 0.26875 0.1625
1 0.446875 0.35 0.25625 0.175
1 0.39375 0.49609375 0.275 0.15859375
1 0.234375 0.63125 0.31875 0.17890625
1 0.071875 0.74140625 0.14375 0.16640625
1 0.084375 0.53984375 0.16875 0.19609375
1 0.1875 0.42109375 0.275 0.16640625
1 0.121875 0.28515625 0.24375 0.17109375
1 0.059375 0.17109375 0.11875 0.13359375
1 0.025 0.3875 0.05 0.11640625