1 0.91640625 0.7578125 0.12421875 0.20078125
1 0.95078125 0.6578125 0.09140625 0.2171875
1 0.95078125 0.49453125 0.09140625 0.13046875
1 0.86484375 0.4921875 0.109375 0.1796875
1 0.871875 0.39921875 0.10234375 0.103125
1 0.7625 0.52734375 0.12421875 0.18515625
1 0.82109375 0.64921875 0.12421875 0.146875
1 0.759375 0.85859375 0.153125 0.25
1 0.77578125 0.75234375 0.15 0.1578125
1 0.6390625 0.6765625 0.153125 0.21171875
1 0.64609375 0.85859375 0.109375 0.17421875
1 0.57265625 0.9078125 0.153125 0.17421875
1 0.41796875 0.89921875 0.15 0.18984375
1 0.4984375 0.81796875 0.1421875 0.146875
1 0.4890625 0.6984375 0.13125 0.20078125
1 0.565625 0.49453125 0.13125 0.20625
1 0.66640625 0.43203125 0.10546875 0.20078125
1 0.58203125 0.3015625 0.1203125 0.18984375
1 0.64765625 0.27421875 0.03984375 0.1140625
1 0.6859375 0.29609375 0.03671875 0.08125
1 0.7515625 0.3453125 0.09453125 0.16875
1 0.83203125 0.32890625 0.065625 0.1140625
1 0.403125 0.50546875 0.1421875 0.20625
1 0.51796875 0.5703125 0.11640625 0.18515625
1 0.41640625 0.62734375 0.09453125 0.1140625
1 0.36484375 0.72578125 0.11640625 0.146875
1 0.34140625 0.85078125 0.0765625 0.1578125
1 0.23515625 0.79921875 0.128125 0.2171875
1 0.31953125 0.65234375 0.10546875 0.15234375
1 0.284375 0.54375 0.09453125 0.14140625
1 0.19921875 0.64140625 0.13515625 0.2171875
1 0.0984375 0.6953125 0.09453125 0.18515625
1 0.08046875 0.584375 0.10234375 0.146875
1 0.078125 0.49453125 0.08359375 0.08671875
1 0.17734375 0.48671875 0.0984375 0.125
1 0.259375 0.396875 0.05859375 0.07578125
1 0.32109375 0.4265625 0.07265625 0.0703125
1 0.37421875 0.34765625 0.11328125 0.14140625
1 0.49453125 0.2609375 0.1203125 0.16328125
1 0.4875 0.396875 0.09140625 0.11953125