1 0.58984375 0.378125 0.22578125 0.32265625
1 0.48125 0.309375 0.10546875 0.14296875
1 0.6671875 0.56328125 0.04140625 0.0796875
1 0.50390625 0.4234375 0.2328125 0.33828125
1 0.6375 0.57109375 0.0640625 0.11640625
1 0.5640625 0.6640625 0.1125 0.17421875
1 0.49609375 0.584375 0.13515625 0.18515625
1 0.36640625 0.396875 0.19921875 0.2859375
1 0.38515625 0.23515625 0.08671875 0.1640625
1 0.36484375 0.534375 0.18046875 0.33828125
1 0.27421875 0.3515625 0.0296875 0.06875
1 0.4703125 0.6375 0.075 0.153125