1 0.90234375 0.465625 0.1859375 0.24296875
1 0.79375 0.621875 0.26796875 0.1390625
1 0.82734375 0.746875 0.20078125 0.15859375
1 0.6625 0.68515625 0.18046875 0.11953125
1 0.65234375 0.8109375 0.18046875 0.1234375
1 0.45390625 0.70078125 0.2375 0.1734375
1 0.56953125 0.5734375 0.1703125 0.13515625
1 0.7265625 0.459375 0.20625 0.20078125
1 0.853125 0.25703125 0.28359375 0.196875
1 0.70859375 0.22578125 0.09765625 0.065625
1 0.69296875 0.29765625 0.04609375 0.04609375
1 0.678125 0.36328125 0.1390625 0.08515625
1 0.57734375 0.45390625 0.2578125 0.16640625
1 0.62109375 0.2796875 0.10859375 0.1734375
1 0.440625 0.2859375 0.28359375 0.23203125
1 0.35859375 0.17734375 0.18046875 0.1234375
1 0.14921875 0.21796875 0.26796875 0.23515625
1 0.27578125 0.2875 0.0671875 0.096875
1 0.2859375 0.384375 0.14921875 0.096875
1 0.11875 0.425 0.2375 0.246875
1 0.234375 0.55234375 0.33515625 0.2703125
1 0.36328125 0.44609375 0.16015625 0.10390625
1 0.4359375 0.54609375 0.09765625 0.10390625
1 0.45859375 0.5828125 0.071875 0.08515625
1 0.396875 0.81875 0.1546875 0.115625
1 0.51796875 0.79921875 0.09765625 0.1
1 0.16484375 0.8203125 0.3296875 0.28203125
1 0.13671875 0.69921875 0.14921875 0.1
1 0.103125 0.63515625 0.06171875 0.05