1 0.609375 0.7953125 0.1203125 0.30078125
1 0.60546875 0.8390625 0.0984375 0.13671875
1 0.6109375 0.9046875 0.04375 0.04921875
1 0.69296875 0.8359375 0.0546875 0.0765625
1 0.75625 0.8578125 0.18203125 0.175
1 0.6875 0.7484375 0.05078125 0.0328125
1 0.734375 0.75390625 0.0875 0.1640625
1 0.76875 0.76484375 0.06875 0.0984375
1 0.8765625 0.83359375 0.03671875 0.06015625
1 0.53671875 0.91015625 0.0328125 0.04921875
1 0.5546875 0.871875 0.02578125 0.04921875
1 0.509375 0.9125 0.02890625 0.04375
1 0.50703125 0.95625 0.03984375 0.04375
1 0.53671875 0.95390625 0.02578125 0.04921875
1 0.55234375 0.97265625 0.02890625 0.04375
1 0.5796875 0.97578125 0.02578125 0.03828125
1 0.4671875 0.95625 0.04765625 0.0546875
1 0.44765625 0.98125 0.03671875 0.02734375
1 0.59453125 0.7265625 0.04765625 0.0765625
1 0.62890625 0.675 0.02890625 0.07109375
1 0.59296875 0.6640625 0.05078125 0.06015625
1 0.97265625 0.2515625 0.04765625 0.196875
1 0.95625 0.28984375 0.0578125 0.1203125
1 0.921875 0.35 0.08359375 0.1859375
1 0.909375 0.2703125 0.065625 0.12578125
1 0.8890625 0.1859375 0.0765625 0.1859375
1 0.909375 0.13359375 0.0796875 0.14765625
1 0.9234375 0.08203125 0.07265625 0.0984375
1 0.9765625 0.03828125 0.03984375 0.0765625
1 0.98515625 0.11171875 0.021875 0.07109375
1 0.97265625 0.26484375 0.04765625 0.22421875
1 0.96875 0.41796875 0.0546875 0.11484375
1 0.88984375 0.01328125 0.1234375 0.0265625
1 0.409375 0.15546875 0.0984375 0.14765625
1 0.51484375 0.19921875 0.08359375 0.07109375
1 0.53828125 0.12265625 0.11640625 0.08203125
1 0.534375 0.215625 0.11640625 0.10390625
1 0.13828125 0.153125 0.0875 0.1421875
1 0.0421875 0.346875 0.0765625 0.13671875
1 0.0234375 0.28984375 0.046875 0.0765625
1 0.06875 0.63125 0.05078125 0.03828125
1 0.05234375 0.7015625 0.1046875 0.08125
1 0.0984375 0.71328125 0.0578125 0.13671875
1 0.07265625 0.73203125 0.021875 0.0765625
1 0.04921875 0.803125 0.0328125 0.2078125
1 0.0203125 0.87734375 0.03984375 0.15859375
1 0.0125 0.8328125 0.025 0.103125
1 0.07265625 0.9671875 0.04375 0.0546875
1 0.1015625 0.95078125 0.05078125 0.0875
1 0.02734375 0.9703125 0.0546875 0.04921875
1 0.18515625 0.93984375 0.11640625 0.0875
1 0.2328125 0.9375 0.0875 0.11484375
1 0.2890625 0.96171875 0.03984375 0.065625
1 0.278125 0.9125 0.03984375 0.0765625
1 0.15625 0.9671875 0.02890625 0.04375
1 0.18359375 0.9671875 0.0328125 0.04375
1 0.17421875 0.88828125 0.02890625 0.03828125
1 0.1890625 0.8578125 0.03671875 0.04375
1 0.1421875 0.8609375 0.05078125 0.09296875
1 0.15625 0.77578125 0.03671875 0.1421875
1 0.1203125 0.759375 0.0578125 0.065625
1 0.13984375 0.7265625 0.0328125 0.065625
1 0.11484375 0.915625 0.04765625 0.13671875
1 0.20703125 0.60078125 0.04375 0.0546875
1 0.22890625 0.55703125 0.02890625 0.0765625
1 0.2546875 0.5734375 0.04375 0.0984375
1 0.278125 0.5953125 0.03984375 0.0875
1 0.2765625 0.77890625 0.0578125 0.06015625
1 0.27109375 0.8171875 0.0546875 0.04921875
1 0.2453125 0.86875 0.06875 0.04375
1 0.2125 0.80859375 0.0546875 0.0546875
1 0.190625 0.740625 0.0328125 0.06015625
1 0.15625 0.6421875 0.09453125 0.04921875
1 0.1421875 0.58984375 0.07265625 0.04375
1 0.3421875 0.9046875 0.03671875 0.08203125
1 0.3796875 0.90703125 0.04765625 0.065625
1 0.41640625 0.86328125 0.03984375 0.065625
1 0.3875 0.825 0.0546875 0.0875
1 0.3453125 0.81171875 0.0578125 0.09296875
1 0.309375 0.80625 0.03671875 0.07109375
1 0.3453125 0.740625 0.04375 0.06015625
1 0.3015625 0.7296875 0.05078125 0.06015625
1 0.2796875 0.69921875 0.02890625 0.04375
1 0.309375 0.65859375 0.03671875 0.08203125
1 0.32734375 0.62578125 0.021875 0.04921875
1 0.3546875 0.63359375 0.0328125 0.0546875
1 0.34921875 0.6828125 0.03671875 0.065625
1 0.34765625 0.59296875 0.04765625 0.06015625
1 0.32890625 0.53828125 0.03984375 0.07109375
1 0.28515625 0.51328125 0.03984375 0.0328125
1 0.34375 0.48359375 0.03984375 0.07109375
1 0.3671875 0.44296875 0.03671875 0.0765625
1 0.40703125 0.4265625 0.03671875 0.0765625
1 0.43984375 0.4453125 0.04375 0.07109375
1 0.45234375 0.38515625 0.04765625 0.06015625
1 0.48515625 0.3828125 0.02578125 0.0546875
1 0.50390625 0.3390625 0.03984375 0.0875
1 0.52890625 0.3609375 0.01796875 0.065625
1 0.565625 0.28984375 0.06171875 0.0875
1 0.5578125 0.3796875 0.03984375 0.09296875
1 0.56328125 0.4484375 0.03671875 0.0765625
1 0.59609375 0.521875 0.05078125 0.07109375
1 0.6765625 0.5734375 0.05078125 0.0328125
1 0.578125 0.55703125 0.03671875 0.0328125
1 0.55234375 0.740625 0.03671875 0.07109375
1 0.51796875 0.7375 0.0328125 0.0765625
1 0.490625 0.7625 0.03671875 0.07109375
1 0.521875 0.78671875 0.0328125 0.04375
1 0.48515625 0.8171875 0.03984375 0.04921875
1 0.44375 0.828125 0.05078125 0.08203125
1 0.45625 0.759375 0.0328125 0.0546875
1 0.4234375 0.740625 0.04765625 0.08203125
1 0.3875 0.75703125 0.0328125 0.04921875
1 0.39453125 0.69140625 0.04765625 0.07109375
1 0.421875 0.69140625 0.021875 0.03828125
1 0.45078125 0.6828125 0.02890625 0.0546875
1 0.4765625 0.653125 0.04375 0.07109375
1 0.49453125 0.696875 0.03671875 0.06015625
1 0.5234375 0.628125 0.01484375 0.021875
1 0.509375 0.5546875 0.04375 0.07109375
1 0.54765625 0.53515625 0.03984375 0.065625
1 0.534375 0.4890625 0.04375 0.07109375
1 0.5203125 0.4234375 0.03671875 0.08203125
1 0.478125 0.4484375 0.03984375 0.0765625
1 0.4890625 0.4890625 0.03984375 0.07109375
1 0.44765625 0.5 0.04375 0.04921875
1 0.46875 0.54609375 0.04375 0.0546875
1 0.42734375 0.54921875 0.03984375 0.07109375
1 0.390625 0.540625 0.0328125 0.065625
1 0.4 0.49453125 0.021875 0.02734375
1 0.3671875 0.52421875 0.02890625 0.0546875
1 0.45078125 0.59296875 0.03671875 0.06015625
1 0.4890625 0.60390625 0.0328125 0.04921875
1 0.43125 0.6390625 0.03984375 0.065625
1 0.42578125 0.5953125 0.01484375 0.021875
1 0.4 0.61171875 0.04375 0.065625
1 0.9109375 0.46171875 0.0328125 0.06015625
1 0.8984375 0.415625 0.02890625 0.0546875
1 0.8890625 0.37421875 0.01796875 0.03828125
1 0.93125 0.49765625 0.021875 0.04375
1 0.88359375 0.48125 0.07265625 0.109375
1 0.87265625 0.5078125 0.02890625 0.04375
1 0.8546875 0.52734375 0.05078125 0.12578125
1 0.7765625 0.5546875 0.06171875 0.06015625
1 0.81796875 0.54375 0.02890625 0.06015625
1 0.6875 0.5296875 0.0796875 0.0765625
1 0.72890625 0.56015625 0.0328125 0.03828125
1 0.0796875 0.48125 0.02890625 0.0984375
1 0.02734375 0.478125 0.0546875 0.04921875
1 0.021875 0.56015625 0.04375 0.11484375
1 0.04921875 0.52734375 0.04765625 0.11484375
1 0.10546875 0.478125 0.07265625 0.11484375
1 0.7109375 0.23515625 0.0546875 0.3828125
1 0.77421875 0.28125 0.1015625 0.47578125
1 0.79453125 0.240625 0.08359375 0.371875
1 0.85078125 0.2375 0.0796875 0.32265625
1 0.6671875 0.27890625 0.08359375 0.3390625
1 0.6875 0.19921875 0.03671875 0.13671875
1 0.61796875 0.27578125 0.0796875 0.20234375
1 0.60703125 0.41796875 0.11640625 0.30078125
1 0.66015625 0.4265625 0.1203125 0.153125
1 0.75078125 0.02734375 0.08359375 0.0546875
1 0.1671875 0.371875 0.13125 0.04375
1 0.3328125 0.31953125 0.02578125 0.10390625
1 0.37421875 0.3140625 0.0578125 0.06015625
1 0.43984375 0.2625 0.021875 0.0765625
1 0.4578125 0.23515625 0.02890625 0.0984375
1 0.20703125 0.0328125 0.02890625 0.0328125
1 0.25390625 0.02421875 0.0796875 0.0484375
1 0.33828125 0.040625 0.0796875 0.08125
1 0.40546875 0.03828125 0.06875 0.0765625
1 0.20703125 0.0875 0.109375 0.0765625
1 0.22734375 0.1421875 0.0984375 0.109375
1 0.30546875 0.15546875 0.109375 0.11484375
1 0.0875 0.2265625 0.04375 0.06015625
1 0.1578125 0.2734375 0.1421875 0.0984375
1 0.265625 0.26484375 0.15234375 0.10390625
1 0.31640625 0.2265625 0.0875 0.18046875
1 0.2875 0.3390625 0.1015625 0.0875
1 0.37109375 0.32265625 0.065625 0.0875
1 0.16015625 0.38515625 0.1015625 0.23515625
1 0.23984375 0.4015625 0.11640625 0.10390625
1 0.609375 0.8171875 0.0984375 0.21328125
1 0.609375 0.84140625 0.08359375 0.1203125