1 0.9515625 0.725 0.0890625 0.20546875
1 0.94453125 0.55 0.10390625 0.2
1 0.8890625 0.846875 0.2140625 0.29453125
1 0.9640625 0.946875 0.0640625 0.09453125
1 0.8375 0.921875 0.13203125 0.14453125
1 0.8625 0.6 0.10390625 0.178125
1 0.7484375 0.63046875 0.09609375 0.1609375
1 0.60859375 0.5859375 0.21796875 0.371875
1 0.60859375 0.575 0.10390625 0.1390625
1 0.67890625 0.853125 0.2140625 0.28359375
1 0.8140625 0.503125 0.1359375 0.20546875
1 0.74453125 0.371875 0.125 0.1890625
1 0.8484375 0.29140625 0.11796875 0.19453125
1 0.92890625 0.31953125 0.07109375 0.18359375
1 0.975 0.25546875 0.04296875 0.121875
1 0.79296875 0.203125 0.10703125 0.128125
1 0.86640625 0.096875 0.10390625 0.18359375
1 0.9609375 0.096875 0.07109375 0.1609375
1 0.92109375 0.1890625 0.05703125 0.05546875
1 0.64140625 0.221875 0.2609375 0.44375
1 0.7734375 0.03046875 0.1609375 0.0609375
1 0.5765625 0.028125 0.13203125 0.05546875
1 0.5234375 0.09140625 0.075 0.128125
1 0.4640625 0.03359375 0.09296875 0.06640625
1 0.32109375 0.31640625 0.4359375 0.6328125
1 0.31953125 0.8140625 0.28203125 0.3609375
1 0.5234375 0.9140625 0.1390625 0.1609375
1 0.51640625 0.775 0.125 0.18359375
1 0.4640625 0.5859375 0.17109375 0.30546875
1 0.1625 0.70546875 0.0890625 0.13359375
1 0.14609375 0.8390625 0.09296875 0.121875
1 0.05859375 0.89375 0.1171875 0.2
1 0.11796875 0.85859375 0.1640625 0.271875
1 0.19140625 0.546875 0.14609375 0.25
1 0.09609375 0.6359375 0.1359375 0.25
1 0.0234375 0.646875 0.04609375 0.328125
1 0.0609375 0.4359375 0.1140625 0.1609375
1 0.0625 0.28359375 0.0890625 0.178125
1 0.01796875 0.25859375 0.0359375 0.20546875
1 0.09609375 0.10234375 0.1921875 0.2046875