1 0.8421875 0.62890625 0.18671875 0.4234375
1 0.8390625 0.89609375 0.1609375 0.146875
1 0.740625 0.9140625 0.28046875 0.159375
1 0.6078125 0.5765625 0.30625 0.6015625
1 0.86328125 0.4234375 0.1390625 0.184375
1 0.8546875 0.334375 0.01953125 0.04296875
1 0.96484375 0.34375 0.06484375 0.0734375
1 0.96484375 0.46640625 0.06484375 0.159375
1 0.97265625 0.60390625 0.0484375 0.165625
1 0.77265625 0.37109375 0.08671875 0.0921875
1 0.60625 0.19296875 0.1546875 0.14140625
1 0.63203125 0.325 0.2515625 0.20859375
1 0.41484375 0.340625 0.17109375 0.27578125
1 0.2515625 0.47890625 0.27734375 0.30703125
1 0.43671875 0.54609375 0.11328125 0.13515625
1 0.38671875 0.80078125 0.41328125 0.38671875
1 0.17421875 0.95390625 0.096875 0.0796875
1 0.13515625 0.73203125 0.2703125 0.5203125
1 0.66953125 0.0890625 0.16484375 0.0671875
1 0.503125 0.11953125 0.08359375 0.20234375
1 0.65234375 0.0671875 0.2359375 0.134375
1 0.1390625 0.37421875 0.2390625 0.04921875
1 0.090625 0.43828125 0.18046875 0.0796875