1 0.65078125 0.775 0.0828125 0.225
1 0.7234375 0.675 0.1203125 0.1625
1 0.79375 0.665625 0.0765625 0.26875
1 0.74765625 0.53125 0.1046875 0.1875
1 0.96171875 0.934375 0.06953125 0.11875
1 0.89375 0.878125 0.1234375 0.23125
1 0.8171875 0.86875 0.14296875 0.25
1 0.8859375 0.409375 0.0953125 0.54375
1 0.93671875 0.29375 0.1203125 0.225
1 0.93046875 0.34375 0.06953125 0.375
1 0.9796875 0.35625 0.03515625 0.175
1 0.93828125 0.43125 0.05390625 0.375
1 0.9828125 0.453125 0.02890625 0.38125
1 0.76796875 0.190625 0.0765625 0.14375
1 0.66015625 0.13125 0.13984375 0.2625
1 0.73515625 0.296875 0.04140625 0.08125
1 0.5890625 0.428125 0.02890625 0.05625
1 0.6171875 0.3875 0.02890625 0.075
1 0.65390625 0.34375 0.184375 0.35
1 0.50625 0.334375 0.0921875 0.20625
1 0.33046875 0.35625 0.15234375 0.1875
1 0.45546875 0.121875 0.14921875 0.24375
1 0.46796875 0.175 0.14921875 0.325
1 0.3859375 0.115625 0.0796875 0.16875
1 0.27421875 0.053125 0.16796875 0.10625
1 0.2015625 0.115625 0.0984375 0.23125
1 0.12890625 0.084375 0.07265625 0.16875
1 0.04765625 0.196875 0.0890625 0.19375
1 0.15078125 0.353125 0.1046875 0.39375
1 0.13046875 0.35625 0.14609375 0.3125
1 0.07109375 0.334375 0.06015625 0.11875
1 0.0078125 0.2375 0.015625 0.075
1 0.34765625 0.928125 0.13046875 0.13125
1 0.121875 0.75625 0.04140625 0.0875
1 0.15390625 0.85 0.02890625 0.075
1 0.103125 0.834375 0.03515625 0.05625
1 0.0234375 0.959375 0.03515625 0.06875
1 0.05234375 0.975 0.021875 0.0375
1 0.0046875 0.953125 0.009375 0.05625
1 0.0078125 0.828125 0.015625 0.05625
1 0.0234375 0.840625 0.04140625 0.09375
1 0.0109375 0.6125 0.021875 0.05