1 0.384375 0.12890625 0.728125 0.2578125
1 0.20234375 0.30234375 0.371875 0.22734375
1 0.48984375 0.28203125 0.47578125 0.178125
1 0.8140625 0.46796875 0.20390625 0.25234375
1 0.8296875 0.6953125 0.13984375 0.16328125
1 0.31171875 0.7421875 0.1359375 0.16796875
1 0.3796875 0.834375 0.05625 0.07421875
1 0.4078125 0.725 0.09609375 0.14375
1 0.37421875 0.596875 0.13203125 0.1828125
1 0.46171875 0.56953125 0.14765625 0.11875
1 0.4078125 0.453125 0.09609375 0.13359375
1 0.17421875 0.5375 0.171875 0.203125
1 0.121875 0.57890625 0.1078125 0.1484375
1 0.04609375 0.571875 0.06015625 0.09375
1 0.04765625 0.49765625 0.03203125 0.04453125
1 0.16796875 0.7453125 0.16015625 0.10390625
1 0.29375 0.59140625 0.1 0.13359375
1 0.284375 0.64609375 0.128125 0.10390625
1 0.93984375 0.5421875 0.09609375 0.084375
1 0.95234375 0.38359375 0.071875 0.13359375