1 0.91015625 0.909375 0.17421875 0.16875
1 0.96171875 0.68515625 0.0703125 0.3828125
1 0.94609375 0.41875 0.10078125 0.39609375
1 0.875 0.7984375 0.11640625 0.325
1 0.715625 0.77578125 0.25078125 0.421875
1 0.66171875 0.9671875 0.15625 0.0515625
1 0.11953125 0.81484375 0.23828125 0.35703125
1 0.04765625 0.2859375 0.09453125 0.57109375
1 0.09296875 0.31484375 0.15625 0.6296875
1 0.04296875 0.64609375 0.0859375 0.13671875
1 0.128125 0.55859375 0.04921875 0.16875
1 0.19609375 0.578125 0.09140625 0.27265625
1 0.284375 0.80859375 0.09765625 0.30546875
1 0.33515625 0.92890625 0.0765625 0.1296875
1 0.40234375 0.9578125 0.0703125 0.07109375
1 0.26640625 0.9515625 0.04921875 0.084375
1 0.39140625 0.80546875 0.12265625 0.18203125
1 0.415625 0.8765625 0.0609375 0.078125
1 0.4875 0.94453125 0.09453125 0.09765625
1 0.559375 0.94453125 0.04921875 0.09765625
1 0.775 0.35703125 0.23515625 0.5453125
1 0.88203125 0.15546875 0.2296875 0.3109375
1 0.5046875 0.72421875 0.0859375 0.2921875
1 0.55078125 0.77890625 0.09140625 0.27265625
1 0.628125 0.6296875 0.10078125 0.19453125
1 0.69609375 0.5390625 0.09453125 0.19453125
1 0.7921875 0.584375 0.0671875 0.1171875
1 0.5796875 0.4671875 0.10078125 0.2078125
1 0.4859375 0.3796875 0.134375 0.1625
1 0.45078125 0.4640625 0.125 0.175
1 0.41015625 0.58125 0.11640625 0.2140625
1 0.48046875 0.6328125 0.0796875 0.1625
1 0.55625 0.240625 0.10390625 0.2078125
1 0.53515625 0.09453125 0.09140625 0.175
1 0.6359375 0.14921875 0.03671875 0.2078125
1 0.67890625 0.171875 0.0734375 0.253125
1 0.73125 0.090625 0.09375 0.18125
1 0.66328125 0.0421875 0.2140625 0.084375
1 0.35625 0.1203125 0.24765625 0.240625
1 0.37890625 0.3796875 0.09765625 0.27890625
1 0.31640625 0.47109375 0.09453125 0.14921875
1 0.35625 0.6171875 0.09453125 0.22109375
1 0.26796875 0.6265625 0.0828125 0.14921875
1 0.2171875 0.39296875 0.10390625 0.175
1 0.26015625 0.49375 0.04921875 0.1171875
1 0.23125 0.171875 0.09453125 0.253125
1 0.32421875 0.23359375 0.0734375 0.14296875
1 0.31171875 0.34453125 0.04296875 0.078125
1 0.359375 0.17890625 0.04609375 0.084375
1 0.4984375 0.496875 0.996875 0.99375