1 0.98125 0.95546875 0.03046875 0.078125
1 0.94453125 0.87265625 0.10234375 0.09921875
1 0.8609375 0.859375 0.11015625 0.15625
1 0.9125 0.95859375 0.09140625 0.07265625
1 0.825 0.94296875 0.09921875 0.08359375
1 0.771875 0.8515625 0.07578125 0.140625
1 0.703125 0.8984375 0.07578125 0.09921875
1 0.74140625 0.96640625 0.09140625 0.05703125
1 0.6828125 0.97421875 0.05703125 0.04140625
1 0.61015625 0.96328125 0.0875 0.0625
1 0.97734375 0.72421875 0.03828125 0.08359375
1 0.98515625 0.63828125 0.02265625 0.08828125
1 0.98671875 0.54453125 0.01875 0.06796875
1 0.859375 0.46640625 0.09921875 0.11953125
1 0.9296875 0.39609375 0.1328125 0.125
1 0.9640625 0.27890625 0.06484375 0.15078125
1 0.85390625 0.26796875 0.1484375 0.171875
1 0.91640625 0.1640625 0.15234375 0.171875
1 0.771875 0.375 0.14453125 0.16640625
1 0.675 0.30234375 0.11015625 0.14609375
1 0.67265625 0.18984375 0.10625 0.109375
1 0.7796875 0.1953125 0.121875 0.171875
1 0.82734375 0.05703125 0.1484375 0.10390625
1 0.7 0.640625 0.13671875 0.14609375
1 0.68828125 0.515625 0.10625 0.125
1 0.6140625 0.48203125 0.0796875 0.09921875
1 0.5515625 0.4296875 0.09140625 0.109375
1 0.48828125 0.39296875 0.0796875 0.08828125
1 0.46015625 0.46328125 0.09921875 0.125
1 0.525 0.47890625 0.03828125 0.02109375
1 0.534375 0.5390625 0.0796875 0.109375
1 0.60078125 0.53125 0.0609375 0.08359375
1 0.62578125 0.6015625 0.071875 0.09921875
1 0.56484375 0.65078125 0.11796875 0.14609375
1 0.621875 0.72890625 0.0796875 0.10390625
1 0.553125 0.78125 0.12578125 0.14609375
1 0.49609375 0.76328125 0.0796875 0.13046875
1 0.46796875 0.8984375 0.10625 0.109375
1 0.46015625 0.86953125 0.15234375 0.11484375
1 0.39375 0.7734375 0.12578125 0.15078125
1 0.4578125 0.62734375 0.0953125 0.11953125
1 0.490625 0.5625 0.10625 0.07265625
1 0.38203125 0.5625 0.10234375 0.13515625
1 0.3765625 0.46640625 0.07578125 0.08828125
1 0.28359375 0.5625 0.10234375 0.125
1 0.27734375 0.6875 0.08359375 0.11484375
1 0.36875 0.68984375 0.09921875 0.11953125
1 0.33046875 0.765625 0.0609375 0.0625
1 0.25078125 0.64609375 0.0609375 0.07265625
1 0.29453125 0.92734375 0.1328125 0.13515625
1 0.203125 0.828125 0.12578125 0.1875
1 0.12578125 0.78671875 0.09921875 0.14609375
1 0.11796875 0.90390625 0.13671875 0.109375
1 0.14609375 0.9609375 0.17109375 0.06796875
1 0.03046875 0.8984375 0.0609375 0.19296875
1 0.07578125 0.58359375 0.07578125 0.09375
1 0.09296875 0.63515625 0.0421875 0.04140625
1 0.0359375 0.640625 0.071875 0.11484375
1 0.009375 0.69765625 0.01875 0.05234375
1 0.03203125 0.540625 0.0640625 0.09375
1 0.2015625 0.50234375 0.09921875 0.13046875
1 0.27578125 0.42734375 0.0875 0.09375
1 0.34765625 0.36171875 0.11015625 0.09921875
1 0.40078125 0.28359375 0.140625 0.08828125
1 0.35703125 0.234375 0.121875 0.14609375
1 0.34375 0.15078125 0.04921875 0.04140625
1 0.26796875 0.1484375 0.11796875 0.09921875
1 0.26640625 0.2421875 0.09140625 0.08828125
1 0.28359375 0.328125 0.0875 0.09375
1 0.1921875 0.35703125 0.10234375 0.16171875
1 0.10859375 0.265625 0.11796875 0.14609375
1 0.15 0.45859375 0.11796875 0.125
1 0.0953125 0.40078125 0.10625 0.125
1 0.0421875 0.359375 0.053125 0.09375
1 0.55859375 0.18203125 0.09140625 0.07265625
1 0.6484375 0.0703125 0.10234375 0.109375
1 0.74140625 0.0234375 0.08359375 0.046875
1 0.6671875 0.015625 0.0875 0.03125
1 0.60625 0.0390625 0.04921875 0.078125
1 0.55546875 0.09609375 0.09140625 0.08828125
1 0.55546875 0.02890625 0.06875 0.05703125
1 0.4828125 0.0234375 0.07578125 0.046875
1 0.47109375 0.09921875 0.08359375 0.09375
1 0.5 0.14609375 0.05703125 0.0625
1 0.40859375 0.08046875 0.04921875 0.05703125
1 0.42421875 0.02890625 0.06484375 0.05703125
1 0.36328125 0.03125 0.05703125 0.0625
1 0.17890625 0.0390625 0.07578125 0.05703125
1 0.0984375 0.03359375 0.1 0.0671875
1 0.13515625 0.0859375 0.0953125 0.078125
1 0.0625 0.140625 0.06484375 0.04140625
1 0.04921875 0.07578125 0.0609375 0.08828125
1 0.025 0.02109375 0.04921875 0.04140625
1 0.0171875 0.09609375 0.034375 0.09921875
1 0.025 0.18203125 0.04921875 0.0625