1 0.890625 0.58125 0.20859375 0.140625
1 0.9515625 0.440625 0.0859375 0.140625
1 0.759375 0.309375 0.40625 0.2703125
1 0.96796875 0.22578125 0.053125 0.15546875
1 0.8875 0.228125 0.2140625 0.2484375
1 0.8234375 0.10703125 0.31015625 0.178125
1 0.51875 0.15703125 0.38515625 0.29296875
1 0.40859375 0.071875 0.7015625 0.14375
1 0.1765625 0.2015625 0.353125 0.2703125
1 0.29921875 0.33671875 0.46015625 0.2890625
1 0.48359375 0.53671875 0.34765625 0.259375
1 0.71640625 0.54453125 0.1390625 0.1484375
1 0.80234375 0.4703125 0.203125 0.08125
1 0.29140625 0.4890625 0.14453125 0.13359375
1 0.11796875 0.47578125 0.23515625 0.38125
1 0.23515625 0.721875 0.4703125 0.2296875
1 0.034375 0.8609375 0.0484375 0.040625
1 0.32890625 0.78359375 0.0484375 0.02578125
1 0.45703125 0.771875 0.0484375 0.02578125
1 0.48125 0.67421875 0.04296875 0.0296875
1 0.60390625 0.69296875 0.04296875 0.021875
1 0.740625 0.76875 0.0375 0.040625
1 0.64453125 0.77421875 0.0484375 0.03671875
1 0.684375 0.84296875 0.03203125 0.02578125
1 0.76484375 0.8515625 0.04296875 0.021875
1 0.9515625 0.90703125 0.04296875 0.0296875
1 0.62265625 0.8109375 0.0484375 0.0296875
1 0.60390625 0.77421875 0.04296875 0.0296875
1 0.5453125 0.77421875 0.03203125 0.021875
1 0.5484375 0.79296875 0.0375 0.01484375