1 0.88515625 0.65625 0.22109375 0.30234375
1 0.6296875 0.77109375 0.28984375 0.25
1 0.7328125 0.71328125 0.1453125 0.1875
1 0.70625 0.48203125 0.22109375 0.30703125
1 0.88515625 0.42734375 0.16015625 0.17734375
1 0.88203125 0.1796875 0.22109375 0.33828125
1 0.73125 0.265625 0.25546875 0.28125
1 0.75078125 0.05703125 0.1984375 0.1140625
1 0.525 0.1015625 0.26328125 0.203125
1 0.46953125 0.32265625 0.2671875 0.32265625
1 0.5421875 0.56484375 0.22890625 0.296875
1 0.3109375 0.61171875 0.29375 0.359375
1 0.3359375 0.83359375 0.2828125 0.13515625
1 0.12421875 0.68984375 0.20234375 0.34921875
1 0.05546875 0.46875 0.1109375 0.29140625
1 0.11796875 0.18984375 0.2359375 0.3796875
1 0.3125 0.12734375 0.159375 0.2546875