1 0.66328125 0.51796875 0.3578125 0.21171875
1 0.6328125 0.62890625 0.4734375 0.29921875
1 0.8515625 0.615625 0.10390625 0.11875
1 0.809375 0.765625 0.20390625 0.20078125
1 0.65546875 0.79375 0.28828125 0.309375
1 0.51328125 0.25 0.11953125 0.1703125
1 0.8671875 0.5671875 0.2578125 0.2375
1 0.44453125 0.1984375 0.10390625 0.190625
1 0.36171875 0.21171875 0.14609375 0.14453125
1 0.30390625 0.28828125 0.1765625 0.20625
1 0.4234375 0.365625 0.1078125 0.1859375
1 0.35 0.49765625 0.14609375 0.21171875
1 0.27109375 0.4046875 0.08828125 0.10859375
1 0.21171875 0.353125 0.1078125 0.18046875
1 0.134375 0.4171875 0.26875 0.20625