1 0.93828125 0.19296875 0.1171875 0.3859375
1 0.92734375 0.5125 0.1390625 0.38671875
1 0.92265625 0.840625 0.103125 0.2703125
1 0.98046875 0.85 0.03203125 0.27578125
1 0.8515625 0.70546875 0.11640625 0.184375
1 0.88359375 0.47890625 0.090625 0.28203125
1 0.7953125 0.4359375 0.22265625 0.6625
1 0.82734375 0.0765625 0.08046875 0.153125
1 0.87890625 0.88359375 0.17734375 0.22109375
1 0.77265625 0.87734375 0.1390625 0.2328125
1 0.6515625 0.60703125 0.13515625 0.5765625
1 0.6421875 0.44140625 0.103125 0.34375
1 0.63671875 0.78828125 0.11328125 0.4109375
1 0.68203125 0.95390625 0.03515625 0.0796875
1 0.71328125 0.2609375 0.090625 0.30078125
1 0.67109375 0.0671875 0.2453125 0.134375
1 0.6515625 0.0828125 0.1421875 0.165625
1 0.6515625 0.2484375 0.13515625 0.30078125
1 0.503125 0.5125 0.17421875 0.96328125
1 0.42890625 0.5734375 0.0515625 0.325
1 0.3921875 0.38671875 0.190625 0.515625
1 0.38359375 0.178125 0.26484375 0.35546875
1 0.29375 0.45703125 0.1484375 0.9140625
1 0.37265625 0.79453125 0.1 0.3984375
1 0.2515625 0.8984375 0.13515625 0.18984375
1 0.13203125 0.87109375 0.17421875 0.2453125
1 0.2015625 0.38046875 0.11953125 0.7609375
1 0.17890625 0.2578125 0.21640625 0.515625
1 0.16796875 0.0734375 0.0515625 0.146875
1 0.13203125 0.77890625 0.06484375 0.19609375
1 0.07265625 0.7421875 0.1453125 0.503125
1 0.07265625 0.34375 0.1453125 0.5765625
1 0.12265625 0.334375 0.11640625 0.35
1 0.078125 0.02734375 0.09375 0.0546875
1 0.040625 0.2453125 0.08046875 0.490625
1 0.02109375 0.7703125 0.0421875 0.28828125