1 0.72421875 0.4375 0.26640625 0.484375
1 0.7640625 0.421875 0.12421875 0.2578125
1 0.321875 0.615625 0.0578125 0.03984375
1 0.3734375 0.6 0.04453125 0.0359375
1 0.42421875 0.59765625 0.04921875 0.03984375
1 0.484375 0.5890625 0.053125 0.04921875
1 0.53984375 0.58203125 0.0578125 0.04453125
1 0.59140625 0.57578125 0.053125 0.04921875
1 0.56015625 0.68203125 0.053125 0.04921875
1 0.6109375 0.70234375 0.03984375 0.053125
1 0.646875 0.7 0.021875 0.021875
1 0.55546875 0.74453125 0.04453125 0.03125
1 0.4796875 0.69296875 0.04453125 0.0359375
1 0.43359375 0.7046875 0.021875 0.03984375
1 0.446875 0.584375 0.421875 0.12890625
1 0.4046875 0.5203125 0.47109375 0.15078125
1 0.59765625 0.45546875 0.1109375 0.084375
1 0.43984375 0.44453125 0.5953125 0.4
1 0.33984375 0.45078125 0.35078125 0.2890625
1 0.51796875 0.284375 0.49296875 0.13359375
1 0.25546875 0.378125 0.24453125 0.0625
1 0.18203125 0.50234375 0.1421875 0.13359375