1 0.7203125 0.43984375 0.2109375 0.32265625
1 0.765625 0.51328125 0.3234375 0.73203125
1 0.5671875 0.6640625 0.20390625 0.33359375
1 0.49609375 0.8828125 0.18515625 0.22421875
1 0.3765625 0.7375 0.178125 0.240625
1 0.37109375 0.5296875 0.18203125 0.284375
1 0.52734375 0.4015625 0.18203125 0.31171875
1 0.65625 0.1609375 0.178125 0.321875
1 0.21796875 0.57109375 0.17421875 0.26796875
1 0.25234375 0.34140625 0.10546875 0.21328125
1 0.33125 0.325 0.0796875 0.14765625
1 0.38515625 0.36640625 0.021875 0.04375
1 0.45078125 0.34140625 0.09453125 0.18046875
1 0.3890625 0.26796875 0.1015625 0.153125
1 0.5234375 0.21015625 0.109375 0.09296875
1 0.6015625 0.0953125 0.06875 0.14765625
1 0.52890625 0.08984375 0.08359375 0.14765625
1 0.46875 0.1203125 0.0875 0.1640625
1 0.48515625 0.021875 0.0984375 0.04375
1 0.57265625 0.01640625 0.0765625 0.0328125
1 0.40703125 0.19140625 0.09453125 0.0984375
1 0.3765625 0.08984375 0.0984375 0.14765625
1 0.3765625 0.01328125 0.1125 0.0265625
1 0.27109375 0.06796875 0.10546875 0.12578125
1 0.3015625 0.20234375 0.1015625 0.1421875
1 0.26328125 0.27578125 0.0765625 0.09296875
1 0.22578125 0.15546875 0.0875 0.15859375
1 0.165625 0.28125 0.0765625 0.14765625
1 0.1203125 0.39609375 0.07265625 0.11484375