1 0.2203125 0.4875 0.1078125 0.0671875
1 0.14453125 0.50546875 0.05 0.0203125
1 0.140625 0.54609375 0.0578125 0.06171875
1 0.22421875 0.55703125 0.07734375 0.0515625
1 0.2140625 0.50234375 0.08125 0.05703125
1 0.11953125 0.5828125 0.07734375 0.0828125
1 0.08671875 0.528125 0.05 0.0671875
1 0.0671875 0.5828125 0.05 0.06171875
1 0.03671875 0.60546875 0.05 0.04609375
1 0.0484375 0.5359375 0.096875 0.14453125
1 0.00546875 0.4890625 0.0109375 0.03125
1 0.03828125 0.62890625 0.04609375 0.03125
1 0.06015625 0.66484375 0.065625 0.0515625
1 0.01171875 0.64140625 0.0234375 0.04609375
1 0.015625 0.678125 0.03125 0.05703125
1 0.025 0.81953125 0.05 0.09296875
1 0.1140625 0.8296875 0.15859375 0.175
1 0.24921875 0.825 0.14296875 0.1546875
1 0.278125 0.83984375 0.115625 0.14453125
1 0.38046875 0.86875 0.12734375 0.14921875
1 0.46875 0.8453125 0.11953125 0.14453125
1 0.3765625 0.76796875 0.0890625 0.06171875
1 0.36875 0.70625 0.11953125 0.0828125
1 0.20859375 0.64921875 0.1078125 0.134375
1 0.11171875 0.71640625 0.08515625 0.0828125
1 0.20234375 0.71875 0.0890625 0.07734375
1 0.30703125 0.6390625 0.096875 0.071875
1 0.30859375 0.678125 0.06953125 0.07734375
1 0.2625 0.71171875 0.06953125 0.0515625
1 0.33984375 0.57734375 0.06171875 0.071875
1 0.39765625 0.5875 0.06171875 0.09296875
1 0.44375 0.5875 0.03828125 0.06171875
1 0.49453125 0.603125 0.06171875 0.0828125
1 0.5328125 0.64140625 0.05390625 0.0671875
1 0.475 0.6265625 0.04609375 0.05703125
1 0.46171875 0.65703125 0.0890625 0.07734375
1 0.3859375 0.64453125 0.04609375 0.071875
1 0.45 0.70078125 0.0734375 0.0515625
1 0.44765625 0.73203125 0.03125 0.04140625
1 0.484375 0.71875 0.0421875 0.04609375
1 0.52890625 0.80390625 0.09296875 0.1234375
1 0.56015625 0.7703125 0.05390625 0.0359375
1 0.59453125 0.77578125 0.0234375 0.0359375
1 0.6140625 0.74453125 0.03828125 0.0671875
1 0.64453125 0.7375 0.06171875 0.071875
1 0.6296875 0.80390625 0.03828125 0.103125
1 0.7203125 0.81171875 0.14296875 0.11875
1 0.590625 0.94609375 0.1234375 0.09765625
1 0.73203125 0.93046875 0.15078125 0.11875
1 0.7859375 0.971875 0.16640625 0.04609375
1 0.89375 0.96171875 0.0734375 0.0671875
1 0.959375 0.93828125 0.0734375 0.09296875
1 0.97890625 0.98203125 0.034375 0.02578125
1 0.78203125 0.90703125 0.1890625 0.0828125
1 0.79765625 0.853125 0.1890625 0.0671875
1 0.90703125 0.896875 0.06953125 0.071875
1 0.884375 0.81953125 0.22421875 0.103125
1 0.9171875 0.77578125 0.14296875 0.0671875
1 0.975 0.8890625 0.0421875 0.04609375
1 0.6 0.5953125 0.065625 0.07734375
1 0.6546875 0.63125 0.065625 0.05703125
1 0.66640625 0.58984375 0.065625 0.05703125
1 0.6 0.6703125 0.065625 0.0828125
1 0.53828125 0.6859375 0.0578125 0.06171875
1 0.64296875 0.68046875 0.0421875 0.06171875
1 0.67734375 0.7265625 0.0578125 0.06171875
1 0.69140625 0.6703125 0.03828125 0.06171875
1 0.7140625 0.6984375 0.03125 0.0875
1 0.74140625 0.6671875 0.05390625 0.0671875
1 0.7390625 0.75234375 0.05 0.071875
1 0.78984375 0.7375 0.065625 0.071875
1 0.77578125 0.56171875 0.1390625 0.03125
1 0.79375 0.571875 0.14296875 0.03125
1 0.7859375 0.6109375 0.15859375 0.04609375
1 0.81484375 0.58984375 0.03828125 0.02578125
1 0.85546875 0.59765625 0.05 0.03125
1 0.884375 0.60546875 0.0234375 0.0359375
1 0.94765625 0.5671875 0.096875 0.1546875
1 0.965625 0.65703125 0.06171875 0.07734375
1 0.92109375 0.6859375 0.13515625 0.0828125
1 0.57109375 0.53125 0.246875 0.175
1 0.2953125 0.4640625 0.034375 0.071875