1 0.68203125 0.7921875 0.21484375 0.4046875
1 0.90546875 0.78984375 0.18203125 0.41015625
1 0.80390625 0.959375 0.15234375 0.07109375
1 0.4234375 0.871875 0.19296875 0.24609375
1 0.5671875 0.95078125 0.1453125 0.0875
1 0.4671875 0.5 0.2578125 0.44296875
1 0.790625 0.45078125 0.265625 0.37734375
1 0.8796875 0.1640625 0.2328125 0.328125
1 0.95078125 0.4375 0.090625 0.3609375
1 0.2890625 0.7625 0.25078125 0.33359375
1 0.09296875 0.8796875 0.18515625 0.2296875
1 0.11640625 0.60078125 0.2328125 0.3390625
1 0.2421875 0.3828125 0.3015625 0.3390625
1 0.10703125 0.196875 0.20703125 0.371875
1 0.2953125 0.1390625 0.25 0.278125
1 0.56171875 0.16953125 0.24375 0.3390625
1 0.7203125 0.03828125 0.20390625 0.0765625
1 0.71796875 0.2078125 0.1421875 0.240625
1 0.065625 0.415625 0.13125 0.1203125