1 0.0546875 0.35625 0.109375 0.2375
1 0.0296875 0.22890625 0.059375 0.0890625
1 0.01171875 0.45234375 0.0234375 0.1546875
1 0.075 0.47890625 0.08359375 0.13671875
1 0.55859375 0.11015625 0.14296875 0.2203125
1 0.68515625 0.13984375 0.11015625 0.11328125
1 0.8015625 0.2109375 0.11640625 0.2203125
1 0.7515625 0.30078125 0.1234375 0.184375
1 0.8265625 0.38125 0.06640625 0.14296875
1 0.73671875 0.41640625 0.09296875 0.08359375
1 0.7984375 0.41640625 0.04296875 0.04765625
1 0.6453125 0.38359375 0.11015625 0.13671875
1 0.66171875 0.2765625 0.08359375 0.11328125
1 0.58828125 0.23203125 0.13671875 0.2140625
1 0.5734375 0.3390625 0.06015625 0.11875
1 0.5 0.32421875 0.1 0.11328125
1 0.5265625 0.4140625 0.146875 0.125
1 0.425 0.43125 0.05703125 0.0890625
1 0.4203125 0.35390625 0.10703125 0.19609375
1 0.43203125 0.25625 0.103125 0.07109375
1 0.4453125 0.184375 0.08984375 0.14296875
1 0.36171875 0.2265625 0.08359375 0.11875
1 0.3234375 0.3484375 0.09296875 0.1609375
1 0.31171875 0.24140625 0.04296875 0.07734375
1 0.2765625 0.2890625 0.03984375 0.0296875
1 0.2546875 0.33359375 0.04296875 0.059375
1 0.23984375 0.39609375 0.0265625 0.065625
1 0.26640625 0.4078125 0.03984375 0.065625
1 0.16796875 0.38125 0.0703125 0.07109375
1 0.21796875 0.4015625 0.03671875 0.065625
1 0.11640625 0.375 0.0203125 0.059375
1 0.1515625 0.42265625 0.06328125 0.07109375
1 0.8296875 0.91953125 0.06015625 0.1484375
1 0.81640625 0.81875 0.08671875 0.29140625
1 0.81328125 0.5890625 0.09296875 0.2734375
1 0.671875 0.85390625 0.196875 0.2796875
1 0.7546875 0.7109375 0.08359375 0.13671875
1 0.7515625 0.57734375 0.103125 0.23828125
1 0.63984375 0.58046875 0.16640625 0.25625
1 0.646875 0.74375 0.146875 0.16640625
1 0.6765625 0.47890625 0.0796875 0.07734375
1 0.79140625 0.4765625 0.06328125 0.059375
1 0.53515625 0.559375 0.11640625 0.2140625
1 0.5203125 0.80078125 0.13359375 0.29140625
1 0.5265625 0.9640625 0.13359375 0.059375
1 0.428125 0.93125 0.11640625 0.125
1 0.43359375 0.7796875 0.10703125 0.23828125
1 0.446875 0.56875 0.1203125 0.25625
1 0.3453125 0.55078125 0.08984375 0.20859375
1 0.38203125 0.69609375 0.06328125 0.08359375
1 0.296875 0.76484375 0.16640625 0.2796875
1 0.2796875 0.92265625 0.1734375 0.14296875
1 0.18359375 0.9109375 0.09296875 0.16640625
1 0.2 0.73203125 0.09296875 0.2140625
1 0.0984375 0.9015625 0.11015625 0.184375
1 0.03203125 0.92578125 0.03671875 0.13671875
1 0.13828125 0.75859375 0.06328125 0.184375
1 0.246875 0.5984375 0.1203125 0.0890625
1 0.2984375 0.496875 0.13671875 0.125
1 0.1515625 0.63125 0.06328125 0.10703125
1 0.21015625 0.496875 0.11328125 0.1484375
1 0.121875 0.50859375 0.0703125 0.125
1 0.0546875 0.6640625 0.109375 0.24375
1 0.071875 0.73515625 0.1234375 0.24375
1 0.0203125 0.88984375 0.03984375 0.20859375