1 0.37421875 0.7546875 0.47421875 0.4796875
1 0.65703125 0.64375 0.1453125 0.18671875
1 0.7703125 0.42421875 0.2234375 0.31328125
1 0.8859375 0.565625 0.0859375 0.29296875
1 0.93515625 0.58046875 0.121875 0.3234375
1 0.91953125 0.828125 0.1453125 0.16171875
1 0.9296875 0.91953125 0.10234375 0.1515625
1 0.79765625 0.9015625 0.1375 0.18671875
1 0.69609375 0.85390625 0.2 0.2828125
1 0.6234375 0.96484375 0.078125 0.05078125
1 0.78046875 0.7171875 0.18046875 0.171875
1 0.48828125 0.39375 0.42734375 0.5859375
1 0.66484375 0.221875 0.153125 0.12109375
1 0.55703125 0.15390625 0.16484375 0.15625
1 0.921875 0.0453125 0.078125 0.0609375
1 0.55703125 0.028125 0.18046875 0.05546875
1 0.3390625 0.2296875 0.246875 0.459375
1 0.15078125 0.64375 0.1921875 0.46953125
1 0.1 0.225 0.2 0.2375
1 0.046875 0.3609375 0.09375 0.2375
1 0.13515625 0.3890625 0.07421875 0.07109375