1 0.7609375 0.63359375 0.115625 0.1859375
1 0.77734375 0.50546875 0.06171875 0.12578125
1 0.69921875 0.38828125 0.10859375 0.1203125
1 0.67734375 0.50234375 0.1453125 0.2296875
1 0.6375 0.696875 0.1375 0.19140625
1 0.5453125 0.5546875 0.1265625 0.21328125
1 0.6046875 0.459375 0.05078125 0.0546875
1 0.5890625 0.3359375 0.1125 0.19140625
1 0.6375 0.30078125 0.0578125 0.109375
1 0.51640625 0.21015625 0.134375 0.22421875
1 0.37109375 0.2703125 0.15546875 0.21328125
1 0.46953125 0.4125 0.134375 0.18046875
1 0.42421875 0.58203125 0.10859375 0.19140625
1 0.48359375 0.73515625 0.1265625 0.22421875
1 0.3390625 0.67734375 0.134375 0.2078125
1 0.35859375 0.48125 0.08671875 0.196875
1 0.25703125 0.4125 0.159375 0.21328125
1 0.284375 0.59296875 0.06875 0.12578125