1 0.88125 0.88046875 0.23046875 0.228125
1 0.759375 0.865625 0.19921875 0.25859375
1 0.703125 0.82265625 0.171875 0.21328125
1 0.8125 0.59375 0.171875 0.29453125
1 0.90625 0.61171875 0.1796875 0.33984375
1 0.928125 0.3046875 0.13671875 0.3046875
1 0.97265625 0.134375 0.046875 0.0453125
1 0.953125 0.05859375 0.046875 0.10625
1 0.9859375 0.06328125 0.01953125 0.11640625
1 0.9640625 0.0046875 0.0625 0.009375
1 0.8109375 0.39375 0.12109375 0.1671875
1 0.65625 0.6671875 0.15625 0.11640625
1 0.521875 0.5734375 0.23828125 0.27421875
1 0.6703125 0.4671875 0.19140625 0.27421875
1 0.74609375 0.3703125 0.046875 0.03046875
1 0.546875 0.41640625 0.1015625 0.07109375
1 0.4859375 0.75625 0.18359375 0.1015625
1 0.4046875 0.74609375 0.08984375 0.13203125
1 0.1328125 0.86796875 0.0859375 0.121875
1 0.203125 0.94140625 0.1015625 0.10625
1 0.10546875 0.94921875 0.109375 0.09140625
1 0.0328125 0.8328125 0.065625 0.08125
1 0.0328125 0.76171875 0.065625 0.1015625
1 0.0875 0.7921875 0.04296875 0.08125
1 0.3125 0.67734375 0.1328125 0.11640625
1 0.40234375 0.64453125 0.0546875 0.0609375
1 0.35546875 0.528125 0.140625 0.1828125
1 0.40625 0.40859375 0.125 0.146875
1 0.44921875 0.38046875 0.1171875 0.1421875
1 0.584375 0.3328125 0.12109375 0.1265625
1 0.3140625 0.42109375 0.09765625 0.13203125
1 0.25 0.540625 0.0625 0.11640625
1 0.30078125 0.5328125 0.09375 0.1625
1 0.2515625 0.6546875 0.08984375 0.09140625
1 0.2109375 0.65234375 0.046875 0.05546875
1 0.4078125 0.325 0.08203125 0.0609375
1 0.5140625 0.3859375 0.01953125 0.0203125
1 0.31640625 0.34296875 0.1015625 0.05546875
1 0.2171875 0.40390625 0.10546875 0.11640625
1 0.19921875 0.525 0.1328125 0.1265625
1 0.16015625 0.60625 0.1015625 0.03515625
1 0.7515625 0.2109375 0.05859375 0.0859375
1 0.7984375 0.21796875 0.05078125 0.1015625
1 0.83203125 0.18046875 0.0703125 0.10625
1 0.8671875 0.06328125 0.0703125 0.10625
1 0.8921875 0.0078125 0.03515625 0.01484375
1 0.8265625 0.02265625 0.08984375 0.0453125
1 0.7828125 0.10625 0.09765625 0.121875
1 0.73046875 0.03828125 0.1015625 0.07578125
1 0.725 0.121875 0.04296875 0.1015625
1 0.1234375 0.47734375 0.10546875 0.09140625
1 0.08203125 0.471875 0.09375 0.121875
1 0.046875 0.57109375 0.046875 0.05546875
1 0.1 0.56328125 0.08203125 0.0609375
1 0.1640625 0.34765625 0.125 0.11640625
1 0.134375 0.284375 0.07421875 0.05078125
1 0.07421875 0.3578125 0.078125 0.10625
1 0.040625 0.4609375 0.08125 0.1125
1 0.025 0.55 0.05 0.05625
1 0.0171875 0.375 0.034375 0.071875
1 0.4375 0.21796875 0.09375 0.121875
1 0.64453125 0.21796875 0.0859375 0.121875
1 0.5796875 0.13203125 0.13671875 0.15234375
1 0.671875 0.0859375 0.0625 0.1015625
1 0.61875 0.028125 0.11328125 0.05546875
1 0.509375 0.03828125 0.10546875 0.07578125
1 0.4703125 0.11953125 0.09765625 0.10625
1 0.44140625 0.22109375 0.09375 0.1265625
1 0.4921875 0.26875 0.0390625 0.0609375
1 0.5140625 0.17734375 0.03515625 0.0609375
1 0.3421875 0.20546875 0.07421875 0.065625
1 0.36875 0.26875 0.03515625 0.09140625
1 0.3296875 0.2921875 0.06640625 0.05546875
1 0.3671875 0.134375 0.09375 0.0859375
1 0.40234375 0.03828125 0.0859375 0.07578125
1 0.23828125 0.309375 0.046875 0.07109375
1 0.2828125 0.2921875 0.03515625 0.05546875
1 0.25390625 0.24140625 0.0546875 0.065625
1 0.19921875 0.2484375 0.0546875 0.08125
1 0.21875 0.1828125 0.0625 0.0609375
1 0.27734375 0.15 0.0703125 0.07578125
1 0.2890625 0.09375 0.0390625 0.05546875
1 0.3375 0.06875 0.05078125 0.065625
1 0.23046875 0.109375 0.046875 0.07578125