1 0.16328125 0.62265625 0.2546875 0.4484375
1 0.3890625 0.671875 0.290625 0.4703125
1 0.59453125 0.72421875 0.2875 0.51875
1 0.86171875 0.6640625 0.26875 0.48671875
1 0.8125 0.2078125 0.22890625 0.240625
1 0.74765625 0.40703125 0.33125 0.39921875
1 0.91015625 0.15546875 0.1703125 0.3109375
1 0.42734375 0.2625 0.3671875 0.4484375
1 0.1109375 0.4234375 0.221875 0.33359375
1 0.23984375 0.24296875 0.11640625 0.27890625
1 0.13125 0.175 0.17421875 0.196875
1 0.02578125 0.215625 0.05078125 0.11484375
1 0.11796875 0.065625 0.19296875 0.13125
1 0.284375 0.05703125 0.2375 0.1140625
1 0.60390625 0.109375 0.37109375 0.21875
1 0.83203125 0.04609375 0.1171875 0.0921875