1 0.08984375 0.11640625 0.1796875 0.2328125
1 0.265625 0.1140625 0.23984375 0.22734375
1 0.44921875 0.11640625 0.23203125 0.2328125
1 0.65078125 0.11875 0.2390625 0.2375
1 0.81484375 0.1109375 0.16875 0.221875
1 0.93046875 0.11640625 0.13125 0.2328125
1 0.36484375 0.43125 0.09375 0.06875
1 0.4625 0.48671875 0.11640625 0.11640625
1 0.36171875 0.4921875 0.09375 0.084375
1 0.32734375 0.50546875 0.11640625 0.121875
1 0.45703125 0.5875 0.1046875 0.12734375
1 0.225 0.65859375 0.08203125 0.06875
1 0.1890625 0.69609375 0.14609375 0.0578125
1 0.309375 0.67421875 0.07890625 0.0578125
1 0.35 0.6828125 0.06328125 0.0953125
1 0.3109375 0.62421875 0.075 0.0953125
1 0.55234375 0.75390625 0.07890625 0.0796875
1 0.71328125 0.87578125 0.05625 0.06875
1 0.78671875 0.90703125 0.075 0.04765625
1 0.7 0.9125 0.08203125 0.03671875
1 0.471875 0.90234375 0.06015625 0.0578125
1 0.3390625 0.87578125 0.1984375 0.10078125
1 0.38984375 0.90703125 0.08984375 0.03671875
1 0.4640625 0.82578125 0.08984375 0.11640625
1 0.54140625 0.740625 0.10078125 0.10546875
1 0.59765625 0.73515625 0.05625 0.10546875
1 0.59765625 0.6984375 0.09375 0.12734375
1 0.64609375 0.6828125 0.11640625 0.053125
1 0.47578125 0.690625 0.0453125 0.10078125
1 0.4328125 0.69296875 0.04140625 0.11640625
1 0.3953125 0.6796875 0.0484375 0.10078125
1 0.40625 0.7671875 0.0859375 0.084375
1 0.35234375 0.828125 0.1125 0.0578125
1 0.3125 0.78828125 0.07109375 0.07421875
1 0.35546875 0.76171875 0.0671875 0.07421875
1 0.17578125 0.74375 0.06015625 0.0265625
1 0.225 0.75390625 0.075 0.0578125
1 0.25859375 0.790625 0.075 0.06875
1 0.2 0.82578125 0.09375 0.10546875
1 0.24375 0.8890625 0.17265625 0.0953125
1 0.13828125 0.91796875 0.19453125 0.03671875
1 0.0578125 0.871875 0.115625 0.10625
1 0.08203125 0.83046875 0.09765625 0.06328125
1 0.14609375 0.79921875 0.08984375 0.11640625
1 0.46796875 0.11328125 0.9359375 0.2265625