1 0.40546875 0.77578125 0.1421875 0.2078125
1 0.4421875 0.9046875 0.1125 0.15859375
1 0.2671875 0.890625 0.14921875 0.2078125
1 0.28359375 0.6609375 0.16015625 0.240625
1 0.85078125 0.28125 0.0875 0.12578125
1 0.7875 0.21328125 0.06875 0.0765625
1 0.75234375 0.26484375 0.09453125 0.12578125
1 0.634375 0.21015625 0.1203125 0.13671875
1 0.57109375 0.2515625 0.09453125 0.1203125
1 0.4578125 0.20234375 0.11640625 0.1640625
1 0.4203125 0.2703125 0.12734375 0.09296875
1 0.37265625 0.2046875 0.0765625 0.08203125
1 0.28359375 0.21015625 0.1015625 0.09296875
1 0.26328125 0.1828125 0.1125 0.10390625
1 0.76875 0.0984375 0.0546875 0.065625
1 0.7328125 0.0625 0.03984375 0.06015625
1 0.7109375 0.0765625 0.03984375 0.0328125
1 0.71484375 0.1171875 0.0546875 0.03828125
1 0.68203125 0.08984375 0.03984375 0.07109375
1 0.6203125 0.08203125 0.0328125 0.0546875
1 0.6 0.08984375 0.04375 0.06015625
1 0.58203125 0.04921875 0.02890625 0.021875
1 0.565625 0.08984375 0.02578125 0.03828125
1 0.565625 0.12578125 0.02578125 0.0328125
1 0.534375 0.14453125 0.05078125 0.08203125
1 0.5671875 0.16953125 0.01484375 0.04375
1 0.5328125 0.0875 0.02578125 0.0328125
1 0.5 0.07890625 0.0328125 0.03828125
1 0.49453125 0.109375 0.021875 0.021875
1 0.46015625 0.09296875 0.03984375 0.0328125
1 0.3578125 0.14765625 0.0546875 0.04375
1 0.39296875 0.13671875 0.01484375 0.0328125
1 0.365625 0.0875 0.03984375 0.0328125
1 0.4109375 0.084375 0.03671875 0.04921875
1 0.421875 0.10078125 0.03671875 0.02734375
1 0.465625 0.0625 0.03671875 0.02734375
1 0.37265625 0.06015625 0.03984375 0.021875
1 0.32734375 0.06796875 0.03671875 0.02734375
1 0.32578125 0.0984375 0.04765625 0.0328125
1 0.29453125 0.11171875 0.065625 0.02734375
1 0.27109375 0.0625 0.06171875 0.06015625
1 0.25234375 0.10078125 0.06875 0.04921875
1 0.19609375 0.13359375 0.04375 0.03828125
1 0.14765625 0.12578125 0.0546875 0.0546875
1 0.1984375 0.0984375 0.03984375 0.04375
1 0.21484375 0.07109375 0.02890625 0.0328125
1 0.8671875 0.1171875 0.04765625 0.06015625
1 0.8765625 0.14453125 0.02890625 0.02734375
1 0.8328125 0.13671875 0.021875 0.021875
1 0.9234375 0.11171875 0.065625 0.07109375
1 0.90546875 0.04921875 0.0578125 0.0546875
1 0.8578125 0.06796875 0.03671875 0.02734375
1 0.85234375 0.03828125 0.04765625 0.0546875
1 0.7984375 0.0515625 0.02578125 0.02734375
1 0.765625 0.04921875 0.02578125 0.0328125
1 0.67421875 0.04609375 0.0328125 0.04921875
1 0.6421875 0.04921875 0.0546875 0.0546875
1 0.5671875 0.02734375 0.04375 0.0546875
1 0.534375 0.0515625 0.03671875 0.02734375
1 0.5328125 0.021875 0.02578125 0.021875
1 0.5 0.04609375 0.02578125 0.03828125
1 0.4625 0.02421875 0.040625 0.0484375
1 0.4328125 0.03515625 0.02890625 0.04921875
1 0.3984375 0.03828125 0.0328125 0.04375
1 0.0109375 0.2515625 0.021875 0.109375
1 0.03828125 0.23515625 0.06875 0.04375
1 0.02890625 0.4125 0.0578125 0.18046875
1 0.078125 0.42109375 0.12734375 0.1640625
1 0.11640625 0.43203125 0.1234375 0.1421875
1 0.190625 0.31171875 0.17109375 0.109375
1 0.35625 0.31171875 0.22578125 0.0984375
1 0.209375 0.478125 0.19296875 0.22421875
1 0.33671875 0.478125 0.14921875 0.13671875
1 0.46875 0.565625 0.24765625 0.21328125
1 0.5015625 0.6203125 0.1671875 0.08203125
1 0.7328125 0.62265625 0.3671875 0.3390625
1 0.78203125 0.415625 0.30546875 0.196875
1 0.390625 0.37734375 0.15625 0.065625
1 0.5578125 0.37421875 0.23671875 0.18046875