1 0.165625 0.2953125 0.18515625 0.3609375
1 0.28359375 0.45625 0.11640625 0.19140625
1 0.25234375 0.33359375 0.06171875 0.0984375
1 0.21484375 0.2265625 0.0578125 0.11484375
1 0.12109375 0.0625 0.1265625 0.125
1 0.0546875 0.2046875 0.109375 0.23515625
1 0.01640625 0.12265625 0.0328125 0.13671875
1 0.03046875 0.0515625 0.0609375 0.103125
1 0.021875 0.3828125 0.04375 0.1203125
1 0.05625 0.45078125 0.1125 0.24609375
1 0.02734375 0.584375 0.0546875 0.0765625
1 0.0328125 0.71328125 0.065625 0.16953125
1 0.13828125 0.6203125 0.16015625 0.18046875
1 0.11796875 0.51640625 0.14921875 0.23515625
1 0.234375 0.78125 0.23671875 0.153125
1 0.41640625 0.77578125 0.16328125 0.240625
1 0.2984375 0.915625 0.26875 0.15859375
1 0.45234375 0.521875 0.12734375 0.15859375
1 0.48203125 0.328125 0.22890625 0.196875
1 0.46328125 0.14453125 0.15625 0.19140625
1 0.3421875 0.171875 0.1671875 0.25703125
1 0.63359375 0.10625 0.3390625 0.2125
1 0.76875 0.19921875 0.22890625 0.30078125
1 0.76171875 0.30625 0.265625 0.2296875
1 0.93125 0.26484375 0.13125 0.5296875
1 0.8890625 0.7078125 0.21484375 0.51875
1 0.7671875 0.73515625 0.28359375 0.36640625
1 0.7203125 0.63359375 0.3125 0.50234375