1 0.96015625 0.7375 0.07109375 0.0796875
1 0.978125 0.715625 0.0359375 0.0359375
1 0.946875 0.7640625 0.09765625 0.09765625
1 0.9625 0.81328125 0.06640625 0.07109375
1 0.9109375 0.80859375 0.10703125 0.115625
1 0.98203125 0.8625 0.0265625 0.0265625
1 0.946875 0.8578125 0.09765625 0.09765625
1 0.9046875 0.83125 0.18203125 0.1953125
1 0.9734375 0.94453125 0.04453125 0.04921875
1 0.93125 0.93359375 0.04921875 0.0359375
1 0.8375 0.86640625 0.10234375 0.221875
1 0.8265625 0.89140625 0.0796875 0.10234375
1 0.83125 0.90703125 0.0625 0.04453125
1 0.98203125 0.63125 0.0265625 0.13359375
1 0.96640625 0.6359375 0.021875 0.12421875
1 0.95078125 0.6265625 0.0265625 0.13359375
1 0.9265625 0.621875 0.03125 0.1421875
1 0.89140625 0.6625 0.03125 0.15078125
1 0.87578125 0.62421875 0.04453125 0.1375
1 0.86875 0.7046875 0.03125 0.09296875
1 0.85078125 0.6421875 0.03125 0.09296875
1 0.83984375 0.6109375 0.0359375 0.07578125
1 0.77578125 0.578125 0.09296875 0.115625
1 0.79765625 0.66875 0.10234375 0.12890625
1 0.6890625 0.8796875 0.16015625 0.09765625
1 0.7421875 0.821875 0.10703125 0.0796875
1 0.63984375 0.79765625 0.0890625 0.06640625
1 0.54453125 0.9203125 0.0578125 0.0625
1 0.59765625 0.90859375 0.0578125 0.03984375
1 0.49140625 0.9203125 0.04921875 0.0625
1 0.50703125 0.8578125 0.0890625 0.053125
1 0.515625 0.79296875 0.0890625 0.084375
1 0.578125 0.84921875 0.053125 0.10703125
1 0.5890625 0.75078125 0.09296875 0.053125
1 0.61796875 0.68671875 0.1421875 0.084375
1 0.7046875 0.746875 0.1109375 0.0796875
1 0.6890625 0.66015625 0.07109375 0.084375
1 0.71796875 0.63125 0.06640625 0.0625
1 0.678125 0.59140625 0.0578125 0.0625
1 0.6421875 0.56875 0.09296875 0.0796875
1 0.5625 0.6 0.084375 0.0796875
1 0.621875 0.6265625 0.07109375 0.07109375
1 0.4953125 0.62421875 0.1109375 0.06640625
1 0.515625 0.68203125 0.0890625 0.084375
1 0.49765625 0.7265625 0.053125 0.04921875
1 0.453125 0.9265625 0.13359375 0.1375
1 0.421875 0.9359375 0.16875 0.1203125
1 0.3578125 0.95078125 0.10234375 0.0890625
1 0.021875 0.89921875 0.04375 0.0484375
1 0.053125 0.85546875 0.053125 0.04921875
1 0.015625 0.853125 0.03125 0.053125
1 0.07109375 0.821875 0.053125 0.04453125
1 0.021875 0.8015625 0.04375 0.040625
1 0.0796875 0.78203125 0.04453125 0.0265625
1 0.0625 0.7578125 0.053125 0.03125
1 0.05078125 0.73125 0.03125 0.021875
1 0.015625 0.73359375 0.03125 0.04453125
1 0.0109375 0.77578125 0.021875 0.03984375
1 0.09140625 0.56640625 0.1640625 0.2265625
1 0.1046875 0.3625 0.1375 0.06640625
1 0.09296875 0.37109375 0.13359375 0.03125
1 0.0796875 0.3890625 0.159375 0.021875
1 0.09296875 0.4203125 0.0890625 0.03984375
1 0.05078125 0.428125 0.1015625 0.021875
1 0.0734375 0.39140625 0.146875 0.115625
1 0.07109375 0.2203125 0.115625 0.06640625
1 0.0953125 0.1625 0.084375 0.09296875
1 0.03359375 0.1734375 0.03984375 0.0625
1 0.0203125 0.1203125 0.03984375 0.1421875
1 0.0109375 0.22421875 0.021875 0.06640625
1 0.1953125 0.16015625 0.0796875 0.0890625
1 0.2046875 0.21328125 0.053125 0.053125
1 0.16875 0.31328125 0.04453125 0.2359375
1 0.19296875 0.33125 0.04921875 0.2359375
1 0.2203125 0.36015625 0.07578125 0.26640625
1 0.24921875 0.18203125 0.053125 0.0890625
1 0.284375 0.3109375 0.10703125 0.3640625
1 0.29296875 0.38203125 0.053125 0.221875
1 0.346875 0.25546875 0.053125 0.2265625
1 0.34921875 0.31328125 0.084375 0.3421875
1 0.37578125 0.3421875 0.03984375 0.29296875
1 0.415625 0.31796875 0.0578125 0.30703125
1 0.3421875 0.10234375 0.07109375 0.0796875
1 0.39140625 0.115625 0.04453125 0.07109375
1 0.4109375 0.1359375 0.0578125 0.04921875
1 0.33359375 0.04453125 0.0625 0.053125
1 0.27578125 0.09765625 0.07109375 0.115625
1 0.25078125 0.06875 0.06640625 0.09296875
1 0.15546875 0.0203125 0.21328125 0.03984375
1 0.43984375 0.04921875 0.09765625 0.09765625
1 0.621875 0.08203125 0.1421875 0.1375
1 0.45078125 0.33359375 0.07578125 0.29296875
1 0.4796875 0.29765625 0.0796875 0.3734375
1 0.51328125 0.3046875 0.03984375 0.2890625
1 0.5421875 0.2953125 0.053125 0.378125
1 0.57109375 0.315625 0.06640625 0.3375
1 0.60234375 0.3375 0.06640625 0.30234375
1 0.6375 0.321875 0.06640625 0.32421875
1 0.66640625 0.32890625 0.04453125 0.3203125
1 0.69765625 0.33359375 0.053125 0.35546875
1 0.73125 0.3796875 0.03984375 0.21796875
1 0.7046875 0.29765625 0.01328125 0.221875
1 0.778125 0.15546875 0.053125 0.053125
1 0.74921875 0.09765625 0.06640625 0.053125
1 0.72421875 0.14453125 0.0625 0.0578125
1 0.8046875 0.06875 0.04453125 0.04921875
1 0.8375 0.0578125 0.0578125 0.0265625
1 0.846875 0.0953125 0.084375 0.07578125
1 0.79765625 0.11328125 0.03984375 0.03984375
1 0.8578125 0.13359375 0.0625 0.0890625
1 0.9 0.13125 0.03125 0.07578125
1 0.9203125 0.1640625 0.0359375 0.07109375
1 0.93984375 0.1953125 0.03125 0.0359375
1 0.82890625 0.16015625 0.03984375 0.0265625
1 0.98203125 0.06875 0.0265625 0.084375
1 0.95078125 0.10859375 0.0796875 0.04921875
1 0.96875 0.16640625 0.053125 0.09296875
1 0.7953125 0.2421875 0.0625 0.03984375
1 0.853125 0.24453125 0.0625 0.0359375
1 0.86015625 0.27578125 0.09296875 0.04453125
1 0.78671875 0.2734375 0.0359375 0.021875
1 0.8375 0.284375 0.0578125 0.0265625
1 0.784375 0.41796875 0.07578125 0.053125
1 0.8375 0.41328125 0.03984375 0.04453125
1 0.846875 0.446875 0.04921875 0.03125
1 0.86875 0.47109375 0.0578125 0.0359375
1 0.8109375 0.4640625 0.0578125 0.03984375
1 0.81796875 0.37109375 0.10703125 0.04921875
1 0.9 0.4375 0.07578125 0.09296875
1 0.9640625 0.44453125 0.0625 0.07109375
1 0.9734375 0.4046875 0.04453125 0.0625
1 0.96640625 0.346875 0.04921875 0.053125
1 0.9265625 0.37109375 0.04921875 0.0578125
1 0.89296875 0.384375 0.04453125 0.0578125
1 0.86875 0.3578125 0.07578125 0.03984375
1 0.921875 0.32890625 0.04921875 0.0265625
1 0.35078125 0.59296875 0.053125 0.04921875
1 0.30859375 0.6 0.03125 0.0359375
1 0.33984375 0.621875 0.03125 0.053125
1 0.284375 0.6109375 0.053125 0.021875
1 0.221875 0.61328125 0.0625 0.0265625
1 0.26875 0.7640625 0.09296875 0.13359375
1 0.34921875 0.821875 0.06640625 0.115625
1 0.3734375 0.80859375 0.0796875 0.0625
1 0.3734375 0.78671875 0.0625 0.0265625
1 0.4359375 0.78203125 0.0796875 0.0796875
1 0.44921875 0.753125 0.053125 0.06640625
1 0.27109375 0.8375 0.04453125 0.084375
1 0.2203125 0.83359375 0.04921875 0.03984375
1 0.1953125 0.7953125 0.0265625 0.0625
1 0.14453125 0.80859375 0.06640625 0.0890625
1 0.12890625 0.87109375 0.0265625 0.0265625
1 0.15078125 0.89765625 0.04453125 0.0359375
1 0.2109375 0.8890625 0.07578125 0.0265625
1 0.25078125 0.88671875 0.07578125 0.03125
1 0.22421875 0.846875 0.06640625 0.0578125
1 0.18671875 0.72890625 0.0625 0.0625
1 0.12421875 0.715625 0.115625 0.0265625
1 0.12890625 0.7421875 0.0265625 0.0265625
1 0.10234375 0.75078125 0.0359375 0.0359375
1 0.20703125 0.678125 0.021875 0.03125
1 0.2265625 0.6734375 0.0625 0.06640625
1 0.2640625 0.6953125 0.0578125 0.0578125
1 0.2734375 0.76640625 0.09296875 0.1203125
1 0.36640625 0.73359375 0.07578125 0.0625
1 0.3109375 0.65078125 0.24921875 0.15546875
1 0.37578125 0.77578125 0.1734375 0.20859375
1 0.22890625 0.7953125 0.2265625 0.1953125