1 0.54140625 0.453125 0.08359375 0.2265625
1 0.6546875 0.5296875 0.125 0.2734375
1 0.878125 0.36015625 0.0953125 0.2265625
1 0.92578125 0.46328125 0.04140625 0.08671875
1 0.965625 0.29296875 0.0625 0.18671875
1 0.934375 0.1296875 0.125 0.246875
1 0.92265625 0.78359375 0.0234375 0.06015625
1 0.95078125 0.646875 0.0921875 0.18671875
1 0.971875 0.4796875 0.05078125 0.1203125
1 0.86484375 0.65 0.04453125 0.08671875
1 0.92265625 0.93671875 0.0359375 0.08671875
1 0.95859375 0.8703125 0.0234375 0.046875
1 0.98515625 0.86015625 0.0234375 0.0796875
1 0.97890625 0.9203125 0.0234375 0.06640625
1 0.9609375 0.9296875 0.0296875 0.06015625
1 0.9734375 0.76640625 0.01796875 0.053125
1 0.98984375 0.7703125 0.01484375 0.0734375
1 0.98671875 0.71328125 0.02109375 0.0265625
1 0.8359375 0.846875 0.1484375 0.29296875
1 0.73671875 0.4265625 0.0265625 0.053125
1 0.7796875 0.58984375 0.125 0.3265625
1 0.79921875 0.353125 0.05625 0.1203125
1 0.79140625 0.26015625 0.0234375 0.03984375
1 0.7578125 0.28359375 0.0265625 0.06015625
1 0.75625 0.38671875 0.0296875 0.053125
1 0.725 0.3703125 0.0265625 0.046875
1 0.7140625 0.6734375 0.0234375 0.06640625
1 0.6640625 0.703125 0.0234375 0.0734375
1 0.70390625 0.83359375 0.08046875 0.16015625
1 0.74140625 0.93671875 0.04140625 0.11328125
1 0.6625 0.93984375 0.0265625 0.06640625
1 0.63515625 0.8 0.05625 0.13359375
1 0.6 0.93359375 0.04453125 0.1203125
1 0.5625 0.73671875 0.0296875 0.0734375
1 0.5859375 0.66640625 0.0234375 0.0796875
1 0.61484375 0.6765625 0.0265625 0.0734375
1 0.58203125 0.59296875 0.0328125 0.06640625
1 0.625 0.3265625 0.04140625 0.10703125
1 0.69375 0.23359375 0.10703125 0.253125
1 0.73671875 0.01328125 0.04453125 0.0265625
1 0.82265625 0.1234375 0.128125 0.246875
1 0.61328125 0.1734375 0.20859375 0.346875
1 0.503125 0.16015625 0.184375 0.3203125
1 0.4953125 0.3703125 0.05625 0.1
1 0.48515625 0.51640625 0.0296875 0.08671875
1 0.51953125 0.6234375 0.05625 0.11328125
1 0.50859375 0.8765625 0.10703125 0.23359375
1 0.43125 0.90703125 0.05390625 0.13359375
1 0.42109375 0.71015625 0.13984375 0.28671875
1 0.4 0.4296875 0.0984375 0.2203125
1 0.3703125 0.2 0.04453125 0.09296875
1 0.33359375 0.48984375 0.04140625 0.1
1 0.32890625 0.76015625 0.05078125 0.09296875
1 0.3453125 0.8734375 0.04765625 0.1203125
1 0.29921875 0.7 0.0390625 0.09296875
1 0.32578125 0.596875 0.13984375 0.1
1 0.2546875 0.81015625 0.0921875 0.20703125
1 0.2453125 0.9265625 0.1640625 0.10703125
1 0.1859375 0.76328125 0.08046875 0.2203125
1 0.15 0.6265625 0.0859375 0.18671875
1 0.059375 0.43671875 0.11875 0.2203125
1 0.1 0.70703125 0.19921875 0.5734375
1 0.0546875 0.25625 0.109375 0.140625
1 0.07890625 0.35703125 0.08046875 0.11328125
1 0.04453125 0.0765625 0.0890625 0.153125
1 0.11484375 0.0203125 0.04453125 0.03984375
1 0.14140625 0.1265625 0.06875 0.23984375
1 0.19921875 0.08984375 0.1015625 0.1796875
1 0.20390625 0.08359375 0.0859375 0.16640625
1 0.16484375 0.26328125 0.0984375 0.33984375
1 0.1828125 0.29296875 0.20546875 0.10703125
1 0.20859375 0.31640625 0.14296875 0.2734375
1 0.2484375 0.153125 0.0625 0.06640625
1 0.26328125 0.0796875 0.0390625 0.0796875
1 0.33515625 0.43984375 0.121875 0.346875
1 0.2796875 0.403125 0.1015625 0.36640625
1 0.28984375 0.41640625 0.10390625 0.3796875
1 0.3046875 0.40703125 0.0984375 0.36015625
1 0.275 0.36015625 0.1515625 0.41328125
1 0.19375 0.546875 0.0359375 0.16015625
1 0.16484375 0.446875 0.06875 0.1734375
1 0.3828125 0.0765625 0.121875 0.153125
1 0.33984375 0.0296875 0.0390625 0.059375
1 0.30390625 0.053125 0.0359375 0.10625