1 0.865625 0.8125 0.21328125 0.14765625
1 0.940625 0.71875 0.11171875 0.1421875
1 0.94921875 0.621875 0.09453125 0.096875
1 0.9296875 0.47734375 0.1328125 0.27265625
1 0.925 0.371875 0.14296875 0.30078125
1 0.79375 0.5453125 0.2234375 0.25
1 0.81484375 0.5796875 0.090625 0.125
1 0.76015625 0.72734375 0.12265625 0.18203125
1 0.78984375 0.68203125 0.05625 0.090625
1 0.7078125 0.8125 0.1015625 0.159375
1 0.80390625 0.9375 0.146875 0.11328125
1 0.87734375 0.91796875 0.11171875 0.153125
1 0.71875 0.940625 0.1015625 0.1078125
1 0.6203125 0.78125 0.08046875 0.1421875
1 0.62734375 0.903125 0.0875 0.18203125
1 0.5875 0.96015625 0.05625 0.06796875
1 0.5609375 0.83515625 0.06640625 0.19296875
1 0.5171875 0.9234375 0.0765625 0.1421875
1 0.49296875 0.84375 0.0703125 0.1875
1 0.43671875 0.909375 0.08359375 0.1703125
1 0.4109375 0.840625 0.08046875 0.13671875
1 0.4859375 0.75 0.1046875 0.19296875
1 0.59453125 0.715625 0.08359375 0.10234375
1 0.61328125 0.6703125 0.13671875 0.215625
1 0.65 0.4828125 0.06328125 0.13671875
1 0.56328125 0.440625 0.1046875 0.153125
1 0.575 0.559375 0.0875 0.11953125
1 0.5015625 0.59375 0.115625 0.1421875
1 0.484375 0.4859375 0.0875 0.13046875
1 0.4421875 0.409375 0.0875 0.13671875
1 0.36015625 0.44609375 0.0765625 0.11953125
1 0.41640625 0.53125 0.0765625 0.13046875
1 0.40546875 0.6703125 0.090625 0.14765625
1 0.340625 0.76953125 0.10859375 0.16484375
1 0.30625 0.88671875 0.10859375 0.1703125
1 0.2640625 0.7046875 0.0875 0.159375
1 0.253125 0.59375 0.08046875 0.1078125
1 0.3390625 0.59375 0.09765625 0.16484375
1 0.21875 0.51171875 0.10859375 0.14765625
1 0.3109375 0.41171875 0.08359375 0.21015625
1 0.81640625 0.33828125 0.0734375 0.17578125
1 0.7625 0.35234375 0.0703125 0.10234375
1 0.9265625 0.36640625 0.13984375 0.30078125
1 0.77109375 0.08203125 0.1015625 0.1640625
1 0.78359375 0.22421875 0.16796875 0.28984375
1 0.675 0.28984375 0.146875 0.159375
1 0.8390625 0.215625 0.08359375 0.06796875
1 0.63125 0.3125 0.09453125 0.14765625
1 0.69609375 0.409375 0.1046875 0.11328125
1 0.53671875 0.246875 0.06640625 0.0625
1 0.56796875 0.28984375 0.03125 0.0453125
1 0.528125 0.3125 0.0703125 0.0796875
1 0.58046875 0.36328125 0.0703125 0.0796875
1 0.6453125 0.46015625 0.06640625 0.159375
1 0.4578125 0.28984375 0.0765625 0.090625
1 0.5421875 0.19609375 0.43359375 0.33515625
1 0.27265625 0.36953125 0.12578125 0.35234375
1 0.175 0.378125 0.08359375 0.16484375
1 0.09609375 0.22734375 0.1921875 0.4546875
1 0.321875 0.159375 0.31484375 0.31796875
1 0.12265625 0.57421875 0.203125 0.215625
1 0.0703125 0.65078125 0.13984375 0.096875
1 0.17109375 0.76953125 0.203125 0.153125
1 0.01953125 0.76171875 0.03828125 0.125
1 0.1296875 0.871875 0.24453125 0.1421875
1 0.17109375 0.95703125 0.1046875 0.07421875
1 0.3078125 0.94296875 0.18203125 0.10234375
1 0.028125 0.9375 0.05625 0.090625
1 0.81484375 0.940625 0.1328125 0.1078125