1 0.79296875 0.63125 0.1671875 0.19140625
1 0.6984375 0.5 0.109375 0.12578125
1 0.68515625 0.71015625 0.0984375 0.1640625
1 0.765625 0.78984375 0.12734375 0.12578125
1 0.490625 0.69921875 0.13125 0.2734375
1 0.50703125 0.69921875 0.090625 0.2734375
1 0.56875 0.69375 0.19296875 0.2953125
1 0.58203125 0.7921875 0.065625 0.0984375
1 0.6125 0.715625 0.16328125 0.2625
1 0.37265625 0.3828125 0.33828125 0.4046875
1 0.3421875 0.59296875 0.1671875 0.22421875
1 0.35078125 0.7515625 0.16328125 0.09296875
1 0.13984375 0.415625 0.2796875 0.459375
1 0.83984375 0.4703125 0.0875 0.153125
1 0.7890625 0.38828125 0.0796875 0.153125
1 0.978125 0.4015625 0.03671875 0.12578125
1 0.93984375 0.39375 0.0546875 0.0875
1 0.82578125 0.08984375 0.3421875 0.1796875
1 0.94921875 0.10078125 0.09453125 0.14765625
1 0.90703125 0.04921875 0.1203125 0.0984375
1 0.83125 0.01640625 0.08359375 0.0328125
1 0.76015625 0.03515625 0.0796875 0.0703125
1 0.69296875 0.07109375 0.0765625 0.13125
1 0.9234375 0.2734375 0.09453125 0.1421875
1 0.88203125 0.3796875 0.0546875 0.09296875
1 0.934375 0.47578125 0.0578125 0.0984375
1 0.97109375 0.50234375 0.02890625 0.0765625