1 0.090625 0.7515625 0.0578125 0.10390625
1 0.14296875 0.828125 0.06171875 0.08203125
1 0.171875 0.78125 0.06875 0.0984375
1 0.240625 0.75703125 0.1265625 0.14765625
1 0.28046875 0.7703125 0.06875 0.0984375
1 0.23359375 0.88515625 0.1125 0.1640625
1 0.1921875 0.90703125 0.07265625 0.0984375
1 0.12890625 0.85 0.06875 0.15859375
1 0.20625 0.959375 0.08671875 0.07109375
1 0.26640625 0.9375 0.06171875 0.11484375
1 0.328125 0.871875 0.08359375 0.24609375
1 0.3546875 0.93203125 0.0578125 0.07109375
1 0.41640625 0.92890625 0.18828125 0.13125
1 0.44921875 0.88515625 0.1453125 0.153125
1 0.44375 0.7921875 0.1125 0.13125
1 0.4671875 0.68046875 0.10859375 0.09296875
1 0.45078125 0.63671875 0.07578125 0.06015625
1 0.525 0.61171875 0.1234375 0.065625
1 0.6265625 0.58203125 0.1453125 0.07109375
1 0.73203125 0.58984375 0.1375 0.1203125
1 0.77890625 0.71328125 0.10859375 0.16953125
1 0.82578125 0.67734375 0.07265625 0.0875
1 0.8078125 0.846875 0.16640625 0.2953125
1 0.9421875 0.75703125 0.10859375 0.08203125
1 0.93984375 0.88828125 0.1125 0.18046875
1 0.453125 0.803125 0.1015625 0.1421875
1 0.56484375 0.76796875 0.1375 0.14765625
1 0.6609375 0.85 0.2140625 0.28984375
1 0.29375 0.6171875 0.1453125 0.1203125
1 0.19921875 0.66953125 0.15234375 0.12578125
1 0.3734375 0.64453125 0.1453125 0.13125
1 0.34765625 0.54609375 0.07265625 0.0875
1 0.48203125 0.478125 0.0578125 0.06015625
1 0.50546875 0.5296875 0.134375 0.0875
1 0.6140625 0.52421875 0.1921875 0.04375
1 0.49609375 0.14765625 0.15234375 0.1859375
1 0.70625 0.1859375 0.31171875 0.30625
1 0.69765625 0.41796875 0.1921875 0.31171875
1 0.57578125 0.2734375 0.1953125 0.2078125
1 0.51796875 0.3578125 0.1953125 0.34453125
1 0.42578125 0.3140625 0.07578125 0.06015625
1 0.3875 0.28125 0.07265625 0.08203125
1 0.41875 0.18046875 0.08359375 0.04375
1 0.4453125 0.37421875 0.06484375 0.04921875
1 0.22421875 0.07890625 0.1078125 0.1578125
1 0.31171875 0.0875 0.07265625 0.175
1 0.38125 0.084375 0.096875 0.16875
1 0.94921875 0.153125 0.09453125 0.30625
1 0.85234375 0.128125 0.1484375 0.25625
1 0.70625 0.03515625 0.203125 0.0703125