1 0.64921875 0.8171875 0.50546875 0.35546875
1 0.8984375 0.56015625 0.19609375 0.15859375
1 0.721875 0.6171875 0.3234375 0.2515625
1 0.95234375 0.42109375 0.0875 0.109375
1 0.83125 0.41796875 0.25078125 0.14765625
1 0.62734375 0.4453125 0.4546875 0.33359375
1 0.83125 0.2515625 0.33125 0.175
1 0.94921875 0.11171875 0.09453125 0.18046875
1 0.93671875 0.2734375 0.1203125 0.2296875
1 0.1546875 0.88828125 0.309375 0.13671875
1 0.31640625 0.8796875 0.421875 0.2296875
1 0.34375 0.86640625 0.4109375 0.25703125
1 0.23828125 0.69375 0.4765625 0.2078125
1 0.0796875 0.87890625 0.159375 0.2078125
1 0.34375 0.52421875 0.19296875 0.1421875
1 0.178125 0.58984375 0.3421875 0.2625
1 0.090625 0.69375 0.13828125 0.1203125
1 0.13984375 0.47265625 0.2796875 0.49765625
1 0.309375 0.19375 0.3421875 0.15859375
1 0.0875 0.32265625 0.17421875 0.196875
1 0.309375 0.3828125 0.421875 0.1640625
1 0.13828125 0.390625 0.2765625 0.31171875
1 0.18203125 0.54609375 0.23984375 0.1859375
1 0.18203125 0.5953125 0.334375 0.2515625
1 0.07421875 0.69140625 0.1203125 0.11484375
1 0.35234375 0.521875 0.1234375 0.10390625
1 0.4234375 0.32265625 0.41796875 0.13125
1 0.6015625 0.240625 0.1203125 0.1203125
1 0.671875 0.1171875 0.378125 0.234375
1 0.88671875 0.08984375 0.2171875 0.1796875
1 0.37421875 0.06015625 0.5015625 0.1203125