1 0.715625 0.36484375 0.27109375 0.23984375
1 0.9046875 0.28359375 0.18359375 0.21328125
1 0.7234375 0.578125 0.4390625 0.41640625
1 0.54375 0.59375 0.103125 0.13515625
1 0.5265625 0.70078125 0.30546875 0.38046875
1 0.48828125 0.5234375 0.30546875 0.359375
1 0.6546875 0.28359375 0.13359375 0.171875
1 0.2859375 0.66640625 0.06875 0.08359375
1 0.30703125 0.77109375 0.13359375 0.13515625
1 0.28984375 0.75234375 0.28984375 0.15078125
1 0.14140625 0.75 0.06875 0.0625
1 0.16015625 0.80703125 0.3203125 0.17734375
1 0.4984375 0.4453125 0.99609375 0.890625