1 0.89609375 0.6828125 0.2 0.4265625
1 0.81484375 0.89609375 0.3421875 0.196875
1 0.64375 0.78984375 0.32734375 0.36640625
1 0.38359375 0.871875 0.41796875 0.24609375
1 0.46328125 0.94296875 0.2875 0.10390625
1 0.090625 0.8765625 0.18125 0.234375
1 0.12734375 0.59296875 0.2546875 0.65
1 0.3546875 0.6421875 0.309375 0.44296875
1 0.61796875 0.4671875 0.334375 0.41015625
1 0.83828125 0.48125 0.3015625 0.3171875
1 0.93828125 0.39375 0.11640625 0.2296875
1 0.7890625 0.23515625 0.22578125 0.328125
1 0.92734375 0.16640625 0.13828125 0.28984375
1 0.75625 0.10390625 0.1890625 0.2078125
1 0.56171875 0.196875 0.20703125 0.1640625
1 0.3578125 0.4046875 0.265625 0.2296875
1 0.33828125 0.2265625 0.2765625 0.30078125
1 0.11796875 0.296875 0.2359375 0.26875
1 0.13671875 0.12265625 0.22890625 0.22421875
1 0.30625 0.10078125 0.2875 0.2015625
1 0.53984375 0.0765625 0.221875 0.153125
1 0.0234375 0.10078125 0.046875 0.2015625
1 0.4984375 0.49765625 0.99609375 0.99453125