1 0.77109375 0.77109375 0.13359375 0.209375
1 0.89453125 0.62109375 0.20390625 0.40703125
1 0.87890625 0.34453125 0.1375 0.18046875
1 0.89765625 0.471875 0.10546875 0.19765625
1 0.6375 0.55078125 0.3453125 0.70625
1 0.7375 0.90078125 0.04609375 0.0734375
1 0.54921875 0.90390625 0.1265625 0.146875
1 0.46328125 0.90078125 0.08828125 0.09609375
1 0.4 0.82734375 0.08125 0.1296875
1 0.41171875 0.66640625 0.06328125 0.11328125
1 0.40703125 0.678125 0.1234375 0.22578125
1 0.50859375 0.4265625 0.165625 0.29921875
1 0.78359375 0.2171875 0.07421875 0.09609375
1 0.553125 0.178125 0.14765625 0.265625
1 0.5546875 0.03359375 0.109375 0.0671875
1 0.459375 0.084375 0.08125 0.03359375
1 0.41875 0.203125 0.140625 0.2375
1 0.35703125 0.44375 0.17265625 0.265625
1 0.29765625 0.61328125 0.0953125 0.11875
1 0.28515625 0.75390625 0.140625 0.18671875
1 0.1953125 0.76015625 0.0390625 0.09609375
1 0.20390625 0.41796875 0.20390625 0.56484375
1 0.3171875 0.22578125 0.0703125 0.146875
1 0.0984375 0.4578125 0.0703125 0.090625
1 0.0953125 0.52265625 0.03515625 0.084375
1 0.1359375 0.30234375 0.10234375 0.18671875
1 0.15859375 0.22890625 0.10546875 0.1640625
1 0.18671875 0.178125 0.10546875 0.175
1 0.2359375 0.146875 0.07734375 0.1578125
1 0.2765625 0.12734375 0.053125 0.14140625