1 0.94140625 0.88203125 0.1109375 0.2234375
1 0.83203125 0.90859375 0.14140625 0.1703125
1 0.90546875 0.75 0.128125 0.18203125
1 0.98125 0.746875 0.03046875 0.08203125
1 0.9609375 0.60625 0.07109375 0.2
1 0.91953125 0.446875 0.10078125 0.2234375
1 0.975 0.43515625 0.04375 0.16484375
1 0.953125 0.2796875 0.0875 0.18203125
1 0.86171875 0.21796875 0.11484375 0.18828125
1 0.88515625 0.09375 0.1078125 0.1765625
1 0.96796875 0.1203125 0.05703125 0.146875
1 0.74921875 0.13515625 0.14453125 0.246875
1 0.75234375 0.3765625 0.11796875 0.23515625
1 0.68515625 0.4734375 0.07734375 0.146875
1 0.72734375 0.59140625 0.12109375 0.20625
1 0.78125 0.7296875 0.12109375 0.1765625
1 0.72890625 0.853125 0.12421875 0.21171875
1 0.68828125 0.94140625 0.11796875 0.10625
1 0.634375 0.7203125 0.14453125 0.24140625
1 0.609375 0.51796875 0.11484375 0.21171875
1 0.6328125 0.3734375 0.12109375 0.08828125
1 0.62109375 0.28203125 0.12421875 0.21171875
1 0.63125 0.1234375 0.09765625 0.1765625
1 0.65859375 0.0265625 0.11796875 0.053125
1 0.57734375 0.096875 0.07109375 0.18203125
1 0.5453125 0.0296875 0.10078125 0.05859375
1 0.540625 0.15859375 0.07109375 0.11796875
1 0.51875 0.26171875 0.1078125 0.146875
1 0.51484375 0.4203125 0.1078125 0.1703125
1 0.44765625 0.56796875 0.134375 0.2296875
1 0.5390625 0.64375 0.08046875 0.18203125
1 0.525 0.54375 0.05390625 0.08828125
1 0.5203125 0.76171875 0.09765625 0.1703125
1 0.56875 0.9 0.128125 0.18828125
1 0.53203125 0.96796875 0.12109375 0.053125
1 0.63828125 0.86171875 0.05078125 0.053125
1 0.4515625 0.89375 0.134375 0.2
1 0.42109375 0.73203125 0.12109375 0.18203125
1 0.36015625 0.56796875 0.0671875 0.18203125
1 0.409375 0.38203125 0.1109375 0.2
1 0.44296875 0.2 0.12421875 0.21171875
1 0.46328125 0.05859375 0.1046875 0.1171875
1 0.37578125 0.046875 0.1109375 0.09375
1 0.31484375 0.1 0.14453125 0.2
1 0.31328125 0.19140625 0.0875 0.11171875
1 0.37578125 0.21171875 0.0640625 0.153125
1 0.29609375 0.34375 0.12109375 0.20625
1 0.2171875 0.446875 0.12421875 0.21171875
1 0.27578125 0.65625 0.128125 0.21796875
1 0.321875 0.5 0.084375 0.09375
1 0.34375 0.8265625 0.10078125 0.2296875
1 0.38046875 0.9703125 0.08046875 0.046875
1 0.27578125 0.88828125 0.12109375 0.21171875
1 0.16796875 0.93203125 0.14140625 0.1234375
1 0.18359375 0.86796875 0.07734375 0.08828125
1 0.21015625 0.7703125 0.13828125 0.16484375
1 0.09453125 0.88828125 0.0875 0.16484375
1 0.14453125 0.83203125 0.08046875 0.1
1 0.10625 0.70625 0.12421875 0.18828125
1 0.1984375 0.6265625 0.08046875 0.13515625
1 0.14296875 0.48203125 0.1046875 0.23515625
1 0.11484375 0.58828125 0.09453125 0.1296875
1 0.06875 0.49140625 0.0640625 0.15859375
1 0.07578125 0.40859375 0.084375 0.11171875
1 0.1703125 0.29140625 0.1046875 0.15859375
1 0.2375 0.303125 0.04375 0.1
1 0.18203125 0.11171875 0.134375 0.2234375
1 0.1328125 0.203125 0.03671875 0.0765625
1 0.084375 0.3 0.07421875 0.10625
1 0.07421875 0.1796875 0.10078125 0.1703125
1 0.0671875 0.1 0.08046875 0.0703125
1 0.06796875 0.03203125 0.0984375 0.0640625
1 0.01484375 0.1765625 0.0296875 0.2
1 0.0265625 0.334375 0.053125 0.11875
1 0.01875 0.453125 0.03671875 0.1765625
1 0.03671875 0.5796875 0.0734375 0.1
1 0.03046875 0.69140625 0.0609375 0.1703125
1 0.04375 0.83515625 0.0875 0.1765625
1 0.03046875 0.95859375 0.0609375 0.0703125
1 0.4984375 0.496875 0.996875 0.99375