1 0.8765625 0.61171875 0.11171875 0.18046875
1 0.89375 0.859375 0.1234375 0.196875
1 0.0953125 0.8671875 0.10078125 0.1703125
1 0.53359375 0.15703125 0.08984375 0.14375
1 0.32265625 0.13046875 0.0859375 0.1328125
1 0.26875 0.1890625 0.075 0.090625
1 0.26328125 0.2921875 0.0859375 0.12734375
1 0.0578125 0.26328125 0.078125 0.12265625
1 0.29296875 0.4546875 0.07109375 0.11171875
1 0.365625 0.46796875 0.1046875 0.12734375
1 0.4421875 0.48671875 0.10859375 0.14375
1 0.51875 0.53984375 0.11953125 0.16484375
1 0.60234375 0.5984375 0.115625 0.16484375
1 0.66796875 0.6859375 0.1046875 0.14921875
1 0.70859375 0.78203125 0.08203125 0.1171875
1 0.4625 0.678125 0.67890625 0.56953125
1 0.5578125 0.47578125 0.5859375 0.75