1 0.7671875 0.63125 0.22578125 0.69375
1 0.80390625 0.328125 0.38515625 0.48125
1 0.66875 0.6390625 0.13125 0.68828125
1 0.60703125 0.6203125 0.13828125 0.671875
1 0.52734375 0.48671875 0.13828125 0.39375
1 0.5671875 0.53515625 0.0796875 0.459375
1 0.48359375 0.76796875 0.21796875 0.39921875
1 0.38203125 0.72109375 0.2328125 0.459375
1 0.27265625 0.65546875 0.2765625 0.51328125
1 0.16171875 0.5984375 0.21484375 0.49765625
1 0.121875 0.55703125 0.24375 0.51328125
1 0.090625 0.3515625 0.18125 0.234375
1 0.08515625 0.27265625 0.1703125 0.1421875
1 0.3984375 0.2921875 0.4109375 0.540625