1 0.89296875 0.88828125 0.1484375 0.21328125
1 0.98515625 0.89609375 0.021875 0.175
1 0.9453125 0.740625 0.1015625 0.21328125
1 0.8421875 0.86875 0.090625 0.21875
1 0.78828125 0.97265625 0.06875 0.04375
1 0.64296875 0.95078125 0.08359375 0.0875
1 0.7265625 0.8796875 0.1484375 0.2296875
1 0.78046875 0.76484375 0.11953125 0.21875
1 0.82421875 0.6640625 0.1484375 0.22421875
1 0.92734375 0.5328125 0.1375 0.22421875
1 0.98203125 0.4234375 0.02890625 0.18046875
1 0.96953125 0.25703125 0.0546875 0.2078125
1 0.978125 0.0765625 0.0359375 0.153125
1 0.96953125 0.11484375 0.03984375 0.0984375
1 0.90234375 0.03828125 0.1234375 0.0765625
1 0.8640625 0.19140625 0.16328125 0.2296875
1 0.91640625 0.35546875 0.08671875 0.13125
1 0.80625 0.4015625 0.1484375 0.21328125
1 0.840625 0.5328125 0.04375 0.06015625
1 0.7515625 0.5734375 0.1265625 0.153125
1 0.65234375 0.696875 0.15234375 0.22421875
1 0.56875 0.86328125 0.15234375 0.21875
1 0.5109375 0.978125 0.1015625 0.0328125
1 0.52890625 0.94296875 0.13046875 0.10390625
1 0.41328125 0.84453125 0.1453125 0.21328125
1 0.33125 0.96484375 0.14140625 0.06015625
1 0.42734375 0.97578125 0.07265625 0.03828125
1 0.3078125 0.89375 0.1234375 0.16953125
1 0.2375 0.97265625 0.07578125 0.04375
1 0.2375 0.8140625 0.1484375 0.21875
1 0.30234375 0.715625 0.1125 0.196875
1 0.365625 0.6390625 0.15234375 0.240625
1 0.4984375 0.69140625 0.1484375 0.21328125
1 0.5234375 0.48671875 0.15546875 0.2296875
1 0.671875 0.4703125 0.134375 0.21875
1 0.5921875 0.52734375 0.07578125 0.19140625
1 0.66328125 0.36328125 0.13046875 0.12578125
1 0.715625 0.24609375 0.14140625 0.21875
1 0.78203125 0.0734375 0.1453125 0.146875
1 0.65859375 0.07890625 0.1453125 0.1578125
1 0.63046875 0.2078125 0.0796875 0.1859375
1 0.5671875 0.2484375 0.1484375 0.22421875
1 0.48515625 0.3578125 0.115625 0.14765625
1 0.4640625 0.22421875 0.07265625 0.13125
1 0.50546875 0.0875 0.15546875 0.175
1 0.3859375 0.04375 0.08359375 0.0875
1 0.115625 0.91796875 0.16640625 0.153125
1 0.0203125 0.95625 0.03984375 0.065625
1 0.04921875 0.82265625 0.09765625 0.22421875
1 0.1703125 0.76484375 0.13046875 0.196875
1 0.16484375 0.58984375 0.1484375 0.21875
1 0.05078125 0.61171875 0.1015625 0.2515625
1 0.27890625 0.5 0.10859375 0.22421875
1 0.171875 0.39375 0.14140625 0.2078125
1 0.06015625 0.46171875 0.11953125 0.13671875
1 0.0703125 0.296875 0.140625 0.234375
1 0.25390625 0.28125 0.1453125 0.21328125
1 0.353125 0.33046875 0.11953125 0.12578125
1 0.16640625 0.19375 0.1453125 0.18046875
1 0.3046875 0.11484375 0.13046875 0.13125
1 0.37890625 0.1859375 0.14140625 0.21875
1 0.2765625 0.04609375 0.140625 0.0921875
1 0.12421875 0.04609375 0.1546875 0.0921875
1 0.203125 0.08203125 0.08671875 0.0875
1 0.0546875 0.0984375 0.10859375 0.196875
1 0.4984375 0.49765625 0.99609375 0.99453125