1 0.66328125 0.66015625 0.21171875 0.26796875
1 0.8171875 0.515625 0.3578125 0.3609375
1 0.8765625 0.28359375 0.23828125 0.38125
1 0.6921875 0.21640625 0.16953125 0.278125
1 0.62890625 0.321875 0.21953125 0.221875
1 0.60546875 0.34765625 0.265625 0.33515625
1 0.47890625 0.528125 0.2578125 0.33515625
1 0.4265625 0.73984375 0.215625 0.14921875
1 0.18671875 0.6390625 0.265625 0.28828125
1 0.32890625 0.4171875 0.28046875 0.38125
1 0.4578125 0.1828125 0.23828125 0.29375
1 0.20390625 0.2265625 0.26171875 0.26796875
1 0.08671875 0.41015625 0.1734375 0.28359375
1 0.08046875 0.1796875 0.1609375 0.215625