1 0.925 0.8453125 0.14296875 0.29765625
1 0.89296875 0.9609375 0.1203125 0.065625
1 0.978125 0.97890625 0.03671875 0.0296875
1 0.7484375 0.67578125 0.28359375 0.57734375
1 0.70703125 0.42265625 0.446875 0.51171875
1 0.94296875 0.48515625 0.06640625 0.0890625
1 0.88515625 0.378125 0.08984375 0.1484375
1 0.94296875 0.3984375 0.053125 0.13125
1 0.9765625 0.4671875 0.03984375 0.11328125
1 0.86796875 0.26484375 0.13671875 0.17265625
1 0.96796875 0.32734375 0.05703125 0.1546875
1 0.9453125 0.19921875 0.103125 0.184375
1 0.83203125 0.0984375 0.13671875 0.19609375
1 0.93671875 0.065625 0.1203125 0.13125
1 0.9734375 0.01796875 0.046875 0.0359375
1 0.778125 0.2234375 0.05703125 0.07734375
1 0.76640625 0.25625 0.06015625 0.07109375
1 0.725 0.2203125 0.04296875 0.04765625
1 0.76171875 0.17265625 0.0296875 0.059375
1 0.73203125 0.1640625 0.03671875 0.065625
1 0.75 0.11328125 0.0265625 0.04765625
1 0.696875 0.20234375 0.0265625 0.04765625
1 0.63984375 0.51796875 0.08671875 0.16640625
1 0.5734375 0.38671875 0.1 0.14296875
1 0.56640625 0.52109375 0.0796875 0.125
1 0.503125 0.51796875 0.053125 0.0953125
1 0.475 0.38125 0.103125 0.190625
1 0.43203125 0.20546875 0.103125 0.19609375
1 0.41328125 0.378125 0.0265625 0.125
1 0.4203125 0.48203125 0.09296875 0.11875
1 0.328125 0.42578125 0.1296875 0.184375
1 0.371875 0.315625 0.08359375 0.11875
1 0.36640625 0.23515625 0.03984375 0.1015625
1 0.31328125 0.29140625 0.06640625 0.10703125
1 0.5453125 0.1484375 0.1296875 0.10703125
1 0.63984375 0.17890625 0.053125 0.04765625
1 0.58984375 0.1015625 0.0796875 0.13125
1 0.675 0.10703125 0.096875 0.20234375
1 0.7234375 0.065625 0.0734375 0.13125
1 0.578125 0.059375 0.103125 0.11875
1 0.52421875 0.05625 0.0421875 0.1125
1 0.4453125 0.06875 0.11640625 0.13671875
1 0.71015625 0.86328125 0.153125 0.26171875
1 0.7453125 0.9671875 0.0765625 0.05390625
1 0.28828125 0.11875 0.2234375 0.2375
1 0.096875 0.06875 0.19296875 0.13671875
1 0.04140625 0.12109375 0.0828125 0.2203125
1 0.13203125 0.125 0.08984375 0.07109375
1 0.1484375 0.19609375 0.05703125 0.11875
1 0.2265625 0.1640625 0.1203125 0.17265625
1 0.20859375 0.29140625 0.1296875 0.190625
1 0.228125 0.48828125 0.11015625 0.190625
1 0.15859375 0.4765625 0.11640625 0.23828125
1 0.13671875 0.36875 0.053125 0.07109375
1 0.0984375 0.24140625 0.11640625 0.184375
1 0.0203125 0.24375 0.03984375 0.059375
1 0.03359375 0.36875 0.06640625 0.190625
1 0.053125 0.5296875 0.10625 0.13125
1 0.08984375 0.4078125 0.046875 0.1484375
1 0.2546875 0.5921875 0.0765625 0.125
1 0.31328125 0.5359375 0.0734375 0.13125
1 0.38203125 0.5625 0.05703125 0.13671875
1 0.4296875 0.565625 0.0734375 0.11875
1 0.51640625 0.628125 0.1 0.125
1 0.6015625 0.63984375 0.0703125 0.1015625
1 0.628125 0.7203125 0.096875 0.16640625
1 0.56171875 0.871875 0.096875 0.2203125
1 0.596875 0.8359375 0.0734375 0.1609375
1 0.61640625 0.95859375 0.08671875 0.07109375
1 0.4984375 0.9375 0.096875 0.11328125
1 0.44296875 0.9609375 0.06015625 0.065625
1 0.38515625 0.9046875 0.11640625 0.16640625
1 0.4546875 0.8484375 0.0703125 0.1484375
1 0.10859375 0.6515625 0.21640625 0.13671875
1 0.04140625 0.75625 0.0828125 0.11875
1 0.0203125 0.86875 0.03984375 0.17890625
1 0.05 0.88984375 0.1 0.20859375
1 0.11640625 0.9109375 0.1265625 0.16640625
1 0.18828125 0.83046875 0.11015625 0.19609375
1 0.13515625 0.7140625 0.13671875 0.16640625
1 0.18515625 0.690625 0.03671875 0.07109375
1 0.246875 0.9046875 0.11328125 0.17890625
1 0.31328125 0.94609375 0.1 0.0953125
1 0.321875 0.7828125 0.08984375 0.17265625
1 0.38515625 0.80078125 0.0765625 0.17265625
1 0.43828125 0.7203125 0.0765625 0.1546875
1 0.3984375 0.67890625 0.05703125 0.11875
1 0.34140625 0.6515625 0.08984375 0.13671875
1 0.26171875 0.70234375 0.096875 0.14296875