1 0.8015625 0.965625 0.121875 0.053125
1 0.81953125 0.8890625 0.14296875 0.20625
1 0.984375 0.86640625 0.02578125 0.2515625
1 0.94921875 0.3359375 0.09609375 0.35078125
1 0.9171875 0.0953125 0.07265625 0.190625
1 0.80390625 0.17578125 0.184375 0.35078125
1 0.815625 0.32421875 0.0984375 0.328125
1 0.76484375 0.1796875 0.06484375 0.23671875
1 0.72109375 0.22109375 0.090625 0.22890625
1 0.6828125 0.0765625 0.078125 0.15234375
1 0.61953125 0.14140625 0.0703125 0.23671875
1 0.65703125 0.309375 0.078125 0.328125
1 0.74453125 0.4921875 0.18984375 0.3890625
1 0.746875 0.79765625 0.17890625 0.3890625
1 0.6375 0.94296875 0.090625 0.09921875
1 0.590625 0.7484375 0.17890625 0.48828125
1 0.425 0.690625 0.246875 0.603125
1 0.32734375 0.828125 0.09375 0.2828125
1 0.46640625 0.42734375 0.12734375 0.30546875
1 0.56875 0.38515625 0.11953125 0.31328125
1 0.51796875 0.1984375 0.0390625 0.09140625
1 0.55078125 0.06484375 0.04140625 0.1296875
1 0.56875 0.171875 0.03671875 0.11484375
1 0.51953125 0.09140625 0.02109375 0.10703125
1 0.52109375 0.015625 0.0234375 0.03046875
1 0.59375 0.03828125 0.0390625 0.0765625
1 0.4234375 0.12578125 0.15546875 0.2515625
1 0.290625 0.21015625 0.22890625 0.41953125
1 0.1984375 0.671875 0.21015625 0.64140625
1 0.1984375 0.88203125 0.121875 0.22109375
1 0.03671875 0.73671875 0.07265625 0.35859375
1 0.021875 0.8734375 0.04375 0.159375
1 0.0546875 0.94296875 0.07265625 0.09921875
1 0.0078125 0.96171875 0.015625 0.0609375
1 0.109375 0.95390625 0.046875 0.0765625
1 0.05703125 0.6296875 0.08828125 0.37421875
1 0.04296875 0.08359375 0.0859375 0.1671875
1 0.1234375 0.09140625 0.075 0.1828125
1 0.178125 0.0953125 0.04453125 0.190625