1 0.79921875 0.79609375 0.2046875 0.23046875
1 0.9 0.88984375 0.15546875 0.05234375
1 0.9640625 0.8296875 0.0640625 0.18359375
1 0.63046875 0.86640625 0.14765625 0.0890625
1 0.3734375 0.76953125 0.1703125 0.18828125
1 0.321875 0.8296875 0.159375 0.09921875
1 0.32734375 0.8875 0.1171875 0.046875
1 0.48828125 0.86875 0.1515625 0.1046875
1 0.034375 0.80859375 0.06796875 0.13125
1 0.153125 0.4734375 0.13984375 0.18359375
1 0.20859375 0.7984375 0.16640625 0.11015625
1 0.15 0.67265625 0.14765625 0.1625
1 0.034375 0.6390625 0.06796875 0.271875
1 0.0546875 0.48125 0.109375 0.146875
1 0.2234375 0.50234375 0.06796875 0.1671875
1 0.33125 0.5734375 0.23125 0.2984375
1 0.48828125 0.628125 0.0984375 0.11484375
1 0.57578125 0.62578125 0.2046875 0.2984375
1 0.75 0.646875 0.159375 0.18359375
1 0.89609375 0.64921875 0.1328125 0.15703125
1 0.94296875 0.5734375 0.10625 0.13125
1 0.9296875 0.3796875 0.1328125 0.24609375
1 0.79375 0.48984375 0.20859375 0.21484375
1 0.88984375 0.2359375 0.11328125 0.08359375
1 0.83359375 0.1359375 0.11328125 0.1359375
1 0.76328125 0.08359375 0.1171875 0.0625
1 0.696875 0.14140625 0.22734375 0.15703125
1 0.72734375 0.17578125 0.12109375 0.11015625
1 0.5796875 0.1703125 0.11328125 0.14140625
1 0.4625 0.12578125 0.0984375 0.11484375
1 0.37109375 0.1625 0.07578125 0.11484375
1 0.2953125 0.17578125 0.14375 0.1515625
1 0.23671875 0.3296875 0.0796875 0.12578125
1 0.1796875 0.2671875 0.11015625 0.15703125
1 0.178125 0.18046875 0.090625 0.046875
1 0.0796875 0.2328125 0.12890625 0.19375
1 0.04765625 0.09453125 0.09453125 0.1046875
1 0.01328125 0.2171875 0.0265625 0.1625
1 0.04140625 0.3265625 0.0828125 0.13125
1 0.025 0.35859375 0.04921875 0.11015625
1 0.5 0.43984375 0.1890625 0.23046875
1 0.6328125 0.4109375 0.08359375 0.09921875
1 0.5078125 0.271875 0.159375 0.178125
1 0.42265625 0.2484375 0.09453125 0.14140625
1 0.3296875 0.34296875 0.2046875 0.20390625
1 0.1703125 0.178125 0.07578125 0.03125
1 0.20625 0.14921875 0.0640625 0.06796875