1 0.9671875 0.7109375 0.05703125 0.16171875
1 0.84765625 0.77890625 0.1296875 0.171875
1 0.853125 0.87734375 0.11796875 0.046875
1 0.83203125 0.59921875 0.17578125 0.1875
1 0.81484375 0.65390625 0.1109375 0.140625
1 0.95390625 0.546875 0.08359375 0.10390625
1 0.9578125 0.59609375 0.0765625 0.09921875
1 0.965625 0.4609375 0.0609375 0.078125
1 0.878125 0.4453125 0.121875 0.08828125
1 0.84765625 0.51328125 0.1296875 0.13046875
1 0.7 0.61953125 0.11796875 0.16640625
1 0.62578125 0.54140625 0.10703125 0.13515625
1 0.68671875 0.48671875 0.09140625 0.109375
1 0.7171875 0.4453125 0.08359375 0.13046875
1 0.56484375 0.48671875 0.11484375 0.140625
1 0.4984375 0.64296875 0.13359375 0.171875
1 0.60859375 0.73984375 0.13359375 0.17734375
1 0.51171875 0.81796875 0.15234375 0.14609375
1 0.38203125 0.83828125 0.10703125 0.10390625
1 0.4296875 0.70859375 0.14140625 0.15625
1 0.41796875 0.56015625 0.103125 0.15078125
1 0.3359375 0.6484375 0.09921875 0.140625
1 0.2671875 0.5546875 0.1453125 0.18203125
1 0.21171875 0.73984375 0.14140625 0.20859375
1 0.37421875 0.48203125 0.09140625 0.13046875
1 0.27265625 0.43984375 0.08046875 0.078125
1 0.20390625 0.50546875 0.06484375 0.10390625
1 0.1640625 0.60703125 0.0609375 0.109375
1 0.12421875 0.51328125 0.0953125 0.15078125
1 0.034375 0.52578125 0.06875 0.14609375
1 0.08046875 0.43203125 0.10703125 0.09375
1 0.1546875 0.3984375 0.103125 0.11953125
1 0.10703125 0.31484375 0.09140625 0.109375
1 0.0171875 0.3984375 0.034375 0.13046875
1 0.03046875 0.3046875 0.0609375 0.09921875
1 0.09375 0.25 0.07265625 0.07265625
1 0.09140625 0.20078125 0.0765625 0.05703125
1 0.1890625 0.1875 0.06484375 0.0625
1 0.19296875 0.23984375 0.06484375 0.08359375
1 0.15859375 0.15078125 0.05 0.05234375
1 0.196875 0.09609375 0.05703125 0.05703125
1 0.27265625 0.10703125 0.05703125 0.078125
1 0.34921875 0.125 0.05 0.03125
1 0.3375 0.16953125 0.06484375 0.03671875
1 0.37421875 0.19765625 0.03828125 0.03125
1 0.39296875 0.25 0.0765625 0.09375
1 0.43359375 0.2578125 0.08046875 0.13046875
1 0.54765625 0.27109375 0.07265625 0.08359375
1 0.5765625 0.16171875 0.0609375 0.08359375
1 0.57265625 0.09140625 0.04609375 0.05703125
1 0.509375 0.10703125 0.06484375 0.05703125
1 0.515625 0.16640625 0.0765625 0.08359375
1 0.42734375 0.13828125 0.06875 0.05703125
1 0.72109375 0.13046875 0.06875 0.08359375
1 0.79609375 0.14609375 0.07265625 0.05234375
1 0.76328125 0.1796875 0.053125 0.03671875
1 0.70234375 0.19765625 0.053125 0.05234375
1 0.80546875 0.20546875 0.053125 0.046875
1 0.940625 0.18984375 0.06484375 0.078125
1 0.646875 0.3125 0.06484375 0.09375
1 0.79375 0.31484375 0.0609375 0.05703125
1 0.86796875 0.33046875 0.08046875 0.109375