1 0.1953125 0.06484375 0.22109375 0.12890625
1 0.203125 0.15859375 0.2140625 0.28515625
1 0.36015625 0.209375 0.10703125 0.1828125
1 0.13984375 0.35234375 0.22890625 0.15625
1 0.1421875 0.51875 0.284375 0.15625
1 0.246875 0.421875 0.09609375 0.08046875
1 0.23828125 0.61015625 0.2546875 0.17734375
1 0.19375 0.69609375 0.08515625 0.17734375
1 0.20859375 0.771875 0.21015625 0.26328125
1 0.24921875 0.8171875 0.13671875 0.2578125
1 0.28203125 0.84140625 0.203125 0.30625
1 0.58515625 0.0859375 0.58671875 0.171875
1 0.62734375 0.26640625 0.73828125 0.3390625
1 0.56796875 0.4140625 0.6640625 0.2578125
1 0.634375 0.6265625 0.7234375 0.45703125
1 0.603125 0.7984375 0.66796875 0.3921875