1 0.8765625 0.9484375 0.16171875 0.09296875
1 0.96171875 0.93046875 0.06953125 0.12890625
1 0.8921875 0.7421875 0.2078125 0.35078125
1 0.9484375 0.59765625 0.09609375 0.20625
1 0.984375 0.79375 0.0234375 0.175
1 0.80390625 0.5234375 0.1765625 0.325
1 0.909375 0.40703125 0.1734375 0.2578125
1 0.759375 0.37109375 0.1578125 0.2265625
1 0.78671875 0.19296875 0.1578125 0.18046875
1 0.89453125 0.21875 0.1265625 0.221875
1 0.9515625 0.146875 0.08828125 0.14921875
1 0.96953125 0.26015625 0.05390625 0.1703125
1 0.83671875 0.059375 0.11953125 0.11875
1 0.915625 0.0796875 0.05390625 0.0671875
1 0.73828125 0.07734375 0.0921875 0.134375
1 0.61328125 0.1265625 0.11953125 0.16015625
1 0.6234375 0.26796875 0.16953125 0.31953125
1 0.6515625 0.46640625 0.08828125 0.12890625
1 0.665625 0.61875 0.16171875 0.1859375
1 0.6671875 0.82734375 0.31953125 0.33515625
1 0.4984375 0.928125 0.11953125 0.134375
1 0.51171875 0.75546875 0.13828125 0.23203125
1 0.35 0.79921875 0.2 0.21640625
1 0.384375 0.925 0.3078125 0.1390625
1 0.1171875 0.853125 0.234375 0.28359375
1 0.190625 0.63125 0.2265625 0.2625
1 0.40546875 0.575 0.20390625 0.2625
1 0.43671875 0.29375 0.21171875 0.28828125
1 0.26328125 0.40703125 0.21953125 0.2578125
1 0.2671875 0.19296875 0.165625 0.1703125
1 0.1421875 0.30390625 0.16953125 0.1546875
1 0.115625 0.45859375 0.23046875 0.2375
1 0.0515625 0.6640625 0.103125 0.175