1 0.42890625 0.521875 0.05078125 0.07109375
1 0.2765625 0.26796875 0.0875 0.175
1 0.40546875 0.26484375 0.18515625 0.22421875
1 0.43671875 0.42890625 0.1671875 0.20234375
1 0.57421875 0.41796875 0.1015625 0.13671875
1 0.74921875 0.36875 0.40703125 0.37734375
1 0.7203125 0.50546875 0.05078125 0.08203125
1 0.66015625 0.5296875 0.0546875 0.065625
1 0.6109375 0.55703125 0.02890625 0.065625
1 0.65234375 0.565625 0.12734375 0.12578125
1 0.59609375 0.71015625 0.04375 0.109375
1 0.6453125 0.6828125 0.0546875 0.0765625
1 0.5421875 0.71015625 0.05078125 0.0875
1 0.56171875 0.609375 0.0546875 0.16953125
1 0.50703125 0.540625 0.0546875 0.109375
1 0.36015625 0.59296875 0.065625 0.08203125
1 0.365625 0.6859375 0.04765625 0.09296875
1 0.33125 0.715625 0.03671875 0.0765625
1 0.41484375 0.80078125 0.0578125 0.09296875
1 0.35078125 0.87734375 0.0765625 0.10390625
1 0.55234375 0.92109375 0.07265625 0.08203125
1 0.44765625 0.88515625 0.0578125 0.065625
1 0.69296875 0.86328125 0.0984375 0.1203125
1 0.23671875 0.7296875 0.0796875 0.10390625
1 0.17265625 0.7046875 0.08359375 0.0984375
1 0.265625 0.51875 0.05078125 0.065625
1 0.234375 0.4375 0.06171875 0.0875
1 0.13984375 0.415625 0.06171875 0.0875
1 0.18359375 0.1640625 0.0546875 0.0765625
1 0.334375 0.13125 0.05078125 0.1203125
1 0.40390625 0.1203125 0.09453125 0.13125
1 0.578125 0.128125 0.3203125 0.14765625
1 0.72578125 0.15546875 0.17109375 0.06015625
1 0.6546875 0.08203125 0.15234375 0.0984375
1 0.8421875 0.0328125 0.22890625 0.065625
1 0.921875 0.85234375 0.14921875 0.284375
1 0.65625 0.784375 0.16328125 0.11484375
1 0.08359375 0.80078125 0.05078125 0.08203125
1 0.0234375 0.8296875 0.046875 0.0875
1 0.0453125 0.72109375 0.0765625 0.0984375
1 0.09453125 0.0765625 0.17421875 0.153125
1 0.1921875 0.0734375 0.1375 0.146875
1 0.26328125 0.04921875 0.0765625 0.0984375
1 0.309375 0.02421875 0.065625 0.0484375
1 0.4984375 0.49765625 0.99609375 0.99453125