1 0.60390625 0.6484375 0.29765625 0.690625
1 0.80234375 0.66640625 0.1203125 0.35703125
1 0.91640625 0.92890625 0.16015625 0.13125
1 0.91328125 0.82421875 0.146875 0.25625
1 0.925 0.56875 0.14375 0.42265625
1 0.81640625 0.309375 0.3609375 0.39296875
1 0.9734375 0.1015625 0.046875 0.20234375
1 0.86953125 0.07421875 0.1875 0.1484375
1 0.72734375 0.08359375 0.1234375 0.16640625
1 0.5671875 0.19921875 0.22421875 0.3984375
1 0.48828125 0.4140625 0.08046875 0.19609375
1 0.3859375 0.628125 0.18359375 0.26796875
1 0.4328125 0.7890625 0.090625 0.2796875
1 0.49296875 0.50625 0.03671875 0.08359375
1 0.39609375 0.1015625 0.14375 0.20234375
1 0.34921875 0.29140625 0.2578125 0.4046875
1 0.29453125 0.58046875 0.08046875 0.26796875
1 0.2109375 0.80078125 0.20078125 0.38671875
1 0.34140625 0.92578125 0.1203125 0.13671875
1 0.35078125 0.8125 0.08046875 0.125
1 0.1203125 0.64609375 0.240625 0.38671875
1 0.05859375 0.88984375 0.1171875 0.20859375
1 0.21875 0.32421875 0.15703125 0.4703125
1 0.12265625 0.22890625 0.1546875 0.4578125
1 0.22890625 0.0625 0.17734375 0.125
1 0.0453125 0.0625 0.090625 0.125
1 0.046875 0.2734375 0.09375 0.29765625
1 0.06171875 0.4734375 0.1234375 0.19609375