1 0.8859375 0.271875 0.22109375 0.33515625
1 0.896875 0.42578125 0.06875 0.08203125
1 0.8203125 0.4671875 0.090625 0.16484375
1 0.909375 0.60703125 0.10859375 0.1921875
1 0.875 0.72265625 0.1125 0.1703125
1 0.7734375 0.76953125 0.1265625 0.17578125
1 0.8171875 0.6265625 0.11953125 0.17578125
1 0.71015625 0.58828125 0.10859375 0.18671875
1 0.715625 0.48359375 0.134375 0.14296875
1 0.61796875 0.59375 0.07578125 0.14296875
1 0.6375 0.75546875 0.159375 0.225
1 0.546875 0.659375 0.115625 0.21953125
1 0.671875 0.225 0.34453125 0.3953125
1 0.60859375 0.1046875 0.2390625 0.20859375
1 0.275 0.12890625 0.1453125 0.1375
1 0.41640625 0.1484375 0.1453125 0.16484375
1 0.36953125 0.0546875 0.1234375 0.0546875
1 0.240625 0.08515625 0.1125 0.1046875
1 0.16484375 0.2140625 0.1046875 0.11015625
1 0.26484375 0.2390625 0.1234375 0.07109375
1 0.1359375 0.33828125 0.271875 0.159375
1 0.21953125 0.30234375 0.3953125 0.3515625
1 0.225 0.3625 0.3765625 0.3953125
1 0.296875 0.3546875 0.384375 0.5546875
1 0.41640625 0.29375 0.115625 0.1265625
1 0.48515625 0.2859375 0.10859375 0.14296875
1 0.42734375 0.453125 0.2609375 0.203125
1 0.49453125 0.453125 0.26484375 0.1046875
1 0.2515625 0.57109375 0.090625 0.15390625
1 0.20078125 0.63984375 0.07578125 0.1046875
1 0.2703125 0.71171875 0.06875 0.1375
1 0.33671875 0.70078125 0.07265625 0.115625
1 0.35859375 0.78828125 0.1015625 0.115625
1 0.40546875 0.6734375 0.1453125 0.33515625
1 0.4984375 0.65390625 0.15546875 0.40625
1 0.49609375 0.76640625 0.07265625 0.08203125
1 0.50546875 0.82421875 0.09765625 0.0765625
1 0.590625 0.49140625 0.04375 0.06015625