1 0.04765625 0.18125 0.0953125 0.259375
1 0.18359375 0.25390625 0.1984375 0.48671875
1 0.25546875 0.10390625 0.09921875 0.134375
1 0.40234375 0.271875 0.2171875 0.3578125
1 0.4390625 0.3421875 0.09921875 0.07265625
1 0.3796875 0.24609375 0.13359375 0.25390625
1 0.40078125 0.20234375 0.16796875 0.3421875
1 0.53984375 0.25390625 0.27109375 0.5078125
1 0.48828125 0.48984375 0.2140625 0.36796875
1 0.6734375 0.49453125 0.08046875 0.11953125
1 0.66015625 0.2125 0.2671875 0.134375
1 0.7421875 0.16328125 0.12578125 0.20234375
1 0.63515625 0.121875 0.1109375 0.08828125
1 0.78828125 0.121875 0.41640625 0.24375
1 0.91015625 0.2515625 0.171875 0.18125
1 0.87421875 0.334375 0.11484375 0.2125
1 0.9484375 0.34453125 0.06484375 0.10859375
1 0.853125 0.50234375 0.2859375 0.17578125
1 0.81328125 0.65546875 0.36640625 0.28515625
1 0.8953125 0.7640625 0.20234375 0.13984375
1 0.9046875 0.82109375 0.18359375 0.18125
1 0.89296875 0.865625 0.15234375 0.0828125
1 0.7828125 0.81640625 0.0765625 0.13984375
1 0.73671875 0.865625 0.0609375 0.0625
1 0.715625 0.80546875 0.0953125 0.11953125
1 0.66640625 0.83125 0.06484375 0.1296875
1 0.5859375 0.73828125 0.15625 0.3265625
1 0.67734375 0.6609375 0.1796875 0.2328125
1 0.8203125 0.66328125 0.35078125 0.28984375
1 0.534375 0.75390625 0.09140625 0.28515625
1 0.4578125 0.72265625 0.09921875 0.2640625
1 0.490625 0.59296875 0.0875 0.0984375
1 0.55 0.51328125 0.1296875 0.0625
1 0.525 0.44296875 0.1796875 0.2640625
1 0.553125 0.2671875 0.2140625 0.471875
1 0.2140625 0.58515625 0.3890625 0.1140625
1 0.09921875 0.70703125 0.1984375 0.31640625
1 0.0609375 0.79765625 0.121875 0.165625
1 0.05 0.84453125 0.09921875 0.1140625
1 0.34140625 0.83671875 0.240625 0.1296875
1 0.33984375 0.775 0.259375 0.24375
1 0.42734375 0.74609375 0.09140625 0.165625
1 0.46953125 0.71796875 0.09140625 0.25390625
1 0.36484375 0.6609375 0.05703125 0.08828125
1 0.3 0.45625 0.15625 0.15546875
1 0.21953125 0.4765625 0.0875 0.134375
1 0.265625 0.36015625 0.26328125 0.10859375
1 0.28046875 0.2671875 0.43125 0.0671875
1 0.0765625 0.365625 0.0765625 0.15
1 0.04609375 0.4453125 0.09140625 0.1453125
1 0.78984375 0.11640625 0.4046875 0.2328125
1 0.88515625 0.0359375 0.121875 0.0625
1 0.4984375 0.45078125 0.99609375 0.9015625