1 0.5203125 0.38671875 0.040625 0.11953125
1 0.7796875 0.7390625 0.14453125 0.2953125
1 0.81484375 0.89609375 0.13828125 0.1953125
1 0.746875 0.971875 0.10390625 0.04375
1 0.66953125 0.85234375 0.14453125 0.2828125
1 0.559375 0.965625 0.10703125 0.05625
1 0.8015625 0.53125 0.2328125 0.14453125
1 0.5578125 0.34609375 0.034375 0.10078125
1 0.503125 0.34609375 0.025 0.06328125
1 0.540625 0.2921875 0.0375 0.06953125
1 0.57734375 0.2515625 0.040625 0.10078125
1 0.62109375 0.2265625 0.053125 0.08828125
1 0.64921875 0.2765625 0.046875 0.06328125
1 0.60078125 0.3078125 0.04375 0.08828125
1 0.62421875 0.39921875 0.040625 0.11953125
1 0.64140625 0.34296875 0.04375 0.09453125
1 0.66953125 0.39921875 0.04375 0.09453125
1 0.66328125 0.33359375 0.01875 0.0375
1 0.59296875 0.39296875 0.028125 0.09453125
1 0.56796875 0.44375 0.040625 0.09453125
1 0.5265625 0.4625 0.040625 0.06953125
1 0.56328125 0.53125 0.05625 0.08203125
1 0.60859375 0.4875 0.053125 0.08203125
1 0.64765625 0.484375 0.03125 0.10078125
1 0.68046875 0.5125 0.040625 0.09453125
1 0.6921875 0.459375 0.03125 0.06328125
1 0.63359375 0.540625 0.034375 0.06328125
1 0.61171875 0.56640625 0.021875 0.06328125
1 0.58828125 0.57265625 0.03125 0.06328125
1 0.559375 0.61328125 0.04375 0.06953125
1 0.534375 0.51875 0.025 0.06953125
1 0.64765625 0.12890625 0.07578125 0.13203125
1 0.6484375 0.03125 0.090625 0.0625
1 0.58828125 0.07578125 0.06328125 0.15078125
1 0.553125 0.025 0.08828125 0.05
1 0.5375 0.07265625 0.0375 0.06953125
1 0.4984375 0.0375 0.053125 0.075
1 0.9671875 0.06640625 0.059375 0.13203125
1 0.940625 0.7109375 0.11328125 0.16328125
1 0.9390625 0.85859375 0.07890625 0.09453125
1 0.946875 0.95 0.05 0.08828125
1 0.984375 0.946875 0.025 0.09453125
1 0.96875 0.446875 0.05625 0.12578125
1 0.7984375 0.43046875 0.11328125 0.10703125
1 0.96875 0.31796875 0.05625 0.16953125
1 0.91640625 0.528125 0.16015625 0.2640625
1 0.92890625 0.7109375 0.13515625 0.16328125
1 0.953125 0.89921875 0.08828125 0.1890625
1 0.93359375 0.2515625 0.06328125 0.2265625
1 0.91015625 0.2515625 0.059375 0.1890625
1 0.91171875 0.2859375 0.10703125 0.18203125
1 0.86796875 0.32421875 0.025 0.2328125
1 0.87265625 0.33984375 0.07265625 0.2515625
1 0.89609375 0.36171875 0.03125 0.11953125
1 0.85234375 0.42109375 0.05625 0.08828125
1 0.82265625 0.33671875 0.015625 0.11953125
1 0.84609375 0.33671875 0.01875 0.13203125
1 0.84140625 0.2203125 0.12265625 0.2890625
1 0.83828125 0.2328125 0.16640625 0.41484375
1 0.753125 0.08515625 0.16015625 0.16953125
1 0.76875 0.07890625 0.16640625 0.11953125
1 0.715625 0.13515625 0.07265625 0.10703125
1 0.7015625 0.2234375 0.04375 0.04375
1 0.7703125 0.13515625 0.10703125 0.2453125
1 0.75625 0.2078125 0.12890625 0.32734375
1 0.784375 0.2171875 0.16640625 0.32109375
1 0.8296875 0.0375 0.175 0.075
1 0.7453125 0.3046875 0.03125 0.1953125
1 0.775 0.35546875 0.040625 0.2078125