1 0.96484375 0.39140625 0.06640625 0.4171875
1 0.9109375 0.6609375 0.1734375 0.6609375
1 0.82109375 0.721875 0.025 0.08671875
1 0.8 0.821875 0.0390625 0.0609375
1 0.8046875 0.76484375 0.015625 0.03515625
1 0.7875 0.88671875 0.02265625 0.06953125
1 0.76171875 0.7828125 0.0296875 0.06953125
1 0.7796875 0.95625 0.025 0.06953125
1 0.81953125 0.9609375 0.03671875 0.0609375
1 0.79140625 0.4046875 0.0984375 0.3390625
1 0.71328125 0.55625 0.06640625 0.3828125
1 0.73984375 0.778125 0.1734375 0.42578125
1 0.58203125 0.5609375 0.109375 0.37421875
1 0.6265625 0.66484375 0.11640625 0.65234375
1 0.53671875 0.66484375 0.01796875 0.0609375
1 0.521875 0.6609375 0.01171875 0.05234375
1 0.515625 0.73046875 0.01796875 0.05234375
1 0.56171875 0.70859375 0.02265625 0.04375
1 0.5671875 0.78671875 0.01171875 0.04375
1 0.5625 0.88671875 0.01171875 0.05234375
1 0.5453125 0.86953125 0.0140625 0.06953125
1 0.52734375 0.86484375 0.01796875 0.0609375
1 0.5171875 0.8 0.015625 0.03515625
1 0.51953125 0.96484375 0.025 0.05234375
1 0.54140625 0.94765625 0.02265625 0.05234375
1 0.57109375 0.9609375 0.02265625 0.0609375
1 0.46796875 0.8171875 0.09140625 0.34765625
1 0.49921875 0.51328125 0.034375 0.19140625
1 0.46015625 0.4953125 0.04375 0.121875
1 0.490625 0.6390625 0.0640625 0.14765625
1 0.42109375 0.41328125 0.05703125 0.3390625
1 0.3640625 0.59140625 0.16640625 0.46953125
1 0.36796875 0.8171875 0.14140625 0.34765625
1 0.31640625 0.878125 0.0203125 0.06953125
1 0.29375 0.83046875 0.0203125 0.0609375
1 0.27734375 0.8953125 0.01171875 0.03515625
1 0.246875 0.82578125 0.09140625 0.33046875
1 0.275 0.678125 0.015625 0.121875
1 0.30703125 0.46484375 0.12578125 0.35625
1 0.19140625 0.44765625 0.13671875 0.37421875
1 0.128125 0.35234375 0.04140625 0.13046875
1 0.05625 0.4953125 0.11171875 0.57421875
1 0.0390625 0.86953125 0.07734375 0.24375
1 0.10625 0.84765625 0.04375 0.26953125
1 0.17265625 0.66953125 0.10703125 0.43515625
1 0.15078125 0.65234375 0.01796875 0.05234375
1 0.13203125 0.6046875 0.01796875 0.04375
1 0.1265625 0.6609375 0.0203125 0.05234375
1 0.09921875 0.65625 0.0203125 0.04375