1 0.721875 0.33359375 0.33828125 0.66640625
1 0.91484375 0.2375 0.090625 0.26796875
1 0.82890625 0.5875 0.15234375 0.46484375
1 0.6125 0.284375 0.06875 0.1421875
1 0.590625 0.58984375 0.06171875 0.3390625
1 0.62578125 0.8390625 0.0796875 0.30078125
1 0.72578125 0.8390625 0.12734375 0.31171875
1 0.55078125 0.81171875 0.0984375 0.36640625
1 0.509375 0.9015625 0.1234375 0.1859375
1 0.20703125 0.8171875 0.13125 0.28984375
1 0.3234375 0.93984375 0.18203125 0.109375
1 0.36328125 0.915625 0.13125 0.07109375
1 0.378125 0.825 0.065625 0.109375
1 0.23984375 0.7046875 0.13125 0.0765625
1 0.30703125 0.7625 0.178125 0.08203125
1 0.2203125 0.7921875 0.08359375 0.0875
1 0.2 0.53828125 0.20390625 0.18046875
1 0.3234375 0.65546875 0.30546875 0.1640625
1 0.35234375 0.60390625 0.13125 0.07109375
1 0.5 0.521875 0.134375 0.15859375
1 0.4890625 0.37421875 0.0546875 0.21328125
1 0.50546875 0.259375 0.109375 0.32265625
1 0.3328125 0.284375 0.3015625 0.56796875