1 0.73828125 0.54140625 0.34765625 0.48984375
1 0.534375 0.52890625 0.18359375 0.234375
1 0.5328125 0.76328125 0.53046875 0.27578125
1 0.90859375 0.75546875 0.17578125 0.22890625
1 0.940625 0.53125 0.1109375 0.25
1 0.91796875 0.27890625 0.15625 0.28671875
1 0.421875 0.20859375 0.2484375 0.25
1 0.52890625 0.30234375 0.0953125 0.07265625
1 0.60078125 0.3671875 0.14140625 0.11953125
1 0.42578125 0.39296875 0.240625 0.18203125
1 0.3 0.64609375 0.3625 0.46875
1 0.2421875 0.33359375 0.14921875 0.25
1 0.0859375 0.58046875 0.171875 0.328125