1 0.69765625 0.78984375 0.48203125 0.10390625
1 0.74609375 0.6734375 0.49765625 0.15078125
1 0.7 0.45546875 0.58984375 0.23203125
1 0.915625 0.2796875 0.1484375 0.11171875
1 0.81796875 0.33203125 0.16953125 0.07734375
1 0.78984375 0.29765625 0.071875 0.0234375
1 0.75625 0.24140625 0.13828125 0.08125
1 0.8078125 0.16796875 0.128125 0.065625
1 0.64375 0.18359375 0.21015625 0.10390625
1 0.65859375 0.26796875 0.1078125 0.0734375
1 0.59765625 0.30703125 0.0875 0.08125
1 0.40546875 0.253125 0.215625 0.16640625
1 0.25390625 0.2875 0.09765625 0.0734375
1 0.21015625 0.20625 0.1640625 0.08125
1 0.115625 0.26640625 0.15859375 0.06171875
1 0.06171875 0.23203125 0.10234375 0.06171875
1 0.19765625 0.37265625 0.37421875 0.18125
1 0.31015625 0.48828125 0.0765625 0.0578125
1 0.40234375 0.590625 0.0765625 0.1078125
1 0.3484375 0.5234375 0.10234375 0.034375
1 0.1796875 0.53125 0.13359375 0.0734375
1 0.24375 0.56171875 0.1078125 0.065625
1 0.15859375 0.60625 0.15390625 0.06953125
1 0.33046875 0.61796875 0.09765625 0.1078125
1 0.2875 0.69140625 0.1640625 0.05390625
1 0.25390625 0.6390625 0.13828125 0.0578125
1 0.115625 0.66640625 0.0765625 0.10390625
1 0.1234375 0.68359375 0.10234375 0.04609375
1 0.05625 0.66953125 0.0515625 0.11171875
1 0.11015625 0.76640625 0.0765625 0.096875
1 0.19453125 0.753125 0.1234375 0.06953125
1 0.25859375 0.77578125 0.128125 0.07734375
1 0.15625 0.81875 0.09765625 0.06171875
1 0.21796875 0.8375 0.0359375 0.04609375
1 0.2796875 0.7796875 0.0765625 0.04609375
1 0.22578125 0.66796875 0.41015625 0.4015625