1 0.8734375 0.59453125 0.14921875 0.2375
1 0.9234375 0.371875 0.10703125 0.1953125
1 0.77421875 0.3265625 0.09453125 0.1765625
1 0.8578125 0.0515625 0.0875 0.103125
1 0.9203125 0.1375 0.0484375 0.15234375
1 0.96640625 0.0484375 0.0578125 0.096875
1 0.90546875 0.10703125 0.18203125 0.21328125
1 0.81640625 0.20390625 0.05546875 0.16484375
1 0.875 0.21328125 0.0875 0.17109375
1 0.69296875 0.259375 0.14609375 0.22578125
1 0.64609375 0.0734375 0.1296875 0.14609375
1 0.7328125 0.0484375 0.078125 0.096875
1 0.65078125 0.1828125 0.11328125 0.14609375
1 0.56015625 0.27734375 0.1265625 0.22578125
1 0.51328125 0.08203125 0.1234375 0.1640625
1 0.43984375 0.22578125 0.1203125 0.23203125
1 0.36328125 0.1734375 0.078125 0.2015625
1 0.37421875 0.08515625 0.1328125 0.1703125
1 0.44609375 0.90859375 0.1328125 0.17109375
1 0.3671875 0.66484375 0.1171875 0.26796875
1 0.2453125 0.9390625 0.159375 0.109375
1 0.1265625 0.85390625 0.22734375 0.28046875
1 0.09453125 0.95703125 0.1171875 0.0734375
1 0.0375 0.67109375 0.075 0.378125
1 0.0765625 0.6734375 0.08125 0.1890625
1 0.0734375 0.60390625 0.1328125 0.21953125
1 0.0328125 0.39296875 0.06484375 0.25
1 0.01484375 0.21328125 0.02890625 0.109375
1 0.078125 0.38125 0.09765625 0.2375
1 0.175 0.390625 0.1296875 0.21953125
1 0.2453125 0.3875 0.02890625 0.115625
1 0.3296875 0.3203125 0.1328125 0.27421875
1 0.23046875 0.1921875 0.1234375 0.2375
1 0.13203125 0.08515625 0.1484375 0.1703125
1 0.1671875 0.5765625 0.10078125 0.16484375
1 0.23359375 0.70703125 0.11015625 0.23203125
1 0.27578125 0.515625 0.10390625 0.2015625
1 0.0796875 0.15234375 0.159375 0.24375
1 0.25390625 0.07890625 0.1078125 0.1578125
1 0.03046875 0.01796875 0.0609375 0.0359375