1 0.1 0.46171875 0.19921875 0.3296875
1 0.2859375 0.5359375 0.225 0.32421875
1 0.34765625 0.34609375 0.203125 0.2859375
1 0.20625 0.2390625 0.18828125 0.246875
1 0.396875 0.15625 0.16328125 0.225
1 0.61953125 0.16796875 0.159375 0.18125
1 0.775 0.20078125 0.16640625 0.2359375
1 0.5453125 0.23046875 0.20625 0.18671875
1 0.79375 0.39296875 0.21015625 0.1921875
1 0.58671875 0.38984375 0.21015625 0.14296875
1 0.52890625 0.55234375 0.25390625 0.28046875
1 0.759375 0.57421875 0.25703125 0.25859375
1 0.67734375 0.82421875 0.28984375 0.340625
1 0.33671875 0.7828125 0.26796875 0.36796875