1 0.703125 0.3234375 0.290625 0.2984375
1 0.86875 0.6296875 0.1671875 0.303125
1 0.3625 0.28828125 0.0953125 0.1890625
1 0.521875 0.196875 0.0796875 0.1140625
1 0.4359375 0.31328125 0.13125 0.1390625
1 0.5140625 0.30078125 0.0796875 0.12421875
1 0.54375 0.41796875 0.115625 0.14921875
1 0.70703125 0.44765625 0.115625 0.1390625
1 0.7828125 0.546875 0.07578125 0.14921875
1 0.82265625 0.6265625 0.09921875 0.1296875
1 0.70703125 0.5546875 0.08359375 0.09453125
1 0.709375 0.6640625 0.11953125 0.1640625
1 0.725 0.72109375 0.0953125 0.11953125
1 0.64921875 0.81328125 0.11171875 0.1640625
1 0.59921875 0.7140625 0.1234375 0.14453125
1 0.5875 0.6046875 0.09921875 0.084375
1 0.6078125 0.5 0.09921875 0.134375
1 0.49609375 0.546875 0.13125 0.16953125
1 0.41015625 0.45 0.14375 0.14453125
1 0.334375 0.5546875 0.14375 0.1640625
1 0.4203125 0.56484375 0.04375 0.075
1 0.290625 0.415625 0.12734375 0.17421875
1 0.2453125 0.4453125 0.1078125 0.134375
1 0.1453125 0.56484375 0.115625 0.14453125
1 0.196875 0.64140625 0.1234375 0.1390625
1 0.2328125 0.57734375 0.059375 0.05
1 0.10390625 0.61953125 0.0640625 0.1140625
1 0.4640625 0.69375 0.1234375 0.12421875
1 0.528125 0.82109375 0.13125 0.17890625
1 0.4125 0.80078125 0.1234375 0.1390625
1 0.38671875 0.84609375 0.11171875 0.109375
1 0.34453125 0.7140625 0.1078125 0.14453125
1 0.25078125 0.7734375 0.11171875 0.1640625
1 0.1515625 0.7859375 0.11171875 0.1390625
1 0.11171875 0.74140625 0.11953125 0.1296875
1 0.20703125 0.853125 0.0875 0.06484375