1 0.21484375 0.23828125 0.24453125 0.390625
1 0.44453125 0.30234375 0.2296875 0.28359375
1 0.71640625 0.3234375 0.278125 0.33671875
1 0.821875 0.62578125 0.2515625 0.3421875
1 0.51640625 0.63125 0.2703125 0.37421875
1 0.428125 0.85859375 0.22578125 0.27265625
1 0.90390625 0.09375 0.18515625 0.1875
1 0.1109375 0.8234375 0.21484375 0.29921875
1 0.81328125 0.85859375 0.21875 0.27265625
1 0.0484375 0.4625 0.09609375 0.49765625
1 0.24296875 0.57734375 0.2703125 0.2671875
1 0.9296875 0.33984375 0.13359375 0.29375