1 0.6640625 0.6640625 0.2140625 0.265625
1 0.81640625 0.52109375 0.35859375 0.375
1 0.87578125 0.27109375 0.240625 0.35390625
1 0.696875 0.21328125 0.1796875 0.27109375
1 0.61484375 0.32578125 0.190625 0.22421875
1 0.60859375 0.34375 0.27890625 0.36484375
1 0.47890625 0.53125 0.27109375 0.35390625
1 0.4234375 0.7578125 0.20625 0.15078125
1 0.18515625 0.64296875 0.27109375 0.28671875
1 0.33046875 0.4296875 0.27109375 0.36953125
1 0.45625 0.171875 0.2328125 0.26015625
1 0.20234375 0.22890625 0.275 0.27109375
1 0.08359375 0.4078125 0.1671875 0.296875
1 0.08203125 0.1875 0.1640625 0.22890625