1 0.903125 0.5234375 0.1875 0.40859375
1 0.8359375 0.778125 0.32109375 0.21875
1 0.82578125 0.86953125 0.34140625 0.1421875
1 0.84453125 0.946875 0.3046875 0.09453125
1 0.3078125 0.84609375 0.12734375 0.29609375
1 0.44296875 0.84921875 0.1375 0.28984375
1 0.45625 0.93515625 0.43125 0.11796875
1 0.359375 0.97890625 0.0703125 0.0296875
1 0.63203125 0.721875 0.3609375 0.4375
1 0.1390625 0.834375 0.2375 0.13046875
1 0.0921875 0.78671875 0.18359375 0.3671875
1 0.17890625 0.6125 0.096875 0.06484375
1 0.22734375 0.57109375 0.06015625 0.12421875
1 0.28125 0.60625 0.0265625 0.0765625
1 0.20390625 0.66875 0.4078125 0.17734375
1 0.25078125 0.60390625 0.5015625 0.2015625
1 0.43984375 0.47890625 0.19765625 0.284375
1 0.58203125 0.446875 0.146875 0.278125
1 0.63046875 0.559375 0.090625 0.12421875
1 0.72265625 0.46484375 0.10703125 0.23046875
1 0.78125 0.57109375 0.05703125 0.1953125
1 0.72890625 0.228125 0.234375 0.37265625
1 0.90546875 0.10625 0.1265625 0.2125
1 0.965625 0.03515625 0.059375 0.0703125
1 0.80234375 0.0265625 0.08671875 0.053125
1 0.03828125 0.4234375 0.0765625 0.1953125
1 0.01875 0.26640625 0.03671875 0.13046875
1 0.053125 0.16171875 0.10625 0.2296875
1 0.13359375 0.26015625 0.08046875 0.3546875
1 0.19921875 0.2984375 0.090625 0.14765625
1 0.30234375 0.2453125 0.096875 0.1125
1 0.34609375 0.20703125 0.11015625 0.1421875
1 0.15 0.09140625 0.09375 0.1828125
1 0.22578125 0.0625 0.06328125 0.0890625
1 0.25078125 0.14765625 0.08671875 0.09453125
1 0.24609375 0.215625 0.03046875 0.1125
1 0.32265625 0.1125 0.0703125 0.07109375
1 0.2828125 0.0890625 0.05 0.059375
1 0.36484375 0.053125 0.053125 0.09453125
1 0.3359375 0.03828125 0.03046875 0.0765625
1 0.30625 0.01484375 0.0234375 0.0296875
1 0.46328125 0.15703125 0.10390625 0.14765625
1 0.4328125 0.284375 0.0703125 0.13046875
1 0.44140625 0.10625 0.1140625 0.10625
1 0.51640625 0.10625 0.1171875 0.165625
1 0.64921875 0.15390625 0.27421875 0.3078125
1 0.48359375 0.00859375 0.1171875 0.0171875