1 0.72734375 0.5984375 0.3421875 0.7046875
1 0.8109375 0.9125 0.37109375 0.1640625
1 0.7328125 0.88828125 0.39609375 0.16953125
1 0.91484375 0.65859375 0.16328125 0.31171875
1 0.921875 0.54921875 0.134375 0.13671875
1 0.9203125 0.39375 0.15234375 0.2296875
1 0.94921875 0.328125 0.09453125 0.3609375
1 0.909375 0.23515625 0.17421875 0.459375
1 0.92578125 0.2046875 0.1421875 0.30078125
1 0.790625 0.2078125 0.178125 0.30625
1 0.8515625 0.03515625 0.090625 0.0703125
1 0.72109375 0.13359375 0.0765625 0.2671875
1 0.67265625 0.0953125 0.2109375 0.190625
1 0.6234375 0.20234375 0.1125 0.196875
1 0.56875 0.38515625 0.0984375 0.16953125
1 0.59609375 0.5734375 0.15234375 0.1859375
1 0.61640625 0.77890625 0.19296875 0.25703125
1 0.45234375 0.60625 0.14921875 0.2296875
1 0.5203125 0.4890625 0.0578125 0.12578125
1 0.3984375 0.4015625 0.17109375 0.23515625
1 0.4015625 0.1640625 0.16328125 0.240625
1 0.45390625 0.18828125 0.2265625 0.3765625
1 0.24921875 0.28125 0.15625 0.22421875
1 0.26640625 0.08984375 0.1421875 0.1796875
1 0.26015625 0.54609375 0.16328125 0.21875
1 0.37265625 0.7734375 0.3015625 0.28984375
1 0.33125 0.803125 0.13828125 0.21875
1 0.2328125 0.828125 0.09453125 0.13671875
1 0.2 0.846875 0.0796875 0.1421875
1 0.11640625 0.68046875 0.21796875 0.33359375
1 0.1015625 0.471875 0.203125 0.44375
1 0.03671875 0.284375 0.07265625 0.415625
1 0.1125 0.1609375 0.225 0.321875