1 0.9328125 0.95078125 0.1265625 0.0875
1 0.98203125 0.89609375 0.02890625 0.0546875
1 0.9296875 0.78671875 0.134375 0.2515625
1 0.8859375 0.60078125 0.09765625 0.1203125
1 0.96015625 0.584375 0.07265625 0.240625
1 0.78828125 0.65546875 0.1484375 0.21875
1 0.78046875 0.7484375 0.20625 0.30625
1 0.66875 0.72109375 0.14140625 0.175
1 0.7953125 0.90703125 0.16328125 0.175
1 0.8171875 0.9703125 0.090625 0.04921875
1 0.9 0.48671875 0.15546875 0.1859375
1 0.9671875 0.4375 0.0578125 0.065625
1 0.96015625 0.38828125 0.07265625 0.04375
1 0.90234375 0.38515625 0.0359375 0.02734375
1 0.9328125 0.33046875 0.0546875 0.10390625
1 0.9765625 0.32265625 0.03984375 0.109375
1 0.8875 0.33046875 0.06484375 0.10390625
1 0.88046875 0.25703125 0.06484375 0.04375
1 0.91328125 0.196875 0.09453125 0.13125
1 0.97109375 0.22421875 0.05078125 0.109375
1 0.92734375 0.26796875 0.02890625 0.0328125
1 0.78984375 0.196875 0.08671875 0.196875
1 0.828125 0.30859375 0.09765625 0.11484375
1 0.784375 0.50546875 0.18515625 0.36640625
1 0.8171875 0.50546875 0.03984375 0.03828125
1 0.840625 0.540625 0.0359375 0.0328125
1 0.95625 0.10078125 0.0796875 0.13671875
1 0.97890625 0.01875 0.0328125 0.0375
1 0.92578125 0.0328125 0.0546875 0.065625
1 0.81953125 0.01328125 0.0546875 0.0265625
1 0.84453125 0.00546875 0.1375 0.0109375
1 0.83125 0.04375 0.1265625 0.065625
1 0.88203125 0.1171875 0.06875 0.09296875
1 0.82265625 0.0875 0.04375 0.065625
1 0.8546875 0.084375 0.06484375 0.13671875
1 0.73359375 0.03828125 0.0546875 0.0765625
1 0.7859375 0.2046875 0.08671875 0.20234375
1 0.7734375 0.22421875 0.0546875 0.1421875
1 0.79140625 0.23515625 0.1125 0.0875
1 0.82265625 0.1828125 0.05078125 0.03828125
1 0.80234375 0.13671875 0.046875 0.04375
1 0.70859375 0.4453125 0.09765625 0.16953125
1 0.775 0.39921875 0.06484375 0.0765625
1 0.7390625 0.3828125 0.02890625 0.04375
1 0.75 0.3390625 0.0578125 0.0546875
1 0.7140625 0.30859375 0.05078125 0.06015625
1 0.70625 0.35 0.02890625 0.04375
1 0.73359375 0.2515625 0.0546875 0.0546875
1 0.70078125 0.22421875 0.0328125 0.0546875
1 0.67421875 0.23203125 0.02890625 0.04921875
1 0.63984375 0.21875 0.025 0.0328125
1 0.6140625 0.19140625 0.025 0.0328125
1 0.6015625 0.175 0.02890625 0.0546875
1 0.65234375 0.128125 0.10859375 0.14765625
1 0.75546875 0.10625 0.090625 0.06015625
1 0.7265625 0.153125 0.03984375 0.04375
1 0.7265625 0.196875 0.03984375 0.04375
1 0.64296875 0.06015625 0.1484375 0.0546875
1 0.57578125 0.02734375 0.07265625 0.0546875
1 0.6203125 0.02421875 0.096875 0.0484375
1 0.68671875 0.0109375 0.0328125 0.021875
1 0.63984375 0.32265625 0.09765625 0.0765625
1 0.65 0.26484375 0.0328125 0.04921875
1 0.57421875 0.24609375 0.1125 0.0765625
1 0.6234375 0.49453125 0.159375 0.22421875
1 0.5890625 0.628125 0.1125 0.1203125
1 0.659375 0.7265625 0.1234375 0.153125
1 0.81015625 0.828125 0.15546875 0.13671875
1 0.67734375 0.80859375 0.115625 0.153125
1 0.66875 0.96484375 0.14140625 0.06015625
1 0.603125 0.9265625 0.09765625 0.12578125
1 0.671875 0.90703125 0.06171875 0.065625
1 0.6125 0.825 0.05078125 0.0984375
1 0.54140625 0.80625 0.15546875 0.28984375
1 0.5234375 0.95390625 0.090625 0.08203125
1 0.45078125 0.87734375 0.09765625 0.23515625
1 0.4796875 0.76796875 0.03984375 0.06015625
1 0.5546875 0.6828125 0.07265625 0.0546875
1 0.51640625 0.6421875 0.0328125 0.06015625
1 0.50546875 0.54921875 0.08359375 0.13671875
1 0.546875 0.45390625 0.04375 0.1203125
1 0.3421875 0.9265625 0.11953125 0.13671875
1 0.27734375 0.96484375 0.01796875 0.06015625
1 0.275 0.8578125 0.10859375 0.153125
1 0.375 0.79765625 0.1046875 0.153125
1 0.4453125 0.69921875 0.1015625 0.1203125
1 0.4640625 0.628125 0.07265625 0.0984375
1 0.44765625 0.5734375 0.03984375 0.0765625
1 0.3875 0.51640625 0.08671875 0.09296875
1 0.36796875 0.60625 0.1265625 0.1203125
1 0.32265625 0.7046875 0.1234375 0.1640625
1 0.215625 0.9265625 0.09765625 0.13671875
1 0.1015625 0.95625 0.15234375 0.0765625
1 0.11953125 0.871875 0.13046875 0.18046875
1 0.2046875 0.78984375 0.09765625 0.14765625
1 0.2515625 0.6609375 0.11953125 0.1859375
1 0.3078125 0.56015625 0.0796875 0.08203125
1 0.2390625 0.5328125 0.05078125 0.08203125
1 0.215625 0.5078125 0.0546875 0.0546875
1 0.18828125 0.44296875 0.05078125 0.0875
1 0.19921875 0.43203125 0.05078125 0.0546875
1 0.1125 0.50234375 0.13046875 0.1421875
1 0.1046875 0.6609375 0.1453125 0.2078125
1 0.1453125 0.66640625 0.08671875 0.1421875
1 0.10859375 0.76796875 0.1015625 0.09296875
1 0.02890625 0.89921875 0.0578125 0.13671875
1 0.01484375 0.978125 0.02890625 0.0328125
1 0.034375 0.8140625 0.06875 0.0984375
1 0.025 0.65546875 0.05 0.1640625
1 0.0578125 0.58203125 0.02890625 0.02734375
1 0.02890625 0.52421875 0.0578125 0.109375
1 0.08515625 0.32265625 0.1703125 0.2734375
1 0.2375 0.26484375 0.1703125 0.09296875
1 0.41875 0.196875 0.090625 0.065625
1 0.3546875 0.1390625 0.1234375 0.23515625
1 0.37109375 0.3578125 0.0546875 0.14765625
1 0.28984375 0.4046875 0.1453125 0.21875
1 0.45078125 0.4234375 0.1265625 0.19140625
1 0.5453125 0.4453125 0.03984375 0.09296875
1 0.5328125 0.35234375 0.09453125 0.08203125
1 0.56015625 0.30859375 0.046875 0.06015625
1 0.59453125 0.284375 0.07265625 0.065625
1 0.534375 0.19140625 0.0328125 0.04375
1 0.5703125 0.13359375 0.03984375 0.07109375
1 0.56484375 0.19375 0.02890625 0.06015625
1 0.44765625 0.10625 0.08359375 0.12578125
1 0.49453125 0.19375 0.046875 0.09296875
1 0.525 0.1203125 0.0578125 0.0984375
1 0.56171875 0.084375 0.05078125 0.04921875
1 0.50078125 0.040625 0.0765625 0.08125
1 0.44765625 0.021875 0.06875 0.04375
1 0.1578125 0.10078125 0.090625 0.13671875
1 0.2265625 0.19375 0.06171875 0.07109375
1 0.1953125 0.25390625 0.0578125 0.04921875
1 0.26796875 0.1640625 0.06484375 0.109375
1 0.22265625 0.11171875 0.0546875 0.07109375
1 0.24453125 0.04375 0.19921875 0.0875
1 0.37890625 0.02734375 0.08359375 0.0546875
1 0.11015625 0.02734375 0.1125 0.0546875
1 0.06171875 0.07890625 0.0796875 0.10390625
1 0.0578125 0.15 0.115625 0.09296875
1 0.09453125 0.29765625 0.18828125 0.30078125
1 0.1921875 0.3390625 0.04375 0.0328125
1 0.20078125 0.37734375 0.06171875 0.0546875
1 0.4984375 0.49765625 0.99609375 0.99453125