1 0.69453125 0.63359375 0.24765625 0.30625
1 0.77265625 0.30625 0.44765625 0.61171875
1 0.55625 0.521875 0.1234375 0.26796875
1 0.42890625 0.48359375 0.13828125 0.36640625
1 0.46015625 0.696875 0.221875 0.27890625
1 0.6 0.77578125 0.0875 0.109375
1 0.2796875 0.64453125 0.19609375 0.284375
1 0.30390625 0.36640625 0.31640625 0.3390625
1 0.490625 0.30078125 0.0875 0.21875
1 0.55078125 0.328125 0.090625 0.2078125
1 0.64375 0.18046875 0.11640625 0.2734375
1 0.5765625 0.17734375 0.0984375 0.21328125
1 0.79609375 0.1203125 0.4 0.240625
1 0.51484375 0.1203125 0.08359375 0.240625
1 0.38203125 0.13359375 0.20390625 0.23515625
1 0.1125 0.4609375 0.225 0.43125