1 0.85859375 0.91875 0.2734375 0.1546875
1 0.91015625 0.78984375 0.1703125 0.18125
1 0.8609375 0.61171875 0.26796875 0.23515625
1 0.971875 0.4828125 0.04609375 0.1625
1 0.78828125 0.38828125 0.24765625 0.2046875
1 0.9328125 0.38203125 0.1234375 0.1625
1 0.95625 0.27421875 0.07734375 0.1390625
1 0.9328125 0.20625 0.1234375 0.12734375
1 0.78125 0.228125 0.21171875 0.1234375
1 0.7578125 0.09296875 0.20625 0.18515625
1 0.91015625 0.08125 0.1703125 0.1625
1 0.51796875 0.11796875 0.2734375 0.1890625
1 0.62109375 0.01953125 0.18046875 0.03828125
1 0.5671875 0.28359375 0.278125 0.2046875
1 0.53125 0.459375 0.28828125 0.22421875
1 0.68046875 0.5328125 0.1234375 0.1625
1 0.559375 0.70234375 0.33515625 0.2703125
1 0.734375 0.77421875 0.20078125 0.2125
1 0.49765625 0.8859375 0.325 0.1734375
1 0.515625 0.959375 0.37109375 0.0734375
1 0.70625 0.934375 0.09296875 0.1234375
1 0.21875 0.81484375 0.3765625 0.2703125
1 0.12109375 0.88203125 0.2421875 0.228125
1 0.2703125 0.98046875 0.0671875 0.03125
1 0.00546875 0.640625 0.01015625 0.16953125
1 0.015625 0.728125 0.03125 0.11171875
1 0.2375 0.5421875 0.42265625 0.3515625
1 0.21640625 0.33203125 0.33984375 0.16953125
1 0.40703125 0.359375 0.09296875 0.08515625
1 0.265625 0.21015625 0.2625 0.18125
1 0.4046875 0.27578125 0.0671875 0.096875
1 0.396875 0.04453125 0.11328125 0.0890625
1 0.48203125 0.0171875 0.07734375 0.034375
1 0.18828125 0.075 0.3140625 0.15
1 0.0640625 0.1671875 0.128125 0.234375
1 0.04375 0.36328125 0.0875 0.2546875
1 0.01796875 0.02109375 0.0359375 0.0421875