1 0.76015625 0.88203125 0.40703125 0.228125
1 0.9125 0.83203125 0.16484375 0.26640625
1 0.4796875 0.84765625 0.29921875 0.25078125
1 0.71640625 0.6890625 0.31953125 0.2046875
1 0.84296875 0.5828125 0.23203125 0.20078125
1 0.95390625 0.5171875 0.0828125 0.17734375
1 0.58984375 0.5234375 0.2625 0.196875
1 0.39921875 0.6546875 0.2734375 0.2046875
1 0.39453125 0.47890625 0.21171875 0.16953125
1 0.515625 0.34375 0.20625 0.16953125
1 0.66484375 0.3375 0.103125 0.10390625
1 0.690625 0.43828125 0.175 0.10390625
1 0.79140625 0.3921875 0.21171875 0.15078125
1 0.9359375 0.4171875 0.11875 0.1625
1 0.9125 0.3109375 0.16484375 0.12734375
1 0.7375 0.26796875 0.20625 0.13515625
1 0.85546875 0.24140625 0.071875 0.0734375
1 0.83984375 0.1390625 0.1546875 0.1234375
1 0.74453125 0.1734375 0.16015625 0.09296875
1 0.70390625 0.08515625 0.1390625 0.09296875
1 0.7734375 0.07734375 0.06171875 0.03125
1 0.60859375 0.146875 0.1859375 0.1390625
1 0.4765625 0.18515625 0.1390625 0.04609375
1 0.48203125 0.25703125 0.1703125 0.11171875
1 0.6109375 0.2625 0.09765625 0.06171875
1 0.3375 0.3109375 0.1390625 0.11953125
1 0.353125 0.36328125 0.11875 0.1
1 0.2578125 0.3609375 0.06171875 0.0734375
1 0.20078125 0.26796875 0.1546875 0.12734375
1 0.30703125 0.1890625 0.190625 0.146875
1 0.440625 0.10625 0.16015625 0.11171875
1 0.21171875 0.040625 0.1546875 0.05
1 0.04140625 0.10234375 0.0828125 0.12734375
1 0.11875 0.06015625 0.09296875 0.05
1 0.11875 0.1296875 0.103125 0.11171875
1 0.0359375 0.20234375 0.06171875 0.0734375
1 0.221875 0.10625 0.0828125 0.08125
1 0.3296875 0.075 0.0828125 0.08125
1 0.559375 0.05 0.20078125 0.08515625
1 0.96640625 0.065625 0.05703125 0.1