1 0.6546875 0.52421875 0.13828125 0.2953125
1 0.73828125 0.54609375 0.15234375 0.371875
1 0.68203125 0.38515625 0.06171875 0.10390625
1 0.5671875 0.4015625 0.1234375 0.12578125
1 0.56015625 0.49765625 0.09453125 0.109375
1 0.5453125 0.65 0.0796875 0.1421875
1 0.621875 0.7515625 0.13828125 0.21328125
1 0.55234375 0.80859375 0.065625 0.0765625
1 0.4890625 0.77890625 0.12734375 0.14765625
1 0.45078125 0.65 0.065625 0.0875
1 0.4875 0.52421875 0.09453125 0.0875
1 0.4984375 0.4484375 0.0796875 0.0765625
1 0.43984375 0.50546875 0.04375 0.11484375
1 0.37265625 0.50234375 0.090625 0.109375
1 0.378125 0.63359375 0.0796875 0.0875
1 0.4109375 0.80078125 0.04375 0.10390625
1 0.32890625 0.73515625 0.134375 0.23515625
1 0.26328125 0.71328125 0.06875 0.15859375
1 0.309375 0.69921875 0.03671875 0.0546875
1 0.2671875 0.53515625 0.134375 0.196875
1 0.19296875 0.4921875 0.1453125 0.2296875
1 0.33828125 0.38515625 0.2328125 0.16953125