1 0.56171875 0.75234375 0.4265625 0.44375
1 0.81796875 0.62734375 0.225 0.459375
1 0.8875 0.528125 0.09296875 0.10703125
1 0.5640625 0.7375 0.096875 0.096875
1 0.50390625 0.5609375 0.046875 0.0921875
1 0.68203125 0.49453125 0.06171875 0.0609375
1 0.64921875 0.4796875 0.20546875 0.27578125
1 0.70703125 0.41875 0.0890625 0.12265625
1 0.76953125 0.17890625 0.18203125 0.31640625
1 0.58125 0.19921875 0.25546875 0.33671875
1 0.34140625 0.36484375 0.53515625 0.19921875
1 0.36015625 0.528125 0.31796875 0.3625
1 0.5234375 0.41875 0.046875 0.19375
1 0.24609375 0.7625 0.24453125 0.14765625
1 0.0640625 0.81875 0.096875 0.30078125
1 0.12421875 0.403125 0.209375 0.51015625
1 0.12421875 0.09453125 0.08515625 0.1375
1 0.178125 0.125 0.06171875 0.04609375
1 0.240625 0.08125 0.10859375 0.0609375
1 0.26171875 0.12734375 0.096875 0.05078125
1 0.2671875 0.1890625 0.03125 0.08125
1 0.22265625 0.209375 0.05 0.1125
1 0.32734375 0.23984375 0.15078125 0.07109375
1 0.3640625 0.1453125 0.13984375 0.23984375
1 0.44765625 0.0640625 0.0734375 0.0765625
1 0.45703125 0.1578125 0.06171875 0.0921875
1 0.5171875 0.265625 0.08125 0.05078125
1 0.17265625 0.11484375 0.3140625 0.19921875