1 0.51328125 0.490625 0.2484375 0.43671875
1 0.73984375 0.4578125 0.23203125 0.3578125
1 0.90234375 0.41796875 0.16328125 0.3875
1 0.88203125 0.6578125 0.221875 0.22421875
1 0.8546875 0.809375 0.20625 0.2484375
1 0.634375 0.76953125 0.1828125 0.4
1 0.671875 0.73046875 0.19921875 0.309375
1 0.45390625 0.8484375 0.26796875 0.2546875
1 0.45078125 0.63671875 0.15 0.21796875
1 0.30859375 0.590625 0.20625 0.33359375
1 0.37421875 0.2875 0.20625 0.32109375
1 0.5484375 0.16640625 0.196875 0.3328125
1 0.7203125 0.26328125 0.1859375 0.2484375
1 0.23046875 0.23671875 0.15390625 0.31484375
1 0.14375 0.53046875 0.215625 0.33359375
1 0.215625 0.803125 0.221875 0.2484375
1 0.05859375 0.7328125 0.1171875 0.20625