1 0.15625 0.459375 0.22578125 0.3609375
1 0.29609375 0.47578125 0.20703125 0.4484375
1 0.4234375 0.328125 0.3234375 0.328125
1 0.62734375 0.2921875 0.37421875 0.18046875
1 0.8546875 0.51875 0.15234375 0.415625
1 0.7453125 0.459375 0.13828125 0.2078125
1 0.69609375 0.61484375 0.25078125 0.20234375
1 0.609375 0.45625 0.134375 0.22421875
1 0.51640625 0.5984375 0.1015625 0.24609375
1 0.58515625 0.80859375 0.109375 0.284375
1 0.478125 0.7515625 0.1125 0.26796875
1 0.30390625 0.78984375 0.134375 0.28984375
1 0.1453125 0.653125 0.15234375 0.5296875