1 0.84375 0.91328125 0.17734375 0.16171875
1 0.92890625 0.8015625 0.134375 0.2625
1 0.96640625 0.95234375 0.06015625 0.08359375
1 0.87421875 0.57265625 0.21640625 0.2625
1 0.73046875 0.790625 0.1421875 0.23984375
1 0.83515625 0.75703125 0.103125 0.1734375
1 0.96953125 0.61484375 0.053125 0.134375
1 0.959375 0.35234375 0.07421875 0.33515625
1 0.9078125 0.09765625 0.134375 0.1953125
1 0.84765625 0.34921875 0.29765625 0.6984375
1 0.6453125 0.87734375 0.07109375 0.11171875
1 0.65078125 0.9359375 0.053125 0.07265625
1 0.7 0.9609375 0.0671875 0.0671875
1 0.72890625 0.94140625 0.053125 0.0953125
1 0.63125 0.96953125 0.05703125 0.05
1 0.59765625 0.89921875 0.04609375 0.0890625
1 0.57421875 0.95 0.05703125 0.0890625
1 0.54765625 0.896875 0.053125 0.08359375
1 0.51953125 0.9609375 0.04609375 0.0671875
1 0.46796875 0.9359375 0.078125 0.10625
1 0.4875 0.88828125 0.0671875 0.0890625
1 0.4734375 0.79921875 0.07421875 0.10078125
1 0.475 0.61171875 0.19140625 0.28515625
1 0.63125 0.5640625 0.1421875 0.2234375
1 0.58515625 0.72890625 0.16328125 0.2625
1 0.66484375 0.36328125 0.1734375 0.2796875
1 0.7734375 0.1984375 0.1421875 0.21796875
1 0.75546875 0.0421875 0.20546875 0.08359375
1 0.64375 0.12265625 0.1453125 0.2234375
1 0.57421875 0.053125 0.1703125 0.10625
1 0.528125 0.1703125 0.11328125 0.128125
1 0.49296875 0.315625 0.1984375 0.30703125
1 0.3953125 0.43046875 0.08828125 0.17890625
1 0.37578125 0.22890625 0.11328125 0.2125
1 0.3421875 0.33828125 0.053125 0.07265625
1 0.4203125 0.078125 0.16640625 0.15625
1 0.29765625 0.15625 0.12734375 0.234375
1 0.27109375 0.05 0.1171875 0.1
1 0.2640625 0.290625 0.2234375 0.58125
1 0.3421875 0.6453125 0.07421875 0.1171875
1 0.3796875 0.7375 0.078125 0.10078125
1 0.4328125 0.79609375 0.0421875 0.1171875
1 0.3796875 0.83203125 0.08515625 0.134375
1 0.4203125 0.9109375 0.0671875 0.10078125
1 0.41328125 0.97734375 0.0671875 0.03359375
1 0.36171875 0.9328125 0.0640625 0.12265625
1 0.290625 0.91640625 0.09921875 0.15625
1 0.28515625 0.971875 0.11015625 0.04453125
1 0.3046875 0.7796875 0.07109375 0.1171875
1 0.23046875 0.7796875 0.0921875 0.13984375
1 0.25546875 0.7234375 0.0421875 0.05
1 0.3046875 0.70703125 0.05703125 0.05
1 0.33359375 0.84609375 0.02109375 0.05
1 0.1859375 0.92421875 0.1171875 0.13984375
1 0.14375 0.8265625 0.08828125 0.1453125
1 0.0640625 0.84921875 0.09921875 0.15625
1 0.0796875 0.94140625 0.08125 0.10625
1 0.02109375 0.9578125 0.0421875 0.06171875
1 0.015625 0.84296875 0.03125 0.1671875
1 0.1703125 0.7234375 0.05 0.0953125
1 0.16875 0.6453125 0.053125 0.07265625
1 0.16328125 0.5671875 0.0421875 0.0953125
1 0.2734375 0.5140625 0.03515625 0.0671875
1 0.3015625 0.57265625 0.05 0.06171875
1 0.2890625 0.62265625 0.025 0.06171875
1 0.1734375 0.17890625 0.15625 0.3578125
1 0.17890625 0.2796875 0.2734375 0.55859375
1 0.12734375 0.2234375 0.134375 0.36875
1 0.20546875 0.37421875 0.09921875 0.290625
1 0.146875 0.34375 0.29375 0.6875
1 0.21484375 0.5640625 0.08125 0.25703125
1 0.17890625 0.53046875 0.12421875 0.3578125
1 0.10078125 0.35234375 0.04609375 0.078125
1 0.08515625 0.30703125 0.02109375 0.02265625
1 0.06015625 0.30703125 0.03515625 0.05625
1 0.040625 0.25703125 0.053125 0.05625
1 0.03046875 0.2125 0.053125 0.0671875
1 0.015625 0.16953125 0.03125 0.0609375
1 0.0234375 0.2875 0.04609375 0.06171875
1 0.0375 0.3265625 0.04609375 0.05
1 0.1171875 0.65625 0.0640625 0.06171875
1 0.1203125 0.58671875 0.05703125 0.0671875
1 0.10078125 0.5390625 0.0390625 0.07265625
1 0.12265625 0.503125 0.053125 0.05625
1 0.09765625 0.4359375 0.04609375 0.0671875
1 0.05859375 0.41640625 0.04609375 0.05
1 0.0234375 0.37421875 0.0390625 0.05625
1 0.00546875 0.43828125 0.0109375 0.06171875
1 0.0546875 0.475 0.0671875 0.078125
1 0.03359375 0.52265625 0.0390625 0.08359375
1 0.0671875 0.55 0.03515625 0.06171875
1 0.04609375 0.5953125 0.03515625 0.07265625
1 0.015625 0.57734375 0.03125 0.0828125
1 0.0546875 0.63984375 0.053125 0.0390625
1 0.0640625 0.68984375 0.05703125 0.08359375
1 0.0515625 0.7265625 0.0671875 0.078125