1 0.9546875 0.784375 0.08359375 0.24609375
1 0.865625 0.96171875 0.0875 0.065625
1 0.221875 0.828125 0.32734375 0.33359375
1 0.49453125 0.9015625 0.28359375 0.1859375
1 0.0578125 0.78046875 0.115625 0.4265625
1 0.2453125 0.2625 0.490625 0.52421875
1 0.42890625 0.54921875 0.17421875 0.33359375
1 0.578125 0.57890625 0.2546875 0.50234375
1 0.71484375 0.65546875 0.08359375 0.2734375
1 0.5875 0.84453125 0.03984375 0.07109375
1 0.61796875 0.41015625 0.26875 0.56796875
1 0.8109375 0.46484375 0.16015625 0.64453125
1 0.86875 0.49453125 0.2546875 0.5078125
1 0.89296875 0.653125 0.10546875 0.11484375
1 0.9578125 0.51875 0.0765625 0.0984375
1 0.87265625 0.7484375 0.0578125 0.0765625