1 0.4921875 0.36328125 0.24296875 0.3140625
1 0.63125 0.55703125 0.11953125 0.14453125
1 0.0640625 0.8609375 0.12734375 0.26796875
1 0.14453125 0.94296875 0.065625 0.103125
1 0.196875 0.80390625 0.146875 0.2375
1 0.21796875 0.7375 0.10390625 0.28828125
1 0.33359375 0.75546875 0.15078125 0.21171875
1 0.3921875 0.8765625 0.228125 0.2375
1 0.48046875 0.86875 0.10390625 0.221875
1 0.2203125 0.95625 0.1234375 0.07734375
1 0.55390625 0.89921875 0.05 0.11875
1 0.65078125 0.8015625 0.3359375 0.38671875
1 0.83359375 0.9046875 0.07734375 0.12890625
1 0.80859375 0.690625 0.1734375 0.26796875
1 0.92890625 0.79921875 0.13515625 0.278125
1 0.92265625 0.95390625 0.146875 0.0828125
1 0.66796875 0.67265625 0.115625 0.18046875
1 0.73203125 0.4875 0.13515625 0.1703125
1 0.7203125 0.32734375 0.1890625 0.25234375
1 0.78203125 0.2375 0.1734375 0.28828125
1 0.9015625 0.3609375 0.1890625 0.64921875
1 0.9515625 0.18828125 0.0890625 0.1390625
1 0.97265625 0.36875 0.04609375 0.21171875
1 0.853125 0.0671875 0.1546875 0.134375
1 0.728125 0.0671875 0.12734375 0.134375
1 0.63828125 0.09765625 0.1265625 0.1953125
1 0.5484375 0.1671875 0.1 0.16015625
1 0.60625 0.26796875 0.06171875 0.071875
1 0.565625 0.48984375 0.0734375 0.103125
1 0.52109375 0.65234375 0.1390625 0.30390625
1 0.47109375 0.5953125 0.08515625 0.10859375
1 0.41875 0.646875 0.0734375 0.0671875
1 0.35546875 0.51796875 0.16953125 0.29375
1 0.1875 0.575 0.196875 0.221875
1 0.090625 0.678125 0.0734375 0.07734375
1 0.13515625 0.66015625 0.03828125 0.071875
1 0.02890625 0.63671875 0.0578125 0.190625
1 0.065625 0.63125 0.1 0.09765625
1 0.05234375 0.571875 0.065625 0.03125
1 0.04609375 0.54375 0.0921875 0.0875
1 0.1390625 0.37890625 0.278125 0.2625
1 0.05390625 0.1984375 0.1078125 0.1703125
1 0.1640625 0.23203125 0.14296875 0.103125
1 0.2703125 0.2421875 0.1234375 0.2265625
1 0.36484375 0.29140625 0.10390625 0.2421875
1 0.4015625 0.071875 0.1625 0.14375
1 0.43828125 0.1390625 0.096875 0.1546875
1 0.21015625 0.05390625 0.2046875 0.1078125
1 0.09609375 0.08984375 0.1921875 0.1796875
1 0.21640625 0.175 0.09296875 0.19609375
1 0.528125 0.04609375 0.09375 0.0921875
1 0.4984375 0.49765625 0.99609375 0.99453125