1 0.865625 0.75390625 0.26015625 0.3578125
1 0.92109375 0.953125 0.14921875 0.0828125
1 0.79921875 0.909375 0.11875 0.17109375
1 0.896875 0.5546875 0.19921875 0.20703125
1 0.74296875 0.38046875 0.46015625 0.4609375
1 0.6109375 0.39921875 0.08828125 0.12421875
1 0.67421875 0.50546875 0.1 0.11953125
1 0.721875 0.60078125 0.08828125 0.1140625
1 0.7546875 0.66875 0.0609375 0.0828125
1 0.63203125 0.590625 0.0921875 0.1140625
1 0.584375 0.49453125 0.08828125 0.10859375
1 0.6453125 0.6890625 0.08046875 0.0625
1 0.6953125 0.73828125 0.08046875 0.07734375
1 0.57890625 0.81875 0.52890625 0.35234375
1 0.7359375 0.971875 0.153125 0.046875
1 0.27421875 0.73828125 0.23359375 0.31640625
1 0.4828125 0.60078125 0.2453125 0.196875
1 0.30234375 0.45078125 0.19921875 0.35234375
1 0.390625 0.31328125 0.35234375 0.378125
1 0.04609375 0.28515625 0.0921875 0.3625
1 0.06484375 0.15 0.05390625 0.07265625
1 0.13828125 0.1421875 0.0765625 0.08828125
1 0.1765625 0.21796875 0.0765625 0.10390625
1 0.2203125 0.2203125 0.0265625 0.0671875
1 0.19765625 0.27734375 0.06484375 0.046875
1 0.13828125 0.32109375 0.0765625 0.10390625
1 0.1171875 0.22265625 0.0578125 0.09296875
1 0.1359375 0.48984375 0.271875 0.409375
1 0.11484375 0.82421875 0.0921875 0.12421875
1 0.22578125 0.89921875 0.21484375 0.19140625
1 0.0578125 0.95078125 0.11484375 0.08828125
1 0.06875 0.8203125 0.1375 0.346875