1 0.584375 0.72421875 0.09296875 0.115625
1 0.6625 0.6375 0.15078125 0.1734375
1 0.79296875 0.6109375 0.1734375 0.1640625
1 0.7625 0.49765625 0.1375 0.09765625
1 0.85546875 0.47578125 0.10234375 0.10703125
1 0.76640625 0.40859375 0.1203125 0.0796875
1 0.75078125 0.28671875 0.15078125 0.146875
1 0.65546875 0.33984375 0.15546875 0.1375
1 0.6265625 0.253125 0.115625 0.07109375
1 0.50859375 0.278125 0.084375 0.09296875
1 0.5421875 0.37578125 0.07109375 0.09296875
1 0.63125 0.49140625 0.13359375 0.1640625
1 0.50703125 0.58203125 0.16875 0.1421875
1 0.49765625 0.70234375 0.115625 0.12421875
1 0.3421875 0.546875 0.2046875 0.16875
1 0.47109375 0.42890625 0.16875 0.1734375
1 0.42421875 0.3578125 0.1109375 0.1109375
1 0.40703125 0.253125 0.1109375 0.09765625
1 0.315625 0.4203125 0.13359375 0.1203125