1 0.58125 0.90859375 0.15859375 0.171875
1 0.7125 0.87109375 0.1625 0.24765625
1 0.79296875 0.69375 0.184375 0.2578125
1 0.896875 0.6046875 0.09609375 0.11328125
1 0.90625 0.49453125 0.07734375 0.12890625
1 0.8484375 0.31171875 0.13984375 0.22578125
1 0.74140625 0.421875 0.17734375 0.25234375
1 0.79296875 0.48125 0.1328125 0.17734375
1 0.72109375 0.20703125 0.121875 0.18828125
1 0.78984375 0.16953125 0.0515625 0.11328125
1 0.6328125 0.18515625 0.1 0.1453125
1 0.5390625 0.27421875 0.14765625 0.2046875
1 0.6328125 0.3578125 0.12890625 0.19921875
1 0.59765625 0.4703125 0.03671875 0.08046875
1 0.65703125 0.56953125 0.1328125 0.23671875
1 0.6515625 0.7578125 0.10703125 0.171875
1 0.5421875 0.81484375 0.13984375 0.15625
1 0.46640625 0.91953125 0.08515625 0.15078125
1 0.37421875 0.9109375 0.13671875 0.16640625
1 0.4296875 0.7421875 0.13671875 0.2046875
1 0.55 0.6234375 0.16953125 0.23671875
1 0.509375 0.459375 0.14765625 0.19921875
1 0.47578125 0.2015625 0.13984375 0.19921875
1 0.42265625 0.34140625 0.1 0.16640625
1 0.35390625 0.38203125 0.13984375 0.19375
1 0.275 0.5109375 0.1515625 0.19375
1 0.39140625 0.575 0.13984375 0.19375
1 0.31953125 0.71484375 0.10703125 0.1828125
1 0.30234375 0.88203125 0.103125 0.1609375
1 0.225 0.81484375 0.1546875 0.2421875
1 0.215625 0.6265625 0.121875 0.19921875