1 0.89375 0.69375 0.20546875 0.50625
1 0.86171875 0.9265625 0.26953125 0.13515625
1 0.58046875 0.91484375 0.30625 0.15859375
1 0.628125 0.5765625 0.33984375 0.65859375
1 0.77265625 0.44375 0.1984375 0.26484375
1 0.48125 0.503125 0.18828125 0.64140625
1 0.28984375 0.68515625 0.34375 0.61796875
1 0.25390625 0.90625 0.42734375 0.1765625
1 0.60078125 0.46796875 0.07734375 0.13515625
1 0.35859375 0.48828125 0.1046875 0.2703125
1 0.178125 0.43828125 0.29609375 0.2765625
1 0.025 0.440625 0.05 0.10625
1 0.025 0.5140625 0.05 0.0875
1 0.09296875 0.7765625 0.18515625 0.43515625
1 0.12109375 0.61484375 0.09453125 0.146875