1 0.534375 0.4703125 0.16015625 0.1203125
1 0.81640625 0.4921875 0.090625 0.2078125
1 0.409375 0.88515625 0.178125 0.21875
1 0.56015625 0.915625 0.16015625 0.15859375
1 0.23671875 0.69140625 0.18203125 0.33359375
1 0.3015625 0.88515625 0.07265625 0.0984375
1 0.4328125 0.65859375 0.1453125 0.14765625
1 0.565625 0.69140625 0.14921875 0.11484375
1 0.6015625 0.7625 0.10546875 0.11484375
1 0.68203125 0.71015625 0.178125 0.1640625
1 0.71484375 0.8171875 0.2 0.19140625
1 0.80390625 0.6390625 0.11640625 0.2953125
1 0.78203125 0.31171875 0.1890625 0.2625
1 0.68359375 0.21328125 0.0578125 0.0765625
1 0.61484375 0.196875 0.19609375 0.1203125
1 0.509375 0.13125 0.109375 0.196875
1 0.4 0.15 0.18203125 0.25703125
1 0.2671875 0.15859375 0.1125 0.2078125
1 0.27265625 0.3578125 0.18203125 0.26796875
1 0.32578125 0.28984375 0.090625 0.0765625
1 0.209375 0.42109375 0.2 0.2625
1 0.1328125 0.51328125 0.1125 0.153125
1 0.465625 0.49765625 0.79296875 0.99453125