1 0.83828125 0.925 0.13828125 0.13828125
1 0.95546875 0.921875 0.0828125 0.14453125
1 0.93203125 0.75625 0.12890625 0.175
1 0.7359375 0.7890625 0.10546875 0.2890625
1 0.8171875 0.77109375 0.05625 0.15625
1 0.84453125 0.56640625 0.15859375 0.22890625
1 0.940625 0.3828125 0.1125 0.175
1 0.95859375 0.2890625 0.07578125 0.10859375
1 0.42578125 0.246875 0.21796875 0.27734375
1 0.58046875 0.425 0.1125 0.2953125
1 0.60703125 0.7828125 0.178125 0.421875
1 0.709375 0.94609375 0.13203125 0.09609375
1 0.45859375 0.94296875 0.0921875 0.10234375
1 0.503125 0.89453125 0.06953125 0.1265625
1 0.36484375 0.93984375 0.0828125 0.10859375
1 0.24609375 0.9484375 0.09609375 0.090625
1 0.2984375 0.9578125 0.04921875 0.07265625
1 0.36953125 0.834375 0.16484375 0.27109375
1 0.4703125 0.77734375 0.09609375 0.22890625
1 0.49375 0.59609375 0.09609375 0.16875
1 0.446875 0.4125 0.15546875 0.22265625
1 0.6109375 0.4671875 0.15859375 0.15078125
1 0.72578125 0.47578125 0.2640625 0.27734375
1 0.7953125 0.31640625 0.09921875 0.1984375
1 0.83984375 0.2109375 0.09609375 0.15625
1 0.75390625 0.18984375 0.115625 0.175
1 0.6703125 0.2140625 0.0921875 0.1984375
1 0.615625 0.246875 0.16171875 0.22890625
1 0.2109375 0.68984375 0.27734375 0.175
1 0.146875 0.85859375 0.115625 0.15078125
1 0.25234375 0.84921875 0.0828125 0.09609375
1 0.09375 0.9125 0.1875 0.1625
1 0.18515625 0.4609375 0.09921875 0.23515625
1 0.31171875 0.47265625 0.13515625 0.2828125
1 0.08046875 0.30703125 0.121875 0.2890625
1 0.30234375 0.2015625 0.13515625 0.1984375
1 0.47109375 0.159375 0.1515625 0.31875
1 0.60078125 0.09375 0.16484375 0.13828125
1 0.209375 0.23203125 0.240625 0.18671875
1 0.0609375 0.60859375 0.121875 0.49375
1 0.57578125 0.96953125 0.0296875 0.0484375
1 0.60546875 0.94609375 0.0296875 0.06015625
1 0.621875 0.925 0.0296875 0.06640625
1 0.64375 0.85234375 0.0265625 0.06640625
1 0.6109375 0.85546875 0.01953125 0.06015625
1 0.584375 0.92734375 0.03984375 0.09609375
1 0.55625 0.90078125 0.01640625 0.06640625
1 0.5859375 0.85234375 0.0296875 0.06640625
1 0.54453125 0.8015625 0.01953125 0.07265625
1 0.57109375 0.8375 0.0265625 0.07265625
1 0.59375 0.7984375 0.0265625 0.078125
1 0.6125 0.73515625 0.01640625 0.0484375
1 0.62578125 0.7953125 0.0296875 0.06015625
1 0.653125 0.73828125 0.0328125 0.078125
1 0.6828125 0.74375 0.0265625 0.06640625
1 0.57890625 0.73203125 0.0296875 0.05390625
1 0.54453125 0.7171875 0.0328125 0.0484375
1 0.57890625 0.665625 0.04296875 0.090625
1 0.6171875 0.66875 0.0328125 0.07265625
1 0.6421875 0.63828125 0.0296875 0.07265625
1 0.66796875 0.67734375 0.0234375 0.05390625
1 0.4984375 0.56953125 0.996875 0.84921875