1 0.85625 0.7390625 0.203125 0.484375
1 0.97109375 0.89296875 0.0515625 0.20234375
1 0.91640625 0.66875 0.1546875 0.34375
1 0.97421875 0.61640625 0.0453125 0.20234375
1 0.97109375 0.6625 0.0515625 0.19609375
1 0.92265625 0.5125 0.0515625 0.2390625
1 0.859375 0.37421875 0.10625 0.38046875
1 0.93203125 0.39609375 0.12890625 0.178125
1 0.93046875 0.27265625 0.10625 0.11640625
1 0.9390625 0.35546875 0.06484375 0.0734375
1 0.946875 0.2640625 0.1 0.35546875
1 0.8515625 0.11328125 0.07109375 0.21484375
1 0.79375 0.15625 0.07734375 0.0921875
1 0.77734375 0.28515625 0.08359375 0.10390625
1 0.790625 0.39609375 0.07734375 0.153125
1 0.6953125 0.30390625 0.12578125 0.3375
1 0.7015625 0.12890625 0.18359375 0.2578125
1 0.56953125 0.18984375 0.11953125 0.13515625
1 0.61640625 0.4078125 0.07734375 0.36171875
1 0.559375 0.496875 0.07421875 0.36796875
1 0.53515625 0.35546875 0.0578125 0.20859375
1 0.6421875 0.69921875 0.07109375 0.2578125
1 0.5921875 0.83125 0.11328125 0.3125
1 0.57265625 0.9203125 0.06796875 0.146875
1 0.7078125 0.94765625 0.203125 0.0921875
1 0.72265625 0.825 0.2 0.12890625
1 0.82890625 0.8375 0.12890625 0.3125
1 0.78203125 0.65 0.12578125 0.30703125
1 0.69375 0.5890625 0.08359375 0.34375
1 0.4890625 0.7328125 0.06796875 0.44765625
1 0.44375 0.7296875 0.06796875 0.33125
1 0.43515625 0.4203125 0.0453125 0.30078125
1 0.46796875 0.38671875 0.0390625 0.2578125
1 0.45625 0.2390625 0.0421875 0.159375
1 0.42421875 0.2359375 0.02890625 0.0921875
1 0.40625 0.19609375 0.0578125 0.146875
1 0.396875 0.29765625 0.0390625 0.0796875
1 0.36953125 0.5125 0.07421875 0.325
1 0.3890625 0.77890625 0.08671875 0.4296875
1 0.43515625 0.94140625 0.0578125 0.10390625
1 0.32421875 0.8125 0.06796875 0.35
1 0.2953125 0.65 0.08671875 0.35546875
1 0.33046875 0.46640625 0.06796875 0.0859375
1 0.31953125 0.35859375 0.0390625 0.12890625
1 0.3578125 0.2359375 0.0578125 0.2390625
1 0.3078125 0.22734375 0.07421875 0.19609375
1 0.30625 0.171875 0.08359375 0.171875
1 0.296875 0.13515625 0.0453125 0.12265625
1 0.2484375 0.18984375 0.0453125 0.0984375
1 0.23515625 0.36796875 0.0578125 0.2453125
1 0.2484375 0.61015625 0.109375 0.44765625
1 0.2578125 0.8984375 0.08359375 0.178125
1 0.159375 0.81875 0.17109375 0.35
1 0.17421875 0.496875 0.07734375 0.490625
1 0.1890625 0.659375 0.07421875 0.37421875
1 0.07578125 0.7609375 0.0609375 0.46640625
1 0.07265625 0.7546875 0.1453125 0.47890625
1 0.07109375 0.53984375 0.13515625 0.35546875
1 0.0546875 0.45703125 0.109375 0.27578125
1 0.12578125 0.30703125 0.06484375 0.13515625
1 0.17578125 0.2609375 0.08671875 0.2390625
1 0.21953125 0.1875 0.03203125 0.10390625
1 0.109375 0.2453125 0.12890625 0.146875
1 0.06328125 0.33125 0.02890625 0.0859375
1 0.03203125 0.38359375 0.0640625 0.0796875