1 0.85625 0.48359375 0.221875 0.34453125
1 0.97109375 0.53515625 0.05078125 0.109375
1 0.9453125 0.6171875 0.1015625 0.0984375
1 0.890625 0.81953125 0.2109375 0.35
1 0.690625 0.7625 0.20390625 0.28984375
1 0.8 0.68046875 0.09453125 0.13671875
1 0.6984375 0.934375 0.21796875 0.1203125
1 0.57265625 0.89921875 0.1203125 0.16953125
1 0.5 0.71328125 0.20703125 0.32265625
1 0.63984375 0.609375 0.1453125 0.14765625
1 0.7234375 0.48671875 0.1234375 0.2953125
1 0.47265625 0.5 0.19609375 0.25703125
1 0.6109375 0.49765625 0.1015625 0.13125
1 0.63125 0.325 0.17109375 0.26796875
1 0.73984375 0.215625 0.16328125 0.25703125
1 0.59609375 0.16953125 0.15234375 0.21875
1 0.5109375 0.21328125 0.06875 0.109375
1 0.4984375 0.3390625 0.1453125 0.1859375
1 0.35078125 0.3578125 0.19296875 0.24609375
1 0.39453125 0.19140625 0.134375 0.1640625
1 0.2796875 0.1171875 0.15234375 0.22421875
1 0.178125 0.2515625 0.2109375 0.1640625
1 0.165625 0.41796875 0.20703125 0.28984375
1 0.13828125 0.7046875 0.13828125 0.2734375
1 0.08203125 0.890625 0.16328125 0.2078125
1 0.25234375 0.85546875 0.221875 0.27890625
1 0.29296875 0.5984375 0.178125 0.24609375
1 0.39453125 0.740625 0.08359375 0.16953125
1 0.42734375 0.91015625 0.22890625 0.16953125
1 0.0671875 0.6203125 0.134375 0.34453125
1 0.04375 0.35546875 0.0875 0.2515625
1 0.03828125 0.175 0.0765625 0.21875