1 0.7875 0.14375 0.28359375 0.2765625
1 0.615625 0.10390625 0.11953125 0.10078125
1 0.50546875 0.28203125 0.0484375 0.0640625
1 0.4796875 0.43046875 0.01875 0.02109375
1 0.5390625 0.52109375 0.02578125 0.03203125
1 0.5671875 0.4546875 0.05234375 0.0796875
1 0.60625 0.359375 0.0484375 0.0796875
1 0.64765625 0.29765625 0.0484375 0.08515625
1 0.675 0.21015625 0.0296875 0.04765625
1 0.7296875 0.22578125 0.04140625 0.06953125
1 0.75546875 0.29765625 0.06328125 0.12734375
1 0.69609375 0.31640625 0.06328125 0.14375
1 0.64140625 0.39375 0.08984375 0.1171875
1 0.73125 0.40390625 0.11953125 0.0640625
1 0.83046875 0.3640625 0.0484375 0.0796875
1 0.80625 0.37734375 0.0375 0.053125
1 0.83359375 0.40390625 0.078125 0.0640625
1 0.8265625 0.6140625 0.1453125 0.35625
1 0.7421875 0.63046875 0.04453125 0.15390625
1 0.59140625 0.51875 0.05625 0.05859375
1 0.67734375 0.52109375 0.1234375 0.1171875
1 0.75390625 0.51875 0.0296875 0.05859375
1 0.6921875 0.6171875 0.06328125 0.09609375
1 0.671875 0.65703125 0.059375 0.090625
1 0.62109375 0.62734375 0.06328125 0.08515625
1 0.578125 0.5796875 0.0296875 0.07421875
1 0.53203125 0.678125 0.078125 0.10078125
1 0.45859375 0.72890625 0.075 0.10625
1 0.52421875 0.76328125 0.0484375 0.04765625
1 0.453125 0.80078125 0.03359375 0.04765625
1 0.61953125 0.7609375 0.059375 0.10625
1 0.69765625 0.8140625 0.08984375 0.14921875