1 0.93125 0.6171875 0.109375 0.1421875
1 0.87421875 0.5296875 0.0984375 0.153125
1 0.80703125 0.57890625 0.11640625 0.109375
1 0.80390625 0.68828125 0.1234375 0.1421875
1 0.76328125 0.77890625 0.109375 0.15859375
1 0.65625 0.6171875 0.090625 0.1203125
1 0.68515625 0.7078125 0.10546875 0.13671875
1 0.6875 0.54921875 0.09453125 0.13671875
1 0.7234375 0.63125 0.05078125 0.08203125
1 0.7453125 0.51640625 0.065625 0.12578125
1 0.75625 0.415625 0.0875 0.153125
1 0.67109375 0.35234375 0.090625 0.11484375
1 0.68515625 0.44296875 0.0765625 0.0875
1 0.621875 0.48671875 0.13125 0.1203125
1 0.57109375 0.609375 0.11640625 0.18046875
1 0.55625 0.7515625 0.109375 0.13671875
1 0.621875 0.76796875 0.109375 0.14765625
1 0.58359375 0.85546875 0.12734375 0.16953125
1 0.51484375 0.5546875 0.04765625 0.08203125
1 0.50390625 0.653125 0.06171875 0.09296875
1 0.46015625 0.59296875 0.12734375 0.11484375
1 0.4421875 0.7078125 0.1203125 0.19140625
1 0.35234375 0.825 0.1015625 0.1859375
1 0.35234375 0.68828125 0.1015625 0.1203125
1 0.33984375 0.5734375 0.134375 0.153125
1 0.42578125 0.46484375 0.85078125 0.92890625