1 0.5203125 0.96171875 0.17421875 0.065625
1 0.54765625 0.9046875 0.221875 0.18046875
1 0.52734375 0.86875 0.20390625 0.0875
1 0.63671875 0.8609375 0.13125 0.22421875
1 0.721875 0.9265625 0.1125 0.13671875
1 0.81796875 0.92890625 0.0796875 0.13125
1 0.91640625 0.9015625 0.1234375 0.1859375
1 0.89296875 0.86875 0.06875 0.0875
1 0.83828125 0.8359375 0.1125 0.1640625
1 0.86015625 0.75390625 0.14921875 0.109375
1 0.9421875 0.759375 0.0796875 0.109375
1 0.94765625 0.6859375 0.08359375 0.14765625
1 0.96328125 0.56015625 0.065625 0.12578125
1 0.82734375 0.5515625 0.20703125 0.30625
1 0.73984375 0.73203125 0.090625 0.109375
1 0.621875 0.65546875 0.1890625 0.4375
1 0.534375 0.78671875 0.15234375 0.153125
1 0.50546875 0.6828125 0.03671875 0.065625
1 0.53828125 0.64453125 0.1453125 0.2296875
1 0.43828125 0.6640625 0.0546875 0.10390625
1 0.4203125 0.56015625 0.03984375 0.06015625
1 0.50390625 0.52421875 0.0328125 0.065625
1 0.61484375 0.33359375 0.15234375 0.2734375
1 0.6765625 0.45625 0.1671875 0.24609375
1 0.70546875 0.61484375 0.07265625 0.13671875
1 0.9328125 0.3171875 0.12734375 0.3609375
1 0.88203125 0.08203125 0.090625 0.1640625
1 0.81015625 0.02421875 0.0796875 0.0484375
1 0.65078125 0.0546875 0.26171875 0.109375
1 0.57265625 0.0875 0.06171875 0.0875
1 0.5234375 0.09296875 0.0578125 0.1421875
1 0.41796875 0.20234375 0.065625 0.0765625
1 0.3890625 0.371875 0.065625 0.109375
1 0.4546875 0.4375 0.0875 0.1203125
1 0.50703125 0.3359375 0.15625 0.09296875
1 0.56015625 0.19140625 0.21796875 0.2078125
1 0.68359375 0.1640625 0.03671875 0.065625
1 0.71796875 0.13359375 0.0328125 0.04921875
1 0.734375 0.10625 0.021875 0.02734375
1 0.83984375 0.13125 0.04375 0.065625
1 0.87109375 0.16640625 0.03984375 0.07109375
1 0.8875 0.22421875 0.03671875 0.0546875
1 0.87421875 0.2921875 0.03984375 0.04921875
1 0.88515625 0.34453125 0.03984375 0.0546875
1 0.84921875 0.328125 0.0328125 0.065625
1 0.85625 0.24296875 0.03984375 0.06015625
1 0.83671875 0.2046875 0.04375 0.06015625
1 0.7984375 0.1390625 0.0328125 0.07109375
1 0.77109375 0.153125 0.04375 0.065625
1 0.79296875 0.2078125 0.04375 0.065625
1 0.72734375 0.21328125 0.03671875 0.0546875
1 0.7 0.2484375 0.01796875 0.06015625
1 0.75625 0.2515625 0.04375 0.065625
1 0.778125 0.27578125 0.04375 0.06015625
1 0.821875 0.28671875 0.04375 0.06015625
1 0.821875 0.34453125 0.02890625 0.04375
1 0.7875 0.328125 0.03984375 0.0546875