1 0.9109375 0.59765625 0.16953125 0.278125
1 0.9 0.35859375 0.19296875 0.190625
1 0.86484375 0.13125 0.22421875 0.2625
1 0.7375 0.2859375 0.1 0.21171875
1 0.7140625 0.07734375 0.17734375 0.1546875
1 0.62734375 0.24453125 0.0734375 0.30390625
1 0.6640625 0.2625 0.05390625 0.26796875
1 0.6734375 0.4328125 0.18125 0.1234375
1 0.77421875 0.5515625 0.11171875 0.3609375
1 0.8765625 0.75 0.2390625 0.10859375
1 0.67578125 0.8140625 0.22421875 0.09296875
1 0.84375 0.80390625 0.15859375 0.071875
1 0.83359375 0.8609375 0.20859375 0.06171875
1 0.55625 0.884375 0.35546875 0.0875
1 0.51328125 0.8015625 0.4171875 0.221875
1 0.70234375 0.634375 0.06953125 0.26796875
1 0.6234375 0.61875 0.11171875 0.28828125
1 0.48828125 0.7296875 0.11953125 0.16015625
1 0.2609375 0.7703125 0.2125 0.190625
1 0.2390625 0.64921875 0.08515625 0.4640625
1 0.2046875 0.44609375 0.07734375 0.2734375
1 0.3703125 0.1109375 0.35546875 0.1390625
1 0.525 0.1828125 0.1625 0.3453125
1 0.5484375 0.11875 0.09296875 0.21640625
1 0.5671875 0.0953125 0.05390625 0.12890625
1 0.34140625 0.16484375 0.24296875 0.0828125
1 0.26953125 0.10546875 0.0546875 0.2109375
1 0.365625 0.03828125 0.078125 0.0765625
1 0.31484375 0.03125 0.08125 0.06171875
1 0.25859375 0.1984375 0.1234375 0.0671875
1 0.36484375 0.29140625 0.27421875 0.04609375
1 0.37421875 0.2296875 0.2546875 0.0671875
1 0.38984375 0.3328125 0.29375 0.12890625
1 0.45390625 0.384375 0.29765625 0.10859375
1 0.2953125 0.42265625 0.0578125 0.21640625
1 0.33046875 0.5671875 0.05 0.26796875
1 0.34375 0.528125 0.20859375 0.190625
1 0.3859375 0.571875 0.22421875 0.3296875
1 0.484375 0.50234375 0.15859375 0.1703125
1 0.44375 0.6234375 0.23203125 0.3609375
1 0.51328125 0.60546875 0.20859375 0.3140625
1 0.575 0.58515625 0.1234375 0.16015625