1 0.8203125 0.721875 0.28984375 0.29921875
1 0.8859375 0.3734375 0.2203125 0.396875
1 0.621875 0.40703125 0.33984375 0.40234375
1 0.7703125 0.1671875 0.2046875 0.221875
1 0.4359375 0.23203125 0.1546875 0.20625
1 0.53125 0.13125 0.3515625 0.2625
1 0.41328125 0.55390625 0.18515625 0.2734375
1 0.54609375 0.78828125 0.27421875 0.39140625
1 0.28984375 0.7421875 0.2390625 0.33984375
1 0.3203125 0.928125 0.278125 0.134375
1 0.24140625 0.471875 0.36640625 0.48984375
1 0.08125 0.49765625 0.1625 0.99453125
1 0.29375 0.10546875 0.13125 0.20078125
1 0.36796875 0.04609375 0.1203125 0.0921875
1 0.4359375 0.01015625 0.06171875 0.0203125
1 0.2125 0.19609375 0.1234375 0.1546875
1 0.1140625 0.28125 0.11953125 0.18046875
1 0.075 0.33515625 0.0578125 0.175
1 0.0484375 0.17265625 0.096875 0.11875
1 0.11796875 0.0875 0.11953125 0.09296875
1 0.22109375 0.0203125 0.0890625 0.040625