1 0.13671875 0.25390625 0.27265625 0.5078125
1 0.26328125 0.30859375 0.4546875 0.6171875
1 0.8453125 0.4015625 0.2 0.26796875
1 0.734375 0.43203125 0.1890625 0.415625
1 0.63671875 0.4890625 0.19609375 0.51875
1 0.5 0.478125 0.2578125 0.30078125
1 0.42578125 0.5953125 0.21796875 0.2953125
1 0.57421875 0.6859375 0.290625 0.20234375
1 0.56015625 0.82265625 0.19609375 0.19140625
1 0.42734375 0.7515625 0.2 0.27890625
1 0.34921875 0.7515625 0.13828125 0.20234375
1 0.35078125 0.84453125 0.1203125 0.11484375