1 0.72421875 0.57109375 0.5453125 0.8453125
1 0.6921875 0.23828125 0.3609375 0.4765625
1 0.3296875 0.38671875 0.4984375 0.7734375
1 0.4328125 0.8125 0.06328125 0.0890625
1 0.34921875 0.809375 0.10390625 0.13125
1 0.41171875 0.9109375 0.09375 0.16640625
1 0.4546875 0.94375 0.08671875 0.1015625
1 0.3296875 0.934375 0.0765625 0.11875
1 0.27578125 0.875 0.08359375 0.1546875
1 0.22265625 0.7796875 0.10390625 0.16640625
1 0.15078125 0.746875 0.0734375 0.13671875
1 0.1640625 0.9015625 0.146875 0.184375
1 0.25078125 0.9703125 0.08671875 0.04765625