1 0.66015625 0.78046875 0.43359375 0.42578125
1 0.45703125 0.93203125 0.1140625 0.12265625
1 0.6953125 0.3609375 0.4125 0.721875
1 0.3125 0.42578125 0.43984375 0.8515625
1 0.2171875 0.91640625 0.21875 0.1546875
1 0.35703125 0.896875 0.190625 0.19375
1 0.909375 0.68359375 0.12578125 0.11640625
1 0.909375 0.80625 0.1015625 0.12890625
1 0.92890625 0.38046875 0.06171875 0.18046875
1 0.07109375 0.42578125 0.03671875 0.1421875
1 0.05546875 0.5515625 0.0859375 0.109375
1 0.47109375 0.0421875 0.1109375 0.08359375