1 0.34140625 0.8703125 0.06484375 0.0515625
1 0.3796875 0.846875 0.06484375 0.08828125
1 0.43125 0.85234375 0.10703125 0.0984375
1 0.9671875 0.86796875 0.05703125 0.0671875
1 0.9484375 0.82890625 0.0953125 0.0828125
1 0.95625 0.7515625 0.08046875 0.1140625
1 0.8953125 0.696875 0.08046875 0.1296875
1 0.90859375 0.7671875 0.03828125 0.07265625
1 0.85703125 0.775 0.0875 0.10859375
1 0.828125 0.67578125 0.09140625 0.13984375
1 0.93515625 0.55703125 0.09140625 0.11953125
1 0.984375 0.6578125 0.02265625 0.0625
1 0.7234375 0.67578125 0.07265625 0.11953125
1 0.775 0.70703125 0.04609375 0.07734375
1 0.7484375 0.79765625 0.053125 0.0515625
1 0.7484375 0.8734375 0.053125 0.05703125
1 0.56328125 0.653125 0.08046875 0.09296875
1 0.5703125 0.60859375 0.0953125 0.0671875
1 0.55 0.73046875 0.053125 0.07265625
1 0.4984375 0.6890625 0.05 0.12421875
1 0.41640625 0.75625 0.0609375 0.10390625
1 0.396875 0.775 0.03828125 0.05703125
1 0.41640625 0.69453125 0.08359375 0.12421875
1 0.4734375 0.6421875 0.09140625 0.165625
1 0.02890625 0.134375 0.05703125 0.0828125
1 0.08203125 0.1140625 0.05 0.0625
1 0.13515625 0.1453125 0.06484375 0.07265625
1 0.21171875 0.1609375 0.07265625 0.07265625
1 0.25546875 0.121875 0.053125 0.046875
1 0.2921875 0.13984375 0.0421875 0.0625
1 0.31640625 0.1140625 0.04609375 0.0515625
1 0.3375 0.1734375 0.06484375 0.07734375
1 0.378125 0.13984375 0.0609375 0.1140625
1 0.37578125 0.090625 0.0953125 0.0984375
1 0.32578125 0.04375 0.1109375 0.0875
1 0.36171875 0.059375 0.0765625 0.11875
1 0.43515625 0.04140625 0.08359375 0.0828125
1 0.446875 0.10859375 0.053125 0.07265625
1 0.51640625 0.04375 0.0796875 0.0875
1 0.5265625 0.0625 0.06875 0.07265625
1 0.56328125 0.0515625 0.0265625 0.0625
1 0.51328125 0.11640625 0.05703125 0.05703125
1 0.5875 0.01328125 0.053125 0.02578125
1 0.646875 0.0390625 0.06484375 0.07734375
1 0.71171875 0.046875 0.07265625 0.09296875
1 0.7671875 0.04140625 0.053125 0.0828125
1 0.759375 0.11640625 0.06875 0.08828125
1 0.78984375 0.1734375 0.0765625 0.08828125
1 0.82265625 0.225 0.08046875 0.0671875
1 0.871875 0.21015625 0.06484375 0.08828125
1 0.91640625 0.21484375 0.03828125 0.046875
1 0.95234375 0.2484375 0.0421875 0.0515625
1 0.90625 0.25390625 0.05 0.0515625
1 0.93671875 0.275 0.0421875 0.03125
1 0.91015625 0.31328125 0.06484375 0.0671875
1 0.9484375 0.346875 0.05 0.1140625
1 0.9046875 0.3703125 0.0609375 0.05703125
1 0.975 0.303125 0.0421875 0.05703125
1 0.9828125 0.37578125 0.0265625 0.0984375
1 0.9734375 0.42734375 0.04609375 0.07734375
1 0.94296875 0.46640625 0.08359375 0.12421875
1 0.896875 0.46640625 0.08359375 0.10390625
1 0.85078125 0.4171875 0.0609375 0.08828125
1 0.85859375 0.35 0.03828125 0.07734375
1 0.86796875 0.29296875 0.06484375 0.05703125
1 0.83203125 0.32109375 0.09140625 0.09296875
1 0.77890625 0.271875 0.0609375 0.0984375
1 0.765625 0.334375 0.05703125 0.07734375
1 0.8015625 0.3734375 0.0609375 0.07265625
1 0.81328125 0.453125 0.03828125 0.07734375
1 0.75546875 0.484375 0.0609375 0.05703125
1 0.74453125 0.409375 0.0609375 0.10390625
1 0.05 0.66875 0.09921875 0.09296875
1 0.15078125 0.621875 0.06484375 0.07265625
1 0.1890625 0.6734375 0.08046875 0.134375
1 0.22734375 0.7359375 0.05 0.0625
1 0.284375 0.7328125 0.034375 0.07734375
1 0.25546875 0.81875 0.03046875 0.0515625
1 0.15859375 0.78203125 0.07265625 0.07265625
1 0.23125 0.86796875 0.0953125 0.05703125
1 0.43359375 0.1578125 0.0421875 0.02578125
1 0.46171875 0.2125 0.0609375 0.07265625
1 0.490625 0.27734375 0.05703125 0.08828125
1 0.51875 0.30859375 0.03046875 0.046875
1 0.56328125 0.28984375 0.07265625 0.10390625
1 0.60703125 0.32890625 0.03828125 0.0359375
1 0.621875 0.3703125 0.09140625 0.046875
1 0.6296875 0.425 0.10703125 0.09296875
1 0.6296875 0.48984375 0.06875 0.08828125
1 0.70625 0.4921875 0.0765625 0.0828125
1 0.66015625 0.3578125 0.08359375 0.07265625
1 0.71171875 0.346875 0.0421875 0.03125
1 0.66015625 0.28203125 0.04609375 0.08828125
1 0.62421875 0.28203125 0.05703125 0.0671875
1 0.6296875 0.2328125 0.06875 0.03125
1 0.60078125 0.21015625 0.08046875 0.046875
1 0.59375 0.16875 0.05703125 0.046875
1 0.59765625 0.10390625 0.07265625 0.0828125
1 0.6734375 0.18671875 0.08046875 0.10390625
1 0.70390625 0.1453125 0.05703125 0.07265625
1 0.7421875 0.2046875 0.05703125 0.07734375
1 0.71171875 0.271875 0.05 0.0984375
1 0.7515625 0.47890625 0.04609375 0.07734375
1 0.56328125 0.471875 0.05703125 0.09296875
1 0.5765625 0.5546875 0.0765625 0.07265625
1 0.58359375 0.61171875 0.06875 0.0625
1 0.48125 0.6375 0.09140625 0.15546875
1 0.534375 0.5671875 0.03828125 0.0671875
1 0.52265625 0.515625 0.04609375 0.08828125
1 0.4921875 0.484375 0.04609375 0.13984375
1 0.53828125 0.378125 0.08359375 0.1140625
1 0.4578125 0.39140625 0.08359375 0.2125
1 0.43515625 0.48671875 0.08359375 0.12421875
1 0.39296875 0.303125 0.06875 0.10859375
1 0.40625 0.3859375 0.05 0.05703125
1 0.34140625 0.303125 0.05 0.08828125
1 0.31875 0.34453125 0.0875 0.10859375
1 0.36484375 0.4375 0.07265625 0.07734375
1 0.37421875 0.48984375 0.121875 0.0671875
1 0.34375 0.5625 0.08359375 0.08828125
1 0.39296875 0.55703125 0.0609375 0.05703125
1 0.37421875 0.60390625 0.02265625 0.046875
1 0.35078125 0.66875 0.0609375 0.07265625
1 0.25390625 0.58515625 0.12578125 0.12421875
1 0.29609375 0.5 0.06484375 0.0984375
1 0.2671875 0.44296875 0.09921875 0.1296875
1 0.23671875 0.36015625 0.06875 0.0984375
1 0.265625 0.30546875 0.05 0.0625
1 0.275 0.2359375 0.0765625 0.10859375
1 0.3109375 0.21796875 0.0421875 0.0625
1 0.259375 0.18125 0.04609375 0.04140625
1 0.196875 0.23046875 0.06484375 0.08828125
1 0.21171875 0.2875 0.05703125 0.05703125
1 0.171875 0.378125 0.0609375 0.09296875
1 0.19453125 0.4609375 0.04609375 0.07265625
1 0.16015625 0.51015625 0.0609375 0.05703125
1 0.11796875 0.5515625 0.03828125 0.05703125
1 0.06484375 0.54921875 0.08359375 0.09296875
1 0.05546875 0.4375 0.103125 0.13984375
1 0.09375 0.365625 0.06484375 0.10859375
1 0.1390625 0.41953125 0.05703125 0.0515625
1 0.13359375 0.303125 0.09140625 0.07734375
1 0.059375 0.303125 0.0875 0.11953125
1 0.05 0.36015625 0.04609375 0.07734375
1 0.00546875 0.4890625 0.0109375 0.0875
1 0.01875 0.21953125 0.0375 0.0984375
1 0.0703125 0.20703125 0.07265625 0.09296875
1 0.1453125 0.225 0.0609375 0.08828125
1 0.66640625 0.59609375 0.0875 0.1140625
1 0.7421875 0.54921875 0.0953125 0.0625
1 0.8625 0.03359375 0.053125 0.0671875
1 0.4984375 0.45078125 0.99609375 0.9015625