1 0.69375 0.27578125 0.1453125 0.1578125
1 0.64296875 0.3125 0.10078125 0.1328125
1 0.7296875 0.41640625 0.08046875 0.1234375
1 0.7015625 0.5515625 0.13671875 0.10859375
1 0.73203125 0.60859375 0.10078125 0.07421875
1 0.790625 0.534375 0.05625 0.103125
1 0.6734375 0.64296875 0.12109375 0.09375
1 0.76171875 0.66015625 0.07265625 0.07890625
1 0.68359375 0.70234375 0.084375 0.07421875
1 0.62109375 0.70703125 0.12109375 0.14296875
1 0.40703125 0.76328125 0.2578125 0.196875
1 0.534375 0.8375 0.04453125 0.0296875
1 0.6171875 0.8078125 0.153125 0.0390625
1 0.4859375 0.6796875 0.15703125 0.24609375
1 0.48828125 0.55703125 0.2015625 0.07890625
1 0.39296875 0.603125 0.084375 0.14296875
1 0.2984375 0.57421875 0.1453125 0.18203125
1 0.2984375 0.465625 0.13671875 0.1625
1 0.23203125 0.49765625 0.084375 0.0984375
1 0.36875 0.48046875 0.0359375 0.05390625
1 0.4921875 0.38203125 0.290625 0.35
1 0.665625 0.440625 0.06484375 0.1328125
1 0.45390625 0.22890625 0.24609375 0.1328125
1 0.57890625 0.20703125 0.0359375 0.059375
1 0.3484375 0.20234375 0.028125 0.04921875
1 0.28828125 0.3203125 0.15703125 0.27578125