1 0.728125 0.8515625 0.26328125 0.2859375
1 0.91328125 0.8390625 0.16640625 0.309375
1 0.85703125 0.5328125 0.246875 0.36328125
1 0.98515625 0.58046875 0.0234375 0.2203125
1 0.75703125 0.253125 0.19296875 0.315625
1 0.91640625 0.13671875 0.16015625 0.2734375
1 0.7703125 0.04453125 0.16015625 0.0890625
1 0.64296875 0.1015625 0.13359375 0.16640625
1 0.61171875 0.2265625 0.11640625 0.17890625
1 0.66328125 0.4703125 0.10703125 0.2265625
1 0.68515625 0.6515625 0.1234375 0.13671875
1 0.7515625 0.70234375 0.05703125 0.14296875
1 0.5265625 0.128125 0.10703125 0.1609375
1 0.546875 0.0390625 0.08671875 0.07734375
1 0.49296875 0.01796875 0.06015625 0.0359375
1 0.6328125 0.0234375 0.09375 0.046875
1 0.5234375 0.29140625 0.1 0.190625
1 0.58203125 0.38984375 0.11640625 0.17265625
1 0.49140625 0.51484375 0.1234375 0.23203125
1 0.55859375 0.57734375 0.1296875 0.20234375
1 0.521875 0.753125 0.14296875 0.26796875
1 0.575 0.8984375 0.08359375 0.190625
1 0.478125 0.9015625 0.103125 0.184375
1 0.5203125 0.9671875 0.0796875 0.05390625
1 0.41796875 0.61640625 0.11015625 0.26796875
1 0.4234375 0.8359375 0.1203125 0.2203125
1 0.3265625 0.940625 0.16640625 0.10703125
1 0.28359375 0.7796875 0.1796875 0.26171875
1 0.103125 0.88125 0.1796875 0.2265625
1 0.18515625 0.9703125 0.0765625 0.04765625
1 0.01796875 0.803125 0.0359375 0.203125
1 0.075 0.73828125 0.0765625 0.190625
1 0.1703125 0.690625 0.1265625 0.190625
1 0.33984375 0.55078125 0.1265625 0.20859375
1 0.41796875 0.61015625 0.11015625 0.26796875
1 0.2984375 0.44609375 0.11015625 0.10703125
1 0.2484375 0.57734375 0.06328125 0.16640625
1 0.40703125 0.36328125 0.1265625 0.2140625
1 0.03984375 0.60390625 0.0796875 0.20859375
1 0.13984375 0.61015625 0.09296875 0.0890625
1 0.16015625 0.4703125 0.18671875 0.25
1 0.25703125 0.309375 0.1734375 0.190625
1 0.3265625 0.2734375 0.08671875 0.13125
1 0.1453125 0.29453125 0.05 0.11328125
1 0.06484375 0.3359375 0.1296875 0.30390625
1 0.2203125 0.17578125 0.11328125 0.13671875
1 0.321875 0.10703125 0.11640625 0.17890625
1 0.41796875 0.18125 0.103125 0.1484375
1 0.4203125 0.059375 0.1203125 0.11875
1 0.2703125 0.02109375 0.09296875 0.04140625
1 0.23515625 0.10703125 0.05 0.14296875
1 0.20078125 0.0265625 0.0421875 0.053125
1 0.16171875 0.13125 0.08984375 0.16640625
1 0.06796875 0.05390625 0.1296875 0.10703125
1 0.06484375 0.125 0.1296875 0.11875
1 0.096875 0.14296875 0.06640625 0.16640625
1 0.03359375 0.2171875 0.06640625 0.125