1 0.3734375 0.17578125 0.4125 0.3515625
1 0.67734375 0.13046875 0.1953125 0.2609375
1 0.84453125 0.23828125 0.12265625 0.22734375
1 0.93359375 0.28125 0.05625 0.11953125
1 0.30390625 0.3125 0.16796875 0.18203125
1 0.15 0.40078125 0.2234375 0.25546875
1 0.03828125 0.71328125 0.0765625 0.471875
1 0.93671875 0.8578125 0.08359375 0.159375
1 0.471875 0.78984375 0.825 0.409375
1 0.53828125 0.503125 0.86015625 0.24453125
1 0.940625 0.715625 0.11171875 0.35234375
1 0.634375 0.315625 0.5140625 0.16484375