1 0.72265625 0.375 0.5453125 0.6640625
1 0.7796875 0.72109375 0.13984375 0.2140625
1 0.92265625 0.725 0.1453125 0.15
1 0.975 0.8609375 0.03984375 0.1640625
1 0.875 0.8640625 0.1703125 0.1859375
1 0.73515625 0.92109375 0.1296875 0.14296875
1 0.8546875 0.97109375 0.11015625 0.04296875
1 0.7046875 0.8390625 0.18984375 0.10703125
1 0.6328125 0.94296875 0.125 0.1
1 0.5078125 0.9140625 0.13515625 0.15703125
1 0.37265625 0.9609375 0.13515625 0.0640625
1 0.5453125 0.75390625 0.35 0.3640625
1 0.17734375 0.80703125 0.3546875 0.37109375
1 0.3375 0.54296875 0.33515625 0.4140625
1 0.23984375 0.1859375 0.4796875 0.37109375
1 0.1203125 0.36796875 0.23984375 0.40703125
1 0.0625 0.625 0.125 0.25
1 0.8296875 0.05390625 0.2796875 0.10703125
1 0.74140625 0.07109375 0.5046875 0.1421875