1 0.94296875 0.8234375 0.10625 0.18984375
1 0.89375 0.91015625 0.20546875 0.16875
1 0.88828125 0.93515625 0.21640625 0.11953125
1 0.76953125 0.9484375 0.04375 0.0921875
1 0.7 0.93515625 0.0953125 0.11953125
1 0.6578125 0.9671875 0.09140625 0.0546875
1 0.76953125 0.76640625 0.234375 0.29375
1 0.8734375 0.66015625 0.2453125 0.53828125
1 0.9484375 0.50234375 0.0953125 0.103125
1 0.8828125 0.29375 0.21953125 0.36953125
1 0.8875 0.08125 0.215625 0.1625
1 0.72734375 0.1140625 0.14296875 0.228125
1 0.6828125 0.3453125 0.26015625 0.353125
1 0.775 0.4265625 0.09921875 0.146875
1 0.85 0.52421875 0.10234375 0.1578125
1 0.79296875 0.61171875 0.0765625 0.1359375
1 0.70703125 0.6875 0.0953125 0.1578125
1 0.7140625 0.540625 0.11015625 0.146875
1 0.615625 0.603125 0.11015625 0.1953125
1 0.565625 0.77421875 0.0765625 0.18984375
1 0.646875 0.75 0.11328125 0.18515625
1 0.5625 0.81015625 0.12109375 0.09765625
1 0.615625 0.9046875 0.0734375 0.103125
1 0.55859375 0.9296875 0.084375 0.13046875
1 0.5109375 0.87734375 0.04765625 0.0921875
1 0.5 0.9484375 0.12109375 0.0921875
1 0.434375 0.8234375 0.14296875 0.20078125
1 0.50546875 0.665625 0.13203125 0.20078125
1 0.53125 0.54921875 0.0515625 0.07578125
1 0.55859375 0.48671875 0.0546875 0.0921875
1 0.5234375 0.35859375 0.0734375 0.20625
1 0.59375 0.2421875 0.13203125 0.1578125
1 0.59453125 0.08671875 0.1421875 0.1734375
1 0.6375 0.0109375 0.34453125 0.021875
1 0.425 0.1765625 0.21953125 0.353125
1 0.384375 0.36171875 0.0734375 0.103125
1 0.4265625 0.39921875 0.13515625 0.146875
1 0.446875 0.50546875 0.1609375 0.1953125
1 0.39921875 0.61171875 0.0953125 0.22265625
1 0.3734375 0.9375 0.13203125 0.1140625
1 0.3390625 0.84765625 0.040625 0.0546875
1 0.328125 0.71171875 0.14296875 0.1953125
1 0.33671875 0.43515625 0.05859375 0.35859375
1 0.28203125 0.4484375 0.08046875 0.3421875
1 0.30390625 0.26640625 0.05859375 0.271875
1 0.23984375 0.26640625 0.0765625 0.18515625
1 0.21796875 0.40234375 0.10625 0.34765625
1 0.24140625 0.64375 0.0515625 0.08125
1 0.25859375 0.66875 0.0625 0.10859375
1 0.19375 0.7421875 0.05859375 0.08125
1 0.1578125 0.77734375 0.03671875 0.0546875
1 0.06796875 0.875 0.13515625 0.2390625
1 0.19765625 0.87265625 0.24921875 0.24453125
1 0.11328125 0.578125 0.2265625 0.396875
1 0.1046875 0.45078125 0.2015625 0.04375
1 0.10625 0.4890625 0.1171875 0.10859375
1 0.11015625 0.17109375 0.21953125 0.3421875
1 0.096875 0.35859375 0.19375 0.14140625
1 0.246875 0.04609375 0.11328125 0.0921875
1 0.27109375 0.16875 0.10234375 0.14140625