1 0.89765625 0.753125 0.196875 0.328125
1 0.72734375 0.81640625 0.2796875 0.3109375
1 0.63828125 0.64453125 0.24375 0.321875
1 0.428125 0.7890625 0.290625 0.36640625
1 0.328125 0.65 0.16875 0.178125
1 0.15078125 0.753125 0.2578125 0.30546875
1 0.2203125 0.8609375 0.29765625 0.26640625
1 0.00859375 0.80859375 0.0171875 0.1390625
1 0.071875 0.45546875 0.14375 0.1890625
1 0.1953125 0.4640625 0.12578125 0.1609375
1 0.30859375 0.48359375 0.1 0.121875
1 0.27421875 0.40546875 0.096875 0.078125
1 0.45546875 0.446875 0.16484375 0.171875
1 0.61640625 0.453125 0.09296875 0.09453125
1 0.5953125 0.3359375 0.0859375 0.15
1 0.65234375 0.39453125 0.06484375 0.078125
1 0.7328125 0.4390625 0.1328125 0.14453125
1 0.7546875 0.35546875 0.12578125 0.1109375
1 0.83125 0.40546875 0.11484375 0.1109375
1 0.9265625 0.1609375 0.0609375 0.06640625
1 0.9734375 0.20546875 0.046875 0.05546875
1 0.9046875 0.1140625 0.06796875 0.0609375
1 0.96953125 0.10859375 0.05390625 0.05
1 0.9375 0.028125 0.06796875 0.05546875
1 0.8390625 0.03046875 0.05703125 0.0609375
1 0.80859375 0.071875 0.075 0.121875
1 0.74765625 0.05 0.05390625 0.04453125
1 0.72734375 0.0859375 0.05703125 0.0609375
1 0.74765625 0.121875 0.05390625 0.04453125
1 0.7671875 0.23359375 0.07890625 0.078125
1 0.66484375 0.24140625 0.08984375 0.11640625
1 0.621875 0.26640625 0.0609375 0.06640625
1 0.54453125 0.21640625 0.0859375 0.06640625
1 0.46796875 0.2359375 0.06796875 0.09453125
1 0.33515625 0.253125 0.1109375 0.128125
1 0.40703125 0.23046875 0.0390625 0.05
1 0.221875 0.246875 0.1 0.09453125
1 0.1328125 0.225 0.09296875 0.08359375
1 0.01953125 0.25859375 0.0390625 0.10546875
1 0.109375 0.1359375 0.0609375 0.08359375
1 0.134375 0.1 0.0609375 0.04453125
1 0.184375 0.13359375 0.075 0.1109375
1 0.28828125 0.11953125 0.096875 0.1390625
1 0.3765625 0.1140625 0.05703125 0.0609375
1 0.42109375 0.15 0.08984375 0.1109375
1 0.5109375 0.09453125 0.046875 0.05546875
1 0.6203125 0.05859375 0.09296875 0.08359375
1 0.65390625 0.025 0.046875 0.05
1 0.66640625 0.1140625 0.0359375 0.0609375
1 0.46796875 0.04453125 0.046875 0.05546875
1 0.38671875 0.053125 0.04296875 0.0609375
1 0.32109375 0.053125 0.075 0.0390625
1 0.26171875 0.05546875 0.05703125 0.078125
1 0.19375 0.04453125 0.09296875 0.078125
1 0.13046875 0.03046875 0.06796875 0.0609375
1 0.0875 0.025 0.05390625 0.05
1 0.03046875 0.028125 0.05390625 0.05546875
1 0.0125 0.128125 0.025 0.06640625