1 0.83125 0.828125 0.22890625 0.33359375
1 0.821875 0.6609375 0.34921875 0.53515625
1 0.92890625 0.5078125 0.134375 0.71015625
1 0.7875 0.1859375 0.18515625 0.284375
1 0.91796875 0.0953125 0.15625 0.18046875
1 0.83359375 0.03515625 0.1265625 0.0703125
1 0.86171875 0.48359375 0.1671875 0.31171875
1 0.92734375 0.71015625 0.109375 0.1640625
1 0.62890625 0.39375 0.19609375 0.240625
1 0.578125 0.2703125 0.21796875 0.24609375
1 0.5671875 0.07109375 0.15234375 0.1421875
1 0.63046875 0.07890625 0.1046875 0.1578125
1 0.73984375 0.02734375 0.06875 0.0546875
1 0.61640625 0.66953125 0.25078125 0.37734375
1 0.5796875 0.84140625 0.33125 0.30625
1 0.5890625 0.9703125 0.18203125 0.04921875
1 0.36171875 0.871875 0.1203125 0.16953125
1 0.3421875 0.71875 0.1671875 0.27890625
1 0.47109375 0.60078125 0.10546875 0.1203125
1 0.3765625 0.39375 0.2578125 0.3828125
1 0.44375 0.1421875 0.1890625 0.2515625
1 0.35625 0.04375 0.26875 0.0875
1 0.1515625 0.04609375 0.13125 0.0921875
1 0.12734375 0.1640625 0.0578125 0.2078125
1 0.22734375 0.1421875 0.18515625 0.2296875
1 0.20703125 0.3578125 0.2984375 0.5953125
1 0.065625 0.36875 0.13125 0.28984375
1 0.12734375 0.171875 0.0578125 0.15859375
1 0.09453125 0.54921875 0.1890625 0.33359375
1 0.18515625 0.7296875 0.18203125 0.27890625
1 0.25234375 0.9203125 0.5046875 0.146875
1 0.05078125 0.67734375 0.1015625 0.3828125
1 0.05078125 0.10625 0.1015625 0.2125
1 0.02734375 0.25390625 0.0546875 0.14765625
1 0.4984375 0.49765625 0.99609375 0.99453125