1 0.15234375 0.2796875 0.3046875 0.559375
1 0.35390625 0.09296875 0.1828125 0.1859375
1 0.5171875 0.09609375 0.13671875 0.1921875
1 0.66875 0.115625 0.1578125 0.23125
1 0.86328125 0.090625 0.26640625 0.18046875
1 0.83359375 0.2375 0.17890625 0.203125
1 0.959375 0.27421875 0.0734375 0.24296875
1 0.5859375 0.29375 0.0984375 0.203125
1 0.7296875 0.24296875 0.03515625 0.0453125
1 0.36171875 0.3671875 0.140625 0.22578125
1 0.42265625 0.2625 0.228125 0.18671875
1 0.8 0.4375 0.14765625 0.209375
1 0.9296875 0.41796875 0.13359375 0.16953125
1 0.94765625 0.503125 0.0984375 0.1921875
1 0.6734375 0.47421875 0.13359375 0.203125
1 0.69296875 0.3109375 0.16484375 0.1359375
1 0.02421875 0.6640625 0.0484375 0.175
1 0.0171875 0.79609375 0.034375 0.1359375
1 0.07890625 0.940625 0.1578125 0.10703125
1 0.16484375 0.75390625 0.2453125 0.4125
1 0.2984375 0.8953125 0.1265625 0.19765625
1 0.3453125 0.709375 0.13671875 0.23125
1 0.396875 0.80546875 0.05625 0.09609375
1 0.440625 0.92109375 0.171875 0.146875
1 0.66171875 0.86171875 0.27734375 0.265625
1 0.8296875 0.78828125 0.171875 0.24296875
1 0.9578125 0.81328125 0.07734375 0.22578125
1 0.896875 0.9375 0.2 0.11328125
1 0.8859375 0.62734375 0.1296875 0.1578125
1 0.9703125 0.64375 0.05234375 0.146875
1 0.76484375 0.60703125 0.1265625 0.1296875
1 0.7140625 0.703125 0.115625 0.09609375
1 0.4859375 0.81953125 0.1296875 0.22578125
1 0.50859375 0.41796875 0.04921875 0.090625
1 0.56328125 0.4265625 0.03828125 0.084375
1 0.515625 0.3671875 0.028125 0.03359375
1 0.56171875 0.38671875 0.028125 0.0171875
1 0.4734375 0.409375 0.0421875 0.084375
1 0.44375 0.46328125 0.05234375 0.06796875
1 0.4828125 0.50546875 0.06640625 0.09609375
1 0.53359375 0.50546875 0.05625 0.084375
1 0.5859375 0.5109375 0.0421875 0.0734375
1 0.5859375 0.4546875 0.04921875 0.0625
1 0.440625 0.5625 0.059375 0.10703125
1 0.328125 0.55390625 0.171875 0.203125
1 0.503125 0.57890625 0.05234375 0.09609375
1 0.56328125 0.58203125 0.059375 0.1015625
1 0.6125 0.584375 0.03828125 0.09609375
1 0.640625 0.55625 0.0453125 0.09609375
1 0.65234375 0.65 0.07734375 0.1015625
1 0.58046875 0.6578125 0.06640625 0.0734375
1 0.61953125 0.72578125 0.05234375 0.0625
1 0.5578125 0.7375 0.0703125 0.10703125
1 0.51953125 0.66953125 0.06328125 0.09609375
1 0.46171875 0.65 0.0875 0.11328125
1 0.43359375 0.55625 0.0734375 0.10703125
1 0.4984375 0.496875 0.996875 0.99375