1 0.7359375 0.5625 0.278125 0.275
1 0.91875 0.66953125 0.153125 0.2578125
1 0.78203125 0.81328125 0.3703125 0.19296875
1 0.51171875 0.68671875 0.31015625 0.309375
1 0.2359375 0.81796875 0.3984375 0.184375
1 0.13671875 0.665625 0.21796875 0.28359375
1 0.3359375 0.528125 0.2546875 0.24921875
1 0.5390625 0.43125 0.2265625 0.22734375
1 0.6875 0.3265625 0.20859375 0.20625
1 0.846875 0.259375 0.19453125 0.184375
1 0.696875 0.2125 0.16171875 0.1328125
1 0.56484375 0.1671875 0.15703125 0.11171875
1 0.4328125 0.21015625 0.16171875 0.1203125
1 0.5625 0.2765625 0.18046875 0.1328125
1 0.4140625 0.3328125 0.21796875 0.17578125
1 0.30078125 0.27265625 0.17578125 0.15
1 0.20859375 0.39921875 0.240625 0.18046875
1 0.1203125 0.328125 0.18515625 0.184375
1 0.071875 0.49140625 0.096875 0.115625