1 0.83203125 0.540625 0.27734375 0.46171875
1 0.95625 0.7390625 0.08046875 0.14140625
1 0.934375 0.89921875 0.12421875 0.18984375
1 0.8359375 0.85859375 0.07265625 0.10859375
1 0.8703125 0.76875 0.0328125 0.03828125
1 0.9578125 0.4890625 0.03984375 0.0546875
1 0.9796875 0.38828125 0.0328125 0.0921875
1 0.90703125 0.209375 0.17890625 0.3421875
1 0.65234375 0.0921875 0.2046875 0.184375
1 0.84296875 0.05703125 0.1609375 0.1140625
1 0.565625 0.125 0.02890625 0.0546875
1 0.5453125 0.2828125 0.28828125 0.18515625
1 0.7265625 0.27421875 0.07265625 0.1140625
1 0.6640625 0.48359375 0.05859375 0.09765625
1 0.565625 0.43984375 0.12421875 0.1953125
1 0.56015625 0.3015625 0.06953125 0.08125
1 0.62421875 0.57578125 0.04375 0.0546875
1 0.61328125 0.71171875 0.08046875 0.14140625
1 0.71015625 0.83125 0.10546875 0.14140625
1 0.74609375 0.95078125 0.2078125 0.08671875
1 0.52890625 0.875 0.1828125 0.2390625
1 0.60234375 0.73359375 0.175 0.38046875
1 0.4671875 0.0546875 0.021875 0.04375
1 0.4875 0.05703125 0.01796875 0.04921875
1 0.45625 0.10078125 0.02890625 0.04921875
1 0.4328125 0.04375 0.0328125 0.0546875
1 0.4625 0.01328125 0.04375 0.0265625
1 0.403125 0.03515625 0.0328125 0.04921875
1 0.4125 0.07890625 0.021875 0.06015625
1 0.3890625 0.0625 0.02578125 0.04921875
1 0.378125 0.021875 0.01796875 0.04375
1 0.35546875 0.0109375 0.01796875 0.021875
1 0.40234375 0.0078125 0.0328125 0.015625
1 0.4328125 0.00546875 0.01796875 0.0109375
1 0.4765625 0.334375 0.03984375 0.0703125
1 0.4890625 0.70390625 0.05078125 0.0921875
1 0.40859375 0.72265625 0.1609375 0.38046875
1 0.4015625 0.79609375 0.03671875 0.0921875
1 0.40546875 0.94296875 0.109375 0.103125
1 0.2921875 0.63828125 0.05859375 0.08125
1 0.2703125 0.76640625 0.05078125 0.08671875
1 0.2078125 0.91015625 0.2046875 0.16875
1 0.32109375 0.93984375 0.02890625 0.07578125
1 0.24609375 0.49453125 0.0328125 0.08671875
1 0.28828125 0.29375 0.05859375 0.08671875
1 0.34296875 0.209375 0.0875 0.1578125
1 0.28125 0.19296875 0.196875 0.26640625
1 0.23359375 0.3671875 0.07265625 0.103125
1 0.271875 0.02734375 0.11328125 0.0546875
1 0.42109375 0.0703125 0.1578125 0.140625
1 0.16953125 0.70078125 0.1859375 0.2828125
1 0.04765625 0.8234375 0.09453125 0.3421875
1 0.08359375 0.46640625 0.1671875 0.2609375
1 0.0421875 0.26328125 0.0546875 0.08125
1 0.121875 0.22578125 0.06171875 0.0921875
1 0.16953125 0.165625 0.03984375 0.103125
1 0.153125 0.0703125 0.05859375 0.07578125
1 0.04765625 0.11171875 0.09453125 0.22265625