1 0.72890625 0.54921875 0.534375 0.890625
1 0.48515625 0.77578125 0.43984375 0.4375
1 0.13828125 0.70234375 0.2765625 0.584375
1 0.30703125 0.54375 0.40390625 0.6390625
1 0.8421875 0.15859375 0.309375 0.3171875
1 0.44375 0.13671875 0.5015625 0.2734375
1 0.109375 0.23515625 0.21796875 0.4703125
1 0.9796875 0.98359375 0.0328125 0.021875
1 0.97109375 0.95078125 0.05078125 0.0546875
1 0.93671875 0.978125 0.02578125 0.0328125
1 0.89296875 0.98125 0.03984375 0.02734375
1 0.9015625 0.9453125 0.05078125 0.0328125
1 0.95625 0.90703125 0.0578125 0.04375
1 0.97421875 0.871875 0.04375 0.07109375
1 0.98203125 0.77578125 0.02890625 0.153125
1 0.96328125 0.75390625 0.04375 0.109375
1 0.92890625 0.76484375 0.04765625 0.1203125
1 0.92734375 0.69375 0.02890625 0.0328125
1 0.94765625 0.64765625 0.0328125 0.04921875
1 0.97109375 0.6640625 0.05078125 0.08203125
1 0.978125 0.584375 0.03671875 0.0765625
1 0.94765625 0.58984375 0.02578125 0.0765625
1 0.9578125 0.51875 0.0765625 0.065625
1 0.95078125 0.4921875 0.03984375 0.0328125
1 0.9796875 0.4484375 0.0328125 0.0546875
1 0.96015625 0.45078125 0.021875 0.02734375
1 0.95078125 0.4015625 0.0328125 0.03828125
1 0.9765625 0.3796875 0.02578125 0.08203125
1 0.990625 0.35 0.0109375 0.0546875
1 0.9765625 0.29765625 0.03984375 0.03828125
1 0.9421875 0.33046875 0.02890625 0.09296875
1 0.91640625 0.85 0.0578125 0.06015625
1 0.8984375 0.89375 0.0578125 0.07109375
1 0.834375 0.95625 0.06875 0.0765625
1 0.8015625 0.9484375 0.06171875 0.09296875
1 0.8328125 0.88828125 0.02890625 0.04921875
1 0.8671875 0.85 0.04765625 0.12578125
1 0.90390625 0.7953125 0.0328125 0.06015625
1 0.91640625 0.85 0.05078125 0.04921875
1 0.89296875 0.7078125 0.03984375 0.10390625
1 0.8875 0.63125 0.0578125 0.09296875
1 0.91640625 0.6390625 0.02890625 0.04375
1 0.91640625 0.5625 0.03671875 0.0875
1 0.909375 0.48125 0.03671875 0.0765625
1 0.92734375 0.4234375 0.03671875 0.11484375
1 0.8875 0.3578125 0.07265625 0.08203125
1 0.88203125 0.43203125 0.04765625 0.0875
1 0.84765625 0.48125 0.04375 0.0546875
1 0.878125 0.53515625 0.03984375 0.109375
1 0.83828125 0.53828125 0.03984375 0.04921875
1 0.85234375 0.5984375 0.04765625 0.06015625
1 0.8328125 0.64453125 0.05078125 0.0546875
1 0.821875 0.71328125 0.0796875 0.08203125
1 0.87109375 0.70234375 0.01796875 0.03828125
1 0.85625 0.75703125 0.04765625 0.08203125
1 0.8234375 0.8140625 0.04765625 0.109375
1 0.8015625 0.846875 0.0328125 0.109375
1 0.77421875 0.88828125 0.03671875 0.11484375
1 0.7421875 0.9265625 0.0578125 0.10390625
1 0.72890625 0.959375 0.0546875 0.07109375
1 0.721875 0.83359375 0.0546875 0.08203125
1 0.7546875 0.825 0.0546875 0.04375
1 0.75078125 0.7953125 0.04765625 0.03828125
1 0.78515625 0.76484375 0.0578125 0.04375
1 0.7578125 0.74609375 0.03984375 0.06015625
1 0.78359375 0.6828125 0.04765625 0.0546875
1 0.79453125 0.6421875 0.03984375 0.08203125
1 0.8109375 0.57890625 0.03671875 0.0546875
1 0.7875 0.53828125 0.03984375 0.06015625
1 0.80546875 0.50234375 0.03984375 0.0546875
1 0.7890625 0.45078125 0.04375 0.06015625
1 0.8109375 0.45078125 0.02890625 0.06015625
1 0.81484375 0.3828125 0.0578125 0.065625
1 0.84375 0.41796875 0.04375 0.07109375
1 0.84375 0.3390625 0.04375 0.0546875
1 0.86015625 0.325 0.01796875 0.03828125
1 0.82890625 0.27890625 0.04375 0.0546875
1 0.80546875 0.328125 0.0328125 0.0546875
1 0.78515625 0.28125 0.03671875 0.04921875
1 0.77109375 0.32265625 0.04375 0.0765625
1 0.734375 0.29765625 0.03671875 0.04921875
1 0.75078125 0.27578125 0.0328125 0.03828125
1 0.76015625 0.21875 0.04375 0.065625
1 0.72578125 0.1828125 0.03984375 0.04921875
1 0.68515625 0.17734375 0.03984375 0.06015625
1 0.67421875 0.128125 0.03984375 0.06015625
1 0.69296875 0.25390625 0.03984375 0.04921875
1 0.6984375 0.3140625 0.03671875 0.04921875
1 0.73671875 0.35 0.0328125 0.04375
1 0.7546875 0.38515625 0.04765625 0.06015625
1 0.778125 0.36875 0.02890625 0.03828125
1 0.78359375 0.41015625 0.02578125 0.0328125
1 0.765625 0.5 0.0328125 0.06015625
1 0.7328125 0.4921875 0.04765625 0.0765625
1 0.74375 0.43203125 0.03984375 0.0546875
1 0.75234375 0.37734375 0.04375 0.0546875
1 0.71796875 0.54921875 0.02578125 0.04921875
1 0.74765625 0.54609375 0.0328125 0.04375
1 0.7421875 0.60625 0.03671875 0.0546875
1 0.721875 0.6421875 0.03984375 0.04921875
1 0.75234375 0.65 0.02890625 0.0546875
1 0.7234375 0.696875 0.05078125 0.06015625
1 0.71640625 0.75390625 0.05078125 0.065625
1 0.565625 0.37421875 0.1421875 0.22421875
1 0.60703125 0.565625 0.09453125 0.16953125
1 0.65078125 0.4234375 0.0875 0.14765625
1 0.67421875 0.31953125 0.0984375 0.13671875
1 0.6671875 0.2046875 0.06875 0.10390625
1 0.678125 0.71015625 0.1203125 0.1640625
1 0.69296875 0.93203125 0.0328125 0.04921875
1 0.69296875 0.8828125 0.02578125 0.04921875
1 0.6890625 0.97578125 0.02578125 0.03828125
1 0.65234375 0.9671875 0.03984375 0.0546875
1 0.66171875 0.9234375 0.021875 0.04375
1 0.6453125 0.92109375 0.02578125 0.04921875
1 0.6578125 0.740625 0.05078125 0.07109375
1 0.5421875 0.7484375 0.02890625 0.04375
1 0.50703125 0.83046875 0.02578125 0.0546875
1 0.48515625 0.86328125 0.0328125 0.0546875
1 0.50703125 0.959375 0.02578125 0.04921875
1 0.42890625 0.95078125 0.04375 0.0546875
1 0.44921875 0.89921875 0.03984375 0.06015625
1 0.4 0.915625 0.05078125 0.06015625
1 0.38515625 0.92890625 0.22578125 0.13125
1 0.6203125 0.934375 0.221875 0.1203125
1 0.53828125 0.825 0.0875 0.1859375
1 0.4421875 0.86640625 0.1421875 0.19140625
1 0.52890625 0.7046875 0.08359375 0.175
1 0.63671875 0.8796875 0.13828125 0.153125
1 0.4109375 0.67734375 0.02890625 0.0546875
1 0.39453125 0.62265625 0.02578125 0.04375
1 0.421875 0.60390625 0.02890625 0.04921875
1 0.36171875 0.63125 0.02578125 0.03828125
1 0.37265625 0.60625 0.03984375 0.0546875
1 0.39609375 0.5875 0.02890625 0.02734375
1 0.4015625 0.53828125 0.01796875 0.03828125
1 0.4109375 0.5 0.021875 0.02734375
1 0.42578125 0.47578125 0.021875 0.04375
1 0.44375 0.47265625 0.021875 0.03828125
1 0.309375 0.4703125 0.021875 0.04375
1 0.43984375 0.37421875 0.09453125 0.18046875
1 0.2875 0.36875 0.13125 0.12578125
1 0.22578125 0.5078125 0.1015625 0.13125
1 0.28515625 0.67734375 0.16328125 0.1640625
1 0.3453125 0.62578125 0.07265625 0.21328125
1 0.47265625 0.5109375 0.04375 0.12578125
1 0.165625 0.95625 0.0546875 0.0765625
1 0.190625 0.9234375 0.0765625 0.065625
1 0.2328125 0.96484375 0.07265625 0.06015625
1 0.25625 0.90703125 0.0546875 0.0875
1 0.2328125 0.82265625 0.04375 0.09296875
1 0.2015625 0.85234375 0.0546875 0.0875
1 0.17109375 0.8171875 0.04375 0.07109375
1 0.18203125 0.759375 0.065625 0.065625
1 0.12578125 0.77890625 0.06875 0.06015625
1 0.14921875 0.7078125 0.04375 0.07109375
1 0.1109375 0.71015625 0.04765625 0.0875
1 0.11640625 0.653125 0.04375 0.03828125
1 0.15234375 0.66953125 0.04375 0.04921875
1 0.1234375 0.5984375 0.065625 0.07109375
1 0.165625 0.56796875 0.04765625 0.0546875
1 0.10546875 0.54921875 0.05078125 0.07109375
1 0.09453125 0.5078125 0.0578125 0.0765625
1 0.04921875 0.52421875 0.04765625 0.0546875
1 0.05625 0.5765625 0.03984375 0.06015625
1 0.06875 0.9125 0.04375 0.0546875
1 0.1109375 0.9015625 0.0546875 0.0765625
1 0.0875 0.959375 0.03671875 0.04921875
1 0.12734375 0.95078125 0.03671875 0.0875
1 0.0453125 0.86640625 0.0546875 0.06015625
1 0.0875 0.871875 0.0796875 0.14765625
1 0.0203125 0.86875 0.03984375 0.175
1 0.0453125 0.6609375 0.090625 0.3390625
1 0.43984375 0.2375 0.04375 0.06015625
1 0.48515625 0.215625 0.04765625 0.07109375
1 0.5203125 0.18046875 0.05078125 0.0984375
1 0.5765625 0.17734375 0.03984375 0.07109375
1 0.5578125 0.109375 0.03984375 0.0765625
1 0.59453125 0.10078125 0.02578125 0.04921875
1 0.634375 0.11171875 0.0328125 0.06015625
1 0.40546875 0.1859375 0.04765625 0.0875
1 0.3984375 0.24609375 0.03984375 0.0546875
1 0.36171875 0.21328125 0.03984375 0.0765625
1 0.31640625 0.20234375 0.04375 0.04375
1 0.32890625 0.153125 0.04765625 0.0546875
1 0.02734375 0.38515625 0.04765625 0.09296875
1 0.06875 0.42109375 0.05078125 0.0546875
1 0.078125 0.2703125 0.06875 0.09296875
1 0.06328125 0.35234375 0.0984375 0.10390625
1 0.0984375 0.15546875 0.065625 0.08203125
1 0.14375 0.2515625 0.0984375 0.109375
1 0.05625 0.12265625 0.06875 0.13671875
1 0.12578125 0.065625 0.04765625 0.0765625
1 0.03828125 0.03828125 0.03984375 0.0765625
1 0.4984375 0.49765625 0.99609375 0.99453125
1 0.390625 0.10625 0.03984375 0.07109375
1 0.2453125 0.1203125 0.090625 0.2078125
1 0.37421875 0.14453125 0.17421875 0.20234375
1 0.5125 0.10078125 0.13828125 0.07109375
1 0.6328125 0.0546875 0.1671875 0.0765625