1 0.39375 0.365625 0.1 0.1859375
1 0.47890625 0.29375 0.17734375 0.19609375
1 0.60234375 0.3296875 0.1234375 0.16484375
1 0.59296875 0.51796875 0.13515625 0.18046875
1 0.64296875 0.5796875 0.0734375 0.14921875
1 0.5578125 0.6859375 0.13515625 0.1234375
1 0.4515625 0.603125 0.13125 0.1234375
1 0.50390625 0.46640625 0.14296875 0.18046875
1 0.36640625 0.48984375 0.1078125 0.16484375
1 0.35546875 0.559375 0.07734375 0.0875
1 0.41328125 0.6703125 0.146875 0.14453125
1 0.4984375 0.49453125 0.4171875 0.59765625