1 0.82734375 0.8140625 0.33828125 0.3609375
1 0.921875 0.58984375 0.06171875 0.065625
1 0.87421875 0.61484375 0.06171875 0.06015625
1 0.9203125 0.62265625 0.02890625 0.04375
1 0.8109375 0.584375 0.0578125 0.153125
1 0.7765625 0.6640625 0.0765625 0.06015625
1 0.7421875 0.609375 0.03671875 0.07109375
1 0.27421875 0.60625 0.06171875 0.065625
1 0.94765625 0.27890625 0.0984375 0.21875
1 0.76875 0.55703125 0.06875 0.0984375
1 0.80546875 0.51640625 0.03984375 0.04921875
1 0.87109375 0.50546875 0.090625 0.03828125
1 0.87109375 0.5546875 0.0984375 0.07109375
1 0.76328125 0.4921875 0.03671875 0.065625
1 0.8015625 0.48125 0.03984375 0.0328125
1 0.721875 0.50234375 0.04765625 0.0546875
1 0.73671875 0.45390625 0.0328125 0.065625
1 0.76015625 0.44296875 0.01484375 0.0328125
1 0.72890625 0.38515625 0.03984375 0.09296875
1 0.690625 0.4484375 0.05078125 0.0546875
1 0.69609375 0.39609375 0.02578125 0.08203125
1 0.66015625 0.3609375 0.02578125 0.021875
1 0.6796875 0.3796875 0.01484375 0.01640625
1 0.65234375 0.39921875 0.04765625 0.04375
1 0.64375 0.434375 0.05078125 0.02734375
1 0.93671875 0.5625 0.1203125 0.240625
1 0.865625 0.28671875 0.0796875 0.19140625
1 0.73984375 0.1859375 0.24375 0.371875
1 0.81796875 0.4234375 0.1234375 0.12578125
1 0.6 0.21875 0.1015625 0.1859375
1 0.54375 0.2484375 0.08359375 0.13671875
1 0.5578125 0.37421875 0.1203125 0.12578125
1 0.63984375 0.57109375 0.18203125 0.25703125
1 0.4203125 0.5984375 0.25078125 0.25703125
1 0.56015625 0.78125 0.3203125 0.4265625
1 0.08359375 0.584375 0.1671875 0.175
1 0.0890625 0.2265625 0.178125 0.43203125
1 0.30546875 0.196875 0.2546875 0.39375
1 0.4671875 0.27578125 0.0546875 0.16953125
1 0.13984375 0.48359375 0.06171875 0.09296875
1 0.1796875 0.46171875 0.0546875 0.08203125
1 0.27421875 0.459375 0.0546875 0.065625
1 0.22734375 0.43984375 0.04765625 0.07109375
1 0.28515625 0.4265625 0.0546875 0.065625
1 0.32734375 0.4265625 0.02890625 0.0546875
1 0.3765625 0.41015625 0.04765625 0.04375
1 0.409375 0.4015625 0.02578125 0.04921875
1 0.434375 0.415625 0.02578125 0.04375
1 0.378125 0.45390625 0.05078125 0.04375
1 0.27109375 0.53828125 0.06875 0.06015625
1 0.24921875 0.5953125 0.0546875 0.065625
1 0.190625 0.57109375 0.06875 0.07109375
1 0.2234375 0.52734375 0.04765625 0.06015625
1 0.20703125 0.81640625 0.4140625 0.3546875