1 0.5578125 0.371875 0.21015625 0.328125
1 0.525 0.60390625 0.115625 0.27890625
1 0.59765625 0.7625 0.0796875 0.44296875
1 0.65546875 0.75390625 0.0578125 0.1421875
1 0.7046875 0.7046875 0.06171875 0.2078125
1 0.759375 0.8609375 0.1046875 0.15859375
1 0.77890625 0.7703125 0.09453125 0.1203125
1 0.7703125 0.64765625 0.06171875 0.16953125
1 0.73515625 0.5328125 0.0796875 0.13671875
1 0.7703125 0.4375 0.1265625 0.30625
1 0.6484375 0.2046875 0.21015625 0.16953125
1 0.43984375 0.18828125 0.1484375 0.18046875
1 0.34453125 0.16640625 0.1234375 0.11484375
1 0.32265625 0.30859375 0.2828125 0.20234375
1 0.07578125 0.3953125 0.1515625 0.26875
1 0.20078125 0.346875 0.1484375 0.18046875
1 0.20625 0.46484375 0.09453125 0.153125
1 0.26640625 0.39375 0.09765625 0.13125
1 0.30234375 0.565625 0.19921875 0.19140625
1 0.396875 0.4890625 0.134375 0.15859375
1 0.44765625 0.63671875 0.090625 0.13671875
1 0.3625 0.72109375 0.1453125 0.153125
1 0.4546875 0.8359375 0.23515625 0.284375
1 0.5203125 0.915625 0.07578125 0.15859375
1 0.4453125 0.95390625 0.08671875 0.08203125
1 0.26640625 0.8828125 0.18515625 0.22421875
1 0.11953125 0.934375 0.115625 0.109375
1 0.08359375 0.8140625 0.115625 0.1640625
1 0.1125 0.61171875 0.18125 0.2953125
1 0.025 0.66015625 0.05 0.2515625