1 0.9515625 0.06953125 0.0890625 0.11875
1 0.94375 0.1703125 0.065625 0.071875
1 0.959375 0.29921875 0.0734375 0.20625
1 0.925 0.36875 0.08125 0.1390625
1 0.98046875 0.43828125 0.03125 0.09296875
1 0.8609375 0.4328125 0.06953125 0.0828125
1 0.91484375 0.4765625 0.08515625 0.09765625
1 0.975 0.528125 0.0421875 0.0875
1 0.92109375 0.56953125 0.0734375 0.0875
1 0.9671875 0.62109375 0.0578125 0.0875
1 0.9671875 0.6984375 0.0578125 0.0671875
1 0.9359375 0.7859375 0.11953125 0.14921875
1 0.9 0.87890625 0.09296875 0.1390625
1 0.975 0.896875 0.0421875 0.11328125
1 0.91484375 0.97421875 0.1234375 0.04140625
1 0.959375 0.30703125 0.0734375 0.16015625
1 0.04609375 0.103125 0.07734375 0.0828125
1 0.01171875 0.1859375 0.0234375 0.103125
1 0.0828125 0.175 0.10390625 0.103125
1 0.10625 0.10859375 0.034375 0.03125
1 0.13515625 0.10859375 0.115625 0.11328125
1 0.25859375 0.0359375 0.146875 0.071875
1 0.328125 0.071875 0.1234375 0.134375
1 0.4 0.04375 0.0578125 0.0671875
1 0.22578125 0.115625 0.08125 0.07734375
1 0.278125 0.17265625 0.1078125 0.11875
1 0.18125 0.18828125 0.07734375 0.05703125
1 0.13515625 0.24765625 0.05390625 0.0828125
1 0.06015625 0.29140625 0.11953125 0.1703125
1 0.16796875 0.34765625 0.096875 0.1390625
1 0.2296875 0.28125 0.12734375 0.1703125
1 0.0671875 0.43828125 0.096875 0.1546875
1 0.13125 0.54375 0.1234375 0.1703125
1 0.21015625 0.4640625 0.13515625 0.1234375
1 0.2875 0.39140625 0.10390625 0.09296875
1 0.31484375 0.31953125 0.065625 0.11328125
1 0.075 0.60546875 0.12734375 0.09765625
1 0.11796875 0.7140625 0.11171875 0.11875
1 0.0234375 0.75546875 0.04609375 0.11875
1 0.04453125 0.85078125 0.0890625 0.16484375
1 0.1078125 0.90625 0.215625 0.175
1 0.1796875 0.8140625 0.1890625 0.2375
1 0.565625 0.75546875 0.15859375 0.18046875
1 0.4984375 0.93046875 0.1625 0.12890625
1 0.5484375 0.85859375 0.1 0.14921875
1 0.63125 0.88671875 0.08125 0.1234375
1 0.69921875 0.9046875 0.08515625 0.09765625
1 0.7375 0.95859375 0.05390625 0.071875
1 0.771875 0.9203125 0.06953125 0.1390625
1 0.65234375 0.9640625 0.07734375 0.06171875
1 0.8203125 0.84296875 0.0890625 0.1390625
1 0.83984375 0.75234375 0.065625 0.11328125
1 0.69296875 0.77578125 0.11171875 0.1703125
1 0.7609375 0.7578125 0.03828125 0.04140625
1 0.76640625 0.7140625 0.05 0.09765625
1 0.72578125 0.6703125 0.03828125 0.04140625
1 0.59453125 0.62109375 0.13125 0.14921875
1 0.66796875 0.646875 0.07734375 0.10859375
1 0.7390625 0.575 0.13515625 0.16015625
1 0.66640625 0.56953125 0.0421875 0.0671875
1 0.8375 0.54609375 0.1 0.071875
1 0.89765625 0.64453125 0.10390625 0.1234375
1 0.78359375 0.50234375 0.09296875 0.10859375
1 0.69140625 0.440625 0.1 0.11875
1 0.60234375 0.425 0.1 0.11875
1 0.78359375 0.40234375 0.06953125 0.071875
1 0.82421875 0.25 0.0578125 0.09765625
1 0.85703125 0.1671875 0.115625 0.07734375
1 0.88984375 0.2578125 0.0734375 0.0828125
1 0.89765625 0.34296875 0.0578125 0.0875
1 0.86484375 0.33984375 0.06171875 0.071875
1 0.8265625 0.3328125 0.08515625 0.0875
1 0.7625 0.25 0.08125 0.12890625
1 0.83046875 0.04375 0.1234375 0.0875
1 0.9015625 0.01796875 0.0734375 0.0359375
1 0.8359375 0.11875 0.08125 0.071875
1 0.90703125 0.10546875 0.04609375 0.0671875
1 0.77578125 0.10859375 0.03828125 0.071875
1 0.73203125 0.03125 0.08125 0.06171875
1 0.66796875 0.028125 0.03828125 0.0359375
1 0.71015625 0.06953125 0.05390625 0.04609375
1 0.70078125 0.1234375 0.08125 0.06171875
1 0.6234375 0.05390625 0.0578125 0.05703125
1 0.56953125 0.06171875 0.065625 0.09296875
1 0.5 0.071875 0.0890625 0.09296875
1 0.51171875 0.02578125 0.01953125 0.03125
1 0.4671875 0.03359375 0.03125 0.02578125
1 0.434375 0.071875 0.02734375 0.03125
1 0.38203125 0.16015625 0.07734375 0.103125
1 0.4171875 0.10078125 0.04609375 0.0671875
1 0.44375 0.18828125 0.04609375 0.04609375
1 0.484375 0.146875 0.065625 0.0671875
1 0.55234375 0.16015625 0.06953125 0.0828125
1 0.4984375 0.19609375 0.06171875 0.071875
1 0.5578125 0.24453125 0.0890625 0.10859375
1 0.615625 0.14140625 0.065625 0.11875
1 0.68515625 0.20078125 0.0890625 0.09296875
1 0.68125 0.28359375 0.0890625 0.09296875
1 0.62734375 0.2375 0.02734375 0.071875
1 0.35703125 0.93828125 0.10390625 0.11328125
1 0.2609375 0.96171875 0.0734375 0.0671875
1 0.35703125 0.85078125 0.11953125 0.134375
1 0.43046875 0.7265625 0.0890625 0.16484375
1 0.44375 0.84296875 0.05390625 0.07734375
1 0.33046875 0.765625 0.11171875 0.10859375
1 0.2953125 0.63125 0.196875 0.2421875
1 0.20859375 0.68828125 0.08515625 0.07734375
1 0.3859375 0.559375 0.1078125 0.1703125
1 0.47890625 0.49453125 0.146875 0.11328125
1 0.484375 0.4203125 0.08125 0.0671875
1 0.5421875 0.39140625 0.05 0.0515625
1 0.37265625 0.44296875 0.12734375 0.103125
1 0.42109375 0.37890625 0.03125 0.04609375
1 0.39375 0.32734375 0.08515625 0.11875
1 0.434375 0.23984375 0.08125 0.07734375
1 0.5 0.2859375 0.08125 0.0875
1 0.46328125 0.33984375 0.08515625 0.09296875
1 0.56171875 0.3328125 0.08125 0.07734375
1 0.63671875 0.353125 0.06953125 0.0359375
1 0.4984375 0.49765625 0.99609375 0.99453125