1 0.0421875 0.03671875 0.08359375 0.07265625
1 0.03203125 0.1609375 0.0640625 0.165625
1 0.0625 0.3046875 0.10234375 0.234375
1 0.1390625 0.3671875 0.0953125 0.234375
1 0.0359375 0.39609375 0.071875 0.13515625
1 0.06875 0.57578125 0.13671875 0.296875
1 0.29453125 0.6015625 0.2015625 0.171875
1 0.36484375 0.76015625 0.175 0.16640625
1 0.44453125 0.63828125 0.175 0.296875
1 0.5875 0.609375 0.140625 0.28125
1 0.728125 0.48203125 0.1859375 0.265625
1 0.78125 0.34609375 0.11015625 0.19296875
1 0.8875 0.35703125 0.10234375 0.16171875
1 0.93359375 0.29140625 0.0875 0.17734375
1 0.9484375 0.1484375 0.0953125 0.16171875
1 0.9734375 0.02890625 0.0453125 0.05703125
1 0.8328125 0.14609375 0.14453125 0.19765625
1 0.709375 0.20859375 0.140625 0.20859375
1 0.64453125 0.046875 0.209375 0.09375
1 0.8015625 0.03359375 0.10625 0.0671875
1 0.5859375 0.21875 0.10625 0.21875
1 0.571875 0.41953125 0.1328125 0.234375
1 0.5171875 0.421875 0.09921875 0.16640625
1 0.3875 0.25234375 0.14453125 0.203125
1 0.246875 0.140625 0.12890625 0.26015625
1 0.13671875 0.10703125 0.10625 0.171875
1 0.15625 0.22421875 0.06875 0.10390625
1 0.246875 0.5078125 0.20546875 0.234375
1 0.4046875 0.390625 0.17109375 0.21875
1 0.26640625 0.328125 0.1671875 0.13515625
1 0.4 0.11171875 0.1625 0.2234375
1 0.4859375 0.07265625 0.1375 0.1453125