1 0.95703125 0.934375 0.053125 0.11875
1 0.9796875 0.871875 0.03359375 0.13671875
1 0.95859375 0.7796875 0.0765625 0.190625
1 0.98359375 0.7828125 0.0265625 0.04140625
1 0.9234375 0.75 0.06015625 0.13125
1 0.875 0.753125 0.05703125 0.1015625
1 0.8765625 0.8515625 0.0734375 0.14296875
1 0.7953125 0.8359375 0.08359375 0.07734375
1 0.89296875 0.95234375 0.08671875 0.08359375
1 0.78828125 0.934375 0.1703125 0.11875
1 0.68515625 0.9640625 0.04296875 0.059375
1 0.58671875 0.82421875 0.26015625 0.315625
1 0.58671875 0.8421875 0.153125 0.19609375
1 0.66640625 0.7140625 0.046875 0.0953125
1 0.7265625 0.7890625 0.13984375 0.23203125
1 0.71015625 0.6609375 0.046875 0.0953125
1 0.66484375 0.63984375 0.03671875 0.065625
1 0.63828125 0.70859375 0.05703125 0.11875
1 0.746875 0.63984375 0.046875 0.07734375
1 0.75859375 0.57734375 0.04296875 0.059375
1 0.75703125 0.5 0.03984375 0.059375
1 0.71328125 0.51796875 0.053125 0.0953125
1 0.7046875 0.5953125 0.03671875 0.0359375
1 0.81015625 0.49375 0.06015625 0.0953125
1 0.853125 0.48828125 0.046875 0.10703125
1 0.9265625 0.5296875 0.13984375 0.32109375
1 0.8234375 0.6515625 0.11328125 0.19609375
1 0.846875 0.38125 0.0734375 0.13125
1 0.925 0.3421875 0.0703125 0.11328125
1 0.8734375 0.25859375 0.06640625 0.11328125
1 0.83984375 0.1484375 0.0796875 0.13125
1 0.91171875 0.1546875 0.06328125 0.13125
1 0.88203125 0.05390625 0.0765625 0.10703125
1 0.946875 0.0359375 0.0734375 0.07109375
1 0.821875 0.0390625 0.04296875 0.07734375
1 0.93984375 0.2234375 0.11328125 0.375
1 0.8015625 0.24140625 0.0765625 0.1609375
1 0.796875 0.1015625 0.046875 0.08359375
1 0.71171875 0.19375 0.06328125 0.1015625
1 0.66796875 0.04765625 0.05 0.0953125
1 0.74140625 0.0921875 0.1296875 0.184375
1 0.721875 0.27109375 0.0765625 0.125
1 0.76484375 0.36640625 0.0765625 0.1609375
1 0.7546875 0.45859375 0.0765625 0.07109375
1 0.696875 0.4015625 0.0734375 0.1484375
1 0.66796875 0.3421875 0.0765625 0.1015625
1 0.63984375 0.17890625 0.09296875 0.190625
1 0.63828125 0.5234375 0.11015625 0.2265625
1 0.55859375 0.6484375 0.1234375 0.10703125
1 0.446875 0.6484375 0.153125 0.13125
1 0.4796875 0.565625 0.1796875 0.11875
1 0.521875 0.49375 0.096875 0.14296875
1 0.5515625 0.5359375 0.0703125 0.13125
1 0.48828125 0.5265625 0.0703125 0.1484375
1 0.575 0.3421875 0.096875 0.29140625
1 0.546875 0.0953125 0.13984375 0.190625
1 0.65078125 0.04140625 0.1171875 0.0828125
1 0.553125 0.95546875 0.08671875 0.07734375
1 0.48515625 0.9375 0.0703125 0.11328125
1 0.44140625 0.9734375 0.0765625 0.04140625
1 0.4 0.92578125 0.08671875 0.13671875
1 0.33671875 0.9734375 0.06640625 0.04140625
1 0.43203125 0.815625 0.11015625 0.16640625
1 0.44296875 0.6515625 0.046875 0.1015625
1 0.425 0.61015625 0.04296875 0.125
1 0.35703125 0.5890625 0.09296875 0.190625
1 0.36328125 0.4640625 0.0734375 0.0953125
1 0.43359375 0.4140625 0.06640625 0.25625
1 0.48984375 0.31875 0.11328125 0.17265625
1 0.4484375 0.20234375 0.11640625 0.1546875
1 0.453125 0.059375 0.0796875 0.11875
1 0.33203125 0.11328125 0.18359375 0.2265625
1 0.25859375 0.253125 0.08984375 0.1484375
1 0.33984375 0.309375 0.1265625 0.17890625
1 0.26015625 0.38984375 0.146875 0.20859375
1 0.23671875 0.4609375 0.153125 0.1015625
1 0.23515625 0.5328125 0.16328125 0.05390625
1 0.21640625 0.57109375 0.18671875 0.059375
1 0.225 0.5984375 0.15703125 0.11328125
1 0.23203125 0.64609375 0.15703125 0.0890625
1 0.26796875 0.69921875 0.08984375 0.0890625
1 0.31796875 0.73515625 0.08359375 0.1484375
1 0.26796875 0.82734375 0.06328125 0.16640625
1 0.31171875 0.8484375 0.05 0.1015625
1 0.30703125 0.8125 0.20703125 0.36328125
1 0.16796875 0.13984375 0.16328125 0.2796875
1 0.08828125 0.0328125 0.0765625 0.065625
1 0.04296875 0.1515625 0.0859375 0.303125
1 0.01171875 0.3359375 0.0234375 0.07734375
1 0.0984375 0.3484375 0.15 0.23203125
1 0.11796875 0.50859375 0.06328125 0.1015625
1 0.2046875 0.38671875 0.11015625 0.20234375
1 0.128125 0.82109375 0.25625 0.3453125
1 0.05 0.9671875 0.046875 0.05390625
1 0.01328125 0.9703125 0.0265625 0.04765625
1 0.06796875 0.68671875 0.1359375 0.2796875
1 0.04140625 0.47265625 0.0828125 0.2078125
1 0.4984375 0.496875 0.996875 0.99375