1 0.53984375 0.12890625 0.07890625 0.11015625
1 0.5203125 0.0578125 0.04921875 0.0734375
1 0.4796875 0.11015625 0.07109375 0.10546875
1 0.3515625 0.12109375 0.109375 0.1265625
1 0.296875 0.08984375 0.09765625 0.1265625
1 0.64453125 0.16328125 0.0640625 0.05234375
1 0.6953125 0.1265625 0.05234375 0.0734375
1 0.66171875 0.1 0.05234375 0.05234375
1 0.646875 0.11875 0.0453125 0.04765625
1 0.73671875 0.07109375 0.10546875 0.1
1 0.83828125 0.14453125 0.06796875 0.06875
1 0.8328125 0.0921875 0.03359375 0.04765625
1 0.8703125 0.13125 0.04140625 0.06328125
1 0.8625 0.06875 0.03359375 0.0734375
1 0.91015625 0.11875 0.05234375 0.1
1 0.94765625 0.12109375 0.0296875 0.06328125
1 0.1765625 0.115625 0.05234375 0.09453125
1 0.10703125 0.08671875 0.15390625 0.08984375
1 0.1015625 0.14453125 0.0828125 0.07890625
1 0.896875 0.39453125 0.1390625 0.17890625
1 0.87421875 0.365625 0.1015625 0.11015625
1 0.88515625 0.39453125 0.1015625 0.10546875
1 0.9 0.41875 0.08671875 0.12109375
1 0.93984375 0.41875 0.05234375 0.1421875
1 0.71796875 0.4 0.18046875 0.14765625
1 0.69765625 0.4234375 0.0265625 0.1
1 0.51875 0.40234375 0.17265625 0.13125
1 0.59375 0.4234375 0.02265625 0.04765625
1 0.56953125 0.434375 0.01875 0.03671875
1 0.57890625 0.4 0.02265625 0.02109375
1 0.5265625 0.365625 0.0296875 0.03671875
1 0.55078125 0.38125 0.01875 0.0265625
1 0.575 0.3765625 0.02265625 0.0265625
1 0.51875 0.43671875 0.0296875 0.0421875
1 0.54921875 0.4265625 0.02265625 0.0421875
1 0.52421875 0.40546875 0.01875 0.03125
1 0.48671875 0.384375 0.01875 0.05234375
1 0.509375 0.3734375 0.01875 0.03125
1 0.47578125 0.43125 0.0265625 0.0421875
1 0.45078125 0.434375 0.02265625 0.0578125
1 0.4640625 0.38125 0.01875 0.03671875
1 0.3234375 0.39765625 0.128125 0.15234375
1 0.16328125 0.4078125 0.08671875 0.13125
1 0.0828125 0.41015625 0.075 0.115625
1 0.13359375 0.54453125 0.15390625 0.07890625
1 0.12421875 0.59453125 0.165625 0.09453125
1 0.1203125 0.5921875 0.165625 0.11015625
1 0.5 0.57109375 0.1203125 0.12109375
1 0.53203125 0.58671875 0.109375 0.12109375
1 0.54296875 0.59765625 0.16171875 0.07890625
1 0.31953125 0.58671875 0.1203125 0.15234375
1 0.70859375 0.57890625 0.109375 0.1578125
1 0.90625 0.60234375 0.1203125 0.11015625
1 0.86484375 0.57109375 0.128125 0.11015625
1 0.88359375 0.86328125 0.09765625 0.1265625
1 0.91328125 0.91015625 0.10546875 0.0734375
1 0.58671875 0.88671875 0.08984375 0.16328125
1 0.240625 0.884375 0.1125 0.14765625
1 0.08828125 0.8765625 0.11640625 0.16328125
1 0.41953125 0.88984375 0.1765625 0.16875
1 0.7421875 0.8765625 0.146875 0.16328125