1 0.93671875 0.853125 0.11640625 0.28515625
1 0.82265625 0.86875 0.3046875 0.25390625
1 0.65234375 0.8578125 0.1875 0.27734375
1 0.4796875 0.83203125 0.19765625 0.328125
1 0.2921875 0.790625 0.23828125 0.41015625
1 0.175 0.69140625 0.309375 0.421875
1 0.55546875 0.5921875 0.471875 0.32421875
1 0.55859375 0.4703125 0.51796875 0.26171875
1 0.88046875 0.478125 0.228125 0.45703125
1 0.81953125 0.60546875 0.1875 0.359375
1 0.93671875 0.38125 0.11640625 0.26953125
1 0.77421875 0.19921875 0.44140625 0.1953125
1 0.74765625 0.071875 0.3703125 0.14375
1 0.4671875 0.1796875 0.21328125 0.2421875
1 0.60625 0.334375 0.36015625 0.23828125
1 0.26640625 0.1703125 0.1875 0.33984375
1 0.14453125 0.50390625 0.2890625 0.4609375
1 0.0859375 0.86484375 0.171875 0.2609375
1 0.08359375 0.240625 0.1671875 0.37890625
1 0.09375 0.1078125 0.1875 0.21484375
1 0.56875 0.0296875 0.41640625 0.05859375