1 0.725 0.76953125 0.3109375 0.40703125
1 0.78671875 0.1828125 0.1796875 0.36484375
1 0.87421875 0.1828125 0.16875 0.36484375
1 0.4453125 0.221875 0.08984375 0.11640625
1 0.54296875 0.2328125 0.08203125 0.11640625
1 0.58984375 0.17734375 0.0859375 0.10078125
1 0.62734375 0.1296875 0.07109375 0.08984375
1 0.603125 0.08203125 0.0671875 0.0796875
1 0.5375 0.0765625 0.07890625 0.1109375
1 0.5109375 0.03203125 0.05625 0.053125
1 0.471875 0.09765625 0.05234375 0.06875
1 0.5 0.15078125 0.07109375 0.0796875
1 0.225 0.1984375 0.30703125 0.396875
1 0.2453125 0.73046875 0.378125 0.52890625
1 0.48125 0.8546875 0.190625 0.26953125
1 0.490625 0.603125 0.1875 0.25390625
1 0.61796875 0.4046875 0.225 0.22734375
1 0.584375 0.4234375 0.12734375 0.10546875
1 0.58984375 0.484375 0.28828125 0.22734375
1 0.5359375 0.5453125 0.23203125 0.1796875
1 0.5 0.603125 0.22109375 0.1375