1 0.1203125 0.32890625 0.1953125 0.23984375
1 0.38125 0.10859375 0.221875 0.2171875
1 0.5421875 0.12421875 0.1953125 0.16875
1 0.653125 0.3 0.23125 0.2625
1 0.69765625 0.778125 0.15078125 0.12421875
1 0.778125 0.8796875 0.0890625 0.0890625
1 0.784375 0.9109375 0.1640625 0.115625
1 0.51328125 0.79765625 0.1734375 0.33359375
1 0.3109375 0.7375 0.40859375 0.13359375
1 0.3796875 0.87578125 0.10234375 0.13359375
1 0.146875 0.746875 0.13359375 0.18671875
1 0.41796875 0.57578125 0.1421875 0.20859375
1 0.3203125 0.37578125 0.284375 0.2890625
1 0.5046875 0.25546875 0.1109375 0.03125
1 0.26015625 0.4 0.06640625 0.40859375
1 0.22890625 0.20859375 0.03984375 0.13359375
1 0.20703125 0.1640625 0.10234375 0.115625
1 0.1421875 0.14921875 0.04453125 0.12890625
1 0.1734375 0.12890625 0.0625 0.0890625
1 0.478125 0.53359375 0.1203125 0.115625
1 0.421875 0.58671875 0.15078125 0.178125
1 0.79296875 0.27109375 0.146875 0.2578125
1 0.83125 0.50703125 0.16875 0.221875
1 0.92890625 0.6625 0.13359375 0.23125
1 0.9359375 0.3953125 0.1203125 0.2578125
1 0.02421875 0.32578125 0.0484375 0.1640625
1 0.49765625 0.4890625 0.9953125 0.978125