1 0.89453125 0.46875 0.18359375 0.6375
1 0.73515625 0.33125 0.1703125 0.2625
1 0.64765625 0.515625 0.246875 0.20625
1 0.7671875 0.653125 0.0984375 0.21875
1 0.67265625 0.703125 0.134375 0.19375
1 0.59609375 0.75 0.0984375 0.2625
1 0.453125 0.275 0.15234375 0.2375
1 0.5875 0.278125 0.11640625 0.26875
1 0.540625 0.16875 0.91015625 0.3375
1 0.309375 0.34375 0.45703125 0.6625
1 0.3140625 0.54375 0.25078125 0.3
1 0.15234375 0.465625 0.3046875 0.84375
1 0.36328125 0.8 0.12578125 0.3875
1 0.48203125 0.790625 0.2015625 0.36875