1 0.7859375 0.54375 0.34375 0.23203125
1 0.31875 0.18046875 0.2046875 0.20625
1 0.44375 0.36875 0.1078125 0.12890625
1 0.403125 0.2859375 0.13515625 0.09765625
1 0.30078125 0.31171875 0.1078125 0.09765625
1 0.35703125 0.3375 0.05 0.04609375
1 0.2453125 0.33515625 0.096875 0.1234375
1 0.246875 0.5203125 0.13125 0.11328125
1 0.3203125 0.5671875 0.07734375 0.0828125
1 0.2703125 0.67265625 0.06953125 0.11875
1 0.353125 0.52578125 0.11171875 0.11328125
1 0.2390625 0.4328125 0.1 0.071875
1 0.32265625 0.03828125 0.0734375 0.0765625
1 0.4828125 0.48984375 0.6796875 0.928125
1 0.88984375 0.37109375 0.0890625 0.1859375