1 0.909375 0.9046875 0.17421875 0.18046875
1 0.88515625 0.7921875 0.12734375 0.13125
1 0.778125 0.8828125 0.1234375 0.12578125
1 0.71640625 0.93984375 0.065625 0.0546875
1 0.69609375 0.83046875 0.03984375 0.0765625
1 0.7015625 0.8828125 0.04375 0.04921875
1 0.5109375 0.740625 0.16328125 0.06015625
1 0.56328125 0.78984375 0.17421875 0.08203125
1 0.49453125 0.85234375 0.13125 0.0875
1 0.41640625 0.92109375 0.24375 0.09296875
1 0.63125 0.9703125 0.3890625 0.04921875
1 0.38203125 0.784375 0.09453125 0.16953125
1 0.2984375 0.78984375 0.1234375 0.16953125
1 0.4796875 0.7265625 0.0875 0.0546875
1 0.52578125 0.7515625 0.10546875 0.06015625
1 0.74765625 0.65859375 0.06171875 0.22421875
1 0.81484375 0.6203125 0.22578125 0.13671875
1 0.90546875 0.540625 0.18203125 0.1421875
1 0.82578125 0.371875 0.16015625 0.1421875
1 0.86171875 0.42890625 0.1015625 0.10390625
1 0.91640625 0.390625 0.05078125 0.10390625
1 0.96171875 0.42109375 0.0546875 0.0546875
1 0.7765625 0.4046875 0.03984375 0.0546875
1 0.8015625 0.459375 0.04765625 0.04375
1 0.80546875 0.51875 0.0546875 0.0546875
1 0.76328125 0.49453125 0.03671875 0.07109375
1 0.71640625 0.43203125 0.04375 0.04375
1 0.7578125 0.42890625 0.0546875 0.04921875
1 0.74375 0.38828125 0.03984375 0.0546875
1 0.7015625 0.37421875 0.05078125 0.06015625
1 0.68359375 0.41796875 0.01484375 0.03828125
1 0.6578125 0.4234375 0.03671875 0.02734375
1 0.7125 0.4890625 0.04375 0.06015625
1 0.665625 0.4703125 0.0578125 0.0765625
1 0.65078125 0.52421875 0.05078125 0.065625
1 0.7015625 0.54921875 0.04375 0.06015625
1 0.21796875 0.9015625 0.1015625 0.13125
1 0.26171875 0.94296875 0.03671875 0.04921875
1 0.221875 0.95625 0.04375 0.0546875
1 0.190625 0.81171875 0.0546875 0.03828125
1 0.121875 0.8390625 0.0984375 0.13671875
1 0.0984375 0.9234375 0.19609375 0.1421875
1 0.0421875 0.8140625 0.0546875 0.0765625
1 0.065625 0.715625 0.13125 0.21875
1 0.11796875 0.54296875 0.2359375 0.3234375
1 0.234375 0.44296875 0.0765625 0.0765625
1 0.29296875 0.52734375 0.0765625 0.11484375
1 0.2796875 0.7296875 0.16015625 0.22421875
1 0.49453125 0.60390625 0.24765625 0.20234375
1 0.67109375 0.64765625 0.090625 0.18046875
1 0.62890625 0.61171875 0.03671875 0.04375
1 0.8765625 0.74609375 0.22578125 0.15859375
1 0.46328125 0.540625 0.0984375 0.0875
1 0.0328125 0.40703125 0.065625 0.06015625
1 0.33984375 0.42890625 0.1203125 0.10390625
1 0.45234375 0.4046875 0.1125 0.1203125
1 0.5109375 0.4453125 0.04765625 0.08203125
1 0.56875 0.47265625 0.06875 0.13671875
1 0.52734375 0.50546875 0.09453125 0.07109375
1 0.61484375 0.38828125 0.04375 0.0875
1 0.59453125 0.3359375 0.06171875 0.08203125
1 0.590625 0.284375 0.06171875 0.0765625
1 0.7015625 0.325 0.07265625 0.08203125
1 0.7453125 0.3390625 0.03671875 0.0765625
1 0.73984375 0.2625 0.03984375 0.0875
1 0.8 0.25703125 0.065625 0.0875
1 0.8546875 0.2484375 0.05078125 0.09296875
1 0.88203125 0.2046875 0.0546875 0.06015625
1 0.93828125 0.20234375 0.0578125 0.065625
1 0.92578125 0.2921875 0.1421875 0.22421875
1 0.065625 0.25390625 0.13125 0.25703125
1 0.07421875 0.2953125 0.0546875 0.0875
1 0.1203125 0.28984375 0.05078125 0.0765625
1 0.16015625 0.21328125 0.1015625 0.1421875
1 0.3015625 0.25390625 0.20390625 0.20234375
1 0.21640625 0.35546875 0.090625 0.1203125
1 0.15625 0.3171875 0.03671875 0.065625
1 0.16328125 0.36875 0.03671875 0.03828125
1 0.2875 0.371875 0.065625 0.0875
1 0.33828125 0.32265625 0.02890625 0.0328125
1 0.32890625 0.3578125 0.02578125 0.06015625
1 0.37421875 0.34140625 0.04375 0.10390625
1 0.39453125 0.30625 0.0328125 0.0546875
1 0.41796875 0.346875 0.04375 0.06015625
1 0.47421875 0.31953125 0.06875 0.07109375
1 0.53125 0.34140625 0.07265625 0.16953125
1 0.6546875 0.34453125 0.05078125 0.1421875
1 0.69296875 0.2484375 0.04765625 0.08203125
1 0.32890625 0.11171875 0.06875 0.08203125
1 0.38359375 0.10625 0.04765625 0.07109375
1 0.4015625 0.18046875 0.06875 0.0984375
1 0.4453125 0.14453125 0.0546875 0.09296875
1 0.26875 0.10625 0.05078125 0.06015625
1 0.20703125 0.1203125 0.0578125 0.065625
1 0.334375 0.0875 0.28359375 0.109375
1 0.32578125 0.02734375 0.08359375 0.0546875
1 0.1671875 0.0515625 0.07265625 0.06015625
1 0.109375 0.0734375 0.109375 0.146875
1 0.02734375 0.05703125 0.0546875 0.09296875
1 0.16015625 0.00546875 0.04375 0.0109375
1 0.23125 0.01328125 0.06875 0.0265625
1 0.3796875 0.0109375 0.02578125 0.021875
1 0.40859375 0.02421875 0.0484375 0.0484375
1 0.46875 0.03515625 0.0578125 0.04921875
1 0.4671875 0.27578125 0.08359375 0.08203125
1 0.42890625 0.259375 0.05078125 0.06015625
1 0.47109375 0.30859375 0.0546875 0.06015625
1 0.4890625 0.19921875 0.0546875 0.10390625
1 0.5453125 0.19140625 0.065625 0.0875
1 0.53984375 0.24609375 0.0546875 0.065625
1 0.59453125 0.1828125 0.03984375 0.07109375
1 0.4984375 0.11484375 0.05078125 0.0546875
1 0.50390625 0.0734375 0.04765625 0.03828125
1 0.5265625 0.0296875 0.04375 0.059375
1 0.5765625 0.021875 0.06875 0.04375
1 0.6421875 0.01640625 0.0546875 0.0328125
1 0.68125 0.0078125 0.025 0.015625
1 0.7265625 0.01328125 0.05 0.0265625
1 0.7734375 0.01328125 0.028125 0.0265625
1 0.80390625 0.01640625 0.01484375 0.0328125
1 0.85234375 0.01875 0.0765625 0.0375
1 0.9671875 0.07109375 0.04375 0.065625
1 0.91796875 0.0546875 0.04765625 0.0765625
1 0.9 0.10625 0.0546875 0.08203125
1 0.96875 0.13125 0.0546875 0.0765625
1 0.90546875 0.153125 0.0578125 0.04375
1 0.94921875 0.14453125 0.04375 0.06015625
1 0.86328125 0.1640625 0.06171875 0.065625
1 0.8546875 0.10625 0.02890625 0.04921875
1 0.85625 0.05703125 0.06171875 0.07109375
1 0.79296875 0.10625 0.065625 0.08203125
1 0.81640625 0.153125 0.03984375 0.0984375
1 0.77265625 0.19375 0.03984375 0.06015625
1 0.7671875 0.14765625 0.04375 0.04375
1 0.734375 0.09296875 0.05078125 0.065625
1 0.77265625 0.06015625 0.03984375 0.0546875
1 0.72890625 0.1859375 0.03984375 0.0765625
1 0.7125 0.14453125 0.04375 0.08203125
1 0.690625 0.084375 0.05078125 0.06015625
1 0.7328125 0.04375 0.03984375 0.04375
1 0.63125 0.0734375 0.0765625 0.09296875
1 0.5578125 0.0875 0.06171875 0.0765625
1 0.5765625 0.12265625 0.0546875 0.04921875
1 0.6421875 0.13671875 0.0546875 0.065625
1 0.66328125 0.18828125 0.04765625 0.04921875
1 0.6203125 0.240625 0.08359375 0.109375
1 0.4984375 0.49765625 0.99609375 0.99453125