1 0.91640625 0.80625 0.16015625 0.37734375
1 0.82578125 0.51875 0.28359375 0.4375
1 0.9765625 0.58203125 0.03984375 0.08203125
1 0.9328125 0.36640625 0.12734375 0.3609375
1 0.8421875 0.346875 0.0546875 0.10390625
1 0.8890625 0.390625 0.04765625 0.08203125
1 0.74921875 0.8390625 0.21796875 0.31171875
1 0.6234375 0.715625 0.221875 0.328125
1 0.509375 0.88515625 0.30546875 0.21875
1 0.21484375 0.934375 0.3203125 0.1203125
1 0.16171875 0.759375 0.3234375 0.371875
1 0.37421875 0.65546875 0.290625 0.4375
1 0.4890625 0.59296875 0.1125 0.27890625
1 0.25234375 0.50546875 0.178125 0.22421875
1 0.08203125 0.52421875 0.16328125 0.175
1 0.18515625 0.60625 0.0875 0.065625
1 0.7015625 0.34453125 0.23984375 0.4921875
1 0.83828125 0.12265625 0.1421875 0.21328125
1 0.92734375 0.17734375 0.0875 0.10390625
1 0.98515625 0.196875 0.021875 0.109375
1 0.9546875 0.0984375 0.08359375 0.13125
1 0.865625 0.040625 0.13125 0.08125
1 0.959375 0.03515625 0.071875 0.0703125
1 0.146875 0.0734375 0.29375 0.146875
1 0.134375 0.22109375 0.21796875 0.33359375
1 0.31484375 0.21875 0.23671875 0.328125
1 0.31015625 0.0296875 0.0484375 0.059375
1 0.01640625 0.19375 0.0328125 0.21328125
1 0.078125 0.36875 0.15625 0.15859375
1 0.82578125 0.0328125 0.19609375 0.065625
1 0.67109375 0.07109375 0.178125 0.1421875
1 0.5765625 0.17734375 0.19296875 0.25703125
1 0.50546875 0.34453125 0.21796875 0.2734375
1 0.43984375 0.06796875 0.2109375 0.1359375
1 0.4546875 0.18828125 0.065625 0.12578125