1 0.6796875 0.88671875 0.63359375 0.21640625
1 0.22421875 0.86328125 0.44765625 0.25234375
1 0.090625 0.93828125 0.18125 0.11328125
1 0.43984375 0.73203125 0.71015625 0.3609375
1 0.88828125 0.7296875 0.21640625 0.25234375
1 0.80078125 0.5796875 0.38984375 0.38671875
1 0.696875 0.6390625 0.38203125 0.26796875
1 0.66953125 0.5203125 0.1734375 0.134375
1 0.6953125 0.3609375 0.18515625 0.21640625
1 0.671875 0.146875 0.1 0.21171875
1 0.828125 0.2421875 0.3203125 0.484375
1 0.92109375 0.11875 0.15078125 0.2375
1 0.696875 0.02578125 0.096875 0.0515625
1 0.61328125 0.04609375 0.0765625 0.0921875
1 0.57109375 0.17265625 0.1078125 0.23203125
1 0.52734375 0.028125 0.0890625 0.05625
1 0.49375 0.25234375 0.23125 0.5046875
1 0.3515625 0.21171875 0.21640625 0.42265625
1 0.33984375 0.39453125 0.278125 0.56171875
1 0.4765625 0.54375 0.25859375 0.35546875
1 0.2203125 0.428125 0.1234375 0.29921875
1 0.52734375 0.91484375 0.25859375 0.0875
1 0.0484375 0.71171875 0.096875 0.103125
1 0.05625 0.56953125 0.11171875 0.18046875
1 0.11953125 0.425 0.2390625 0.3140625
1 0.0671875 0.18984375 0.134375 0.2484375
1 0.08125 0.05390625 0.1625 0.1078125
1 0.13515625 0.3609375 0.2703125 0.721875
1 0.4984375 0.49765625 0.99609375 0.99453125