1 0.91875 0.3015625 0.06953125 0.3765625
1 0.8609375 0.29609375 0.06171875 0.38671875
1 0.7953125 0.3015625 0.06953125 0.40703125
1 0.72421875 0.25 0.08125 0.3140625
1 0.6625 0.25 0.0890625 0.30390625
1 0.5578125 0.21875 0.065625 0.25234375
1 0.5890625 0.2625 0.0734375 0.28828125
1 0.51953125 0.2578125 0.08125 0.31953125
1 0.475 0.20859375 0.1 0.2734375
1 0.41484375 0.19296875 0.0890625 0.20078125
1 0.353125 0.234375 0.096875 0.221875
1 0.29921875 0.25546875 0.11953125 0.2421875
1 0.2390625 0.24453125 0.146875 0.25234375
1 0.18359375 0.30390625 0.15078125 0.35078125
1 0.11796875 0.24453125 0.11953125 0.21171875
1 0.121875 0.46875 0.0734375 0.26796875
1 0.19140625 0.5 0.0734375 0.29921875
1 0.246875 0.43828125 0.09296875 0.1859375
1 0.303125 0.4359375 0.08125 0.20078125
1 0.36484375 0.325 0.0890625 0.37109375
1 0.44375 0.2859375 0.115625 0.3140625
1 0.4421875 0.428125 0.096875 0.16484375
1 0.52109375 0.46171875 0.09296875 0.2625
1 0.5828125 0.4875 0.06171875 0.21171875
1 0.640625 0.46875 0.06953125 0.2578125
1 0.6953125 0.4796875 0.06953125 0.2265625
1 0.76796875 0.46640625 0.07734375 0.190625
1 0.8453125 0.53828125 0.09296875 0.28359375
1 0.90546875 0.54375 0.065625 0.2421875
1 0.1 0.62890625 0.1078125 0.1234375
1 0.13125 0.66015625 0.1078125 0.1234375
1 0.15625 0.678125 0.12734375 0.18046875
1 0.25859375 0.678125 0.08515625 0.1703125
1 0.27421875 0.5671875 0.09296875 0.1234375
1 0.33046875 0.690625 0.0734375 0.20625
1 0.34375 0.559375 0.05390625 0.16015625
1 0.39609375 0.57734375 0.05 0.1859375
1 0.38984375 0.7375 0.09296875 0.14453125
1 0.44375 0.62890625 0.06953125 0.278125
1 0.4984375 0.6546875 0.07734375 0.2578125
1 0.57109375 0.634375 0.06171875 0.20625
1 0.640625 0.65234375 0.05390625 0.18046875
1 0.69296875 0.6625 0.0421875 0.16015625
1 0.7546875 0.646875 0.0734375 0.221875
1 0.83359375 0.6390625 0.06953125 0.19609375
1 0.903125 0.721875 0.06953125 0.175
1 0.86484375 0.79921875 0.06953125 0.175
1 0.79140625 0.80390625 0.07734375 0.20625
1 0.7140625 0.8171875 0.08515625 0.18046875
1 0.67578125 0.80390625 0.06953125 0.1546875
1 0.6140625 0.80703125 0.06953125 0.14921875
1 0.5640625 0.79921875 0.07734375 0.16484375
1 0.509375 0.809375 0.07734375 0.14453125
1 0.43984375 0.81953125 0.1 0.134375
1 0.3515625 0.8296875 0.1 0.1234375
1 0.2953125 0.8140625 0.0734375 0.134375
1 0.2390625 0.8140625 0.07734375 0.134375
1 0.1953125 0.79921875 0.096875 0.14453125
1 0.140625 0.78359375 0.065625 0.11328125
1 0.515625 0.4765625 0.853125 0.6859375