1 0.82265625 0.45859375 0.146875 0.19609375
1 0.8703125 0.36875 0.10390625 0.0875
1 0.79375 0.30703125 0.38203125 0.33515625
1 0.6640625 0.29140625 0.1546875 0.16015625
1 0.71640625 0.71171875 0.41328125 0.484375
1 0.43828125 0.3015625 0.8765625 0.4484375
1 0.24140625 0.74453125 0.25859375 0.21171875
1 0.271875 0.63125 0.1734375 0.10859375
1 0.09453125 0.675 0.12734375 0.1859375
1 0.38046875 0.69296875 0.7609375 0.603125
1 0.3921875 0.484375 0.27421875 0.4328125
1 0.5 0.33515625 0.18125 0.1859375