1 0.8875 0.89375 0.109375 0.20234375
1 0.93671875 0.759375 0.1203125 0.175
1 0.94375 0.61484375 0.10546875 0.18046875
1 0.8890625 0.54375 0.14921875 0.19140625
1 0.909375 0.36640625 0.13125 0.153125
1 0.91484375 0.16640625 0.134375 0.21328125
1 0.834375 0.12578125 0.0765625 0.1421875
1 0.7546875 0.15546875 0.14921875 0.23515625
1 0.8 0.27578125 0.13828125 0.15859375
1 0.79609375 0.459375 0.13125 0.196875
1 0.74921875 0.58984375 0.16015625 0.2078125
1 0.8203125 0.696875 0.134375 0.15859375
1 0.80390625 0.846875 0.1453125 0.196875
1 0.7421875 0.96484375 0.109375 0.06015625
1 0.67265625 0.8828125 0.13828125 0.15859375
1 0.63671875 0.9703125 0.1234375 0.04921875
1 0.53671875 0.890625 0.12734375 0.2078125
1 0.3421875 0.93984375 0.13828125 0.109375
1 0.3984375 0.95390625 0.06875 0.08203125
1 0.44765625 0.93203125 0.07265625 0.12578125
1 0.21796875 0.95390625 0.1453125 0.08203125
1 0.1 0.8828125 0.1421875 0.22421875
1 0.034375 0.60625 0.06875 0.2078125
1 0.121875 0.65 0.134375 0.2296875
1 0.2109375 0.80625 0.13828125 0.22421875
1 0.24765625 0.6609375 0.1234375 0.175
1 0.2546875 0.521875 0.1453125 0.21328125
1 0.16015625 0.42109375 0.15234375 0.2078125
1 0.07421875 0.4703125 0.1125 0.1859375
1 0.1 0.28984375 0.04765625 0.13125
1 0.16875 0.259375 0.14921875 0.21328125
1 0.29453125 0.31171875 0.13125 0.196875
1 0.309375 0.4046875 0.1671875 0.0984375
1 0.42578125 0.45390625 0.065625 0.0875
1 0.45234375 0.57109375 0.0984375 0.18046875
1 0.35078125 0.49453125 0.0984375 0.15859375
1 0.1234375 0.109375 0.13125 0.196875
1 0.2328125 0.0875 0.11640625 0.175
1 0.3171875 0.0296875 0.1125 0.059375
1 0.44453125 0.04609375 0.1421875 0.0921875
1 0.6 0.0875 0.11640625 0.175
1 0.7 0.0328125 0.1125 0.065625
1 0.80625 0.0296875 0.109375 0.059375
1 0.68203125 0.28984375 0.10546875 0.196875
1 0.57265625 0.2484375 0.1203125 0.19140625
1 0.4890625 0.153125 0.1125 0.196875
1 0.41484375 0.29765625 0.1015625 0.20234375
1 0.35625 0.1390625 0.11640625 0.16953125
1 0.4234375 0.15 0.03984375 0.13671875
1 0.5796875 0.43984375 0.1203125 0.18046875
1 0.67265625 0.48671875 0.13125 0.175
1 0.6546875 0.7296875 0.16015625 0.23515625
1 0.48515625 0.77890625 0.1203125 0.20234375
1 0.56171875 0.671875 0.134375 0.21875
1 0.36875 0.82265625 0.12734375 0.15859375
1 0.290625 0.81953125 0.0578125 0.175
1 0.36875 0.68046875 0.1421875 0.21328125
1 0.4875 0.36328125 0.109375 0.19140625
1 0.4328125 0.4453125 0.0796875 0.10390625