1 0.434375 0.425 0.19140625 0.24375
1 0.6015625 0.33046875 0.175 0.2140625
1 0.7671875 0.46015625 0.1953125 0.24375
1 0.88046875 0.6171875 0.159375 0.20859375
1 0.59921875 0.559375 0.1953125 0.23359375
1 0.73125 0.66640625 0.14765625 0.17890625
1 0.73671875 0.8359375 0.14375 0.16953125
1 0.5875 0.7859375 0.17890625 0.21875
1 0.428125 0.671875 0.203125 0.25859375
1 0.43046875 0.85546875 0.18359375 0.1296875
1 0.253125 0.7984375 0.2109375 0.24375
1 0.12578125 0.634375 0.17109375 0.2140625
1 0.2765625 0.53203125 0.17890625 0.2390625
1 0.11953125 0.40078125 0.19140625 0.25390625
1 0.290625 0.29375 0.19140625 0.2390625
1 0.4578125 0.2015625 0.175 0.22421875
1 0.6296875 0.109375 0.20703125 0.21875
1 0.753125 0.2515625 0.1515625 0.17421875
1 0.31875 0.08984375 0.159375 0.17890625
1 0.153125 0.146875 0.17890625 0.2140625
1 0.47109375 0.04453125 0.2109375 0.0890625