1 0.93828125 0.2515625 0.11484375 0.221875
1 0.98359375 0.384375 0.025 0.1109375
1 0.8515625 0.1453125 0.17265625 0.1453125
1 0.890625 0.075 0.21015625 0.15
1 0.59296875 0.18125 0.04921875 0.053125
1 0.63359375 0.1421875 0.065625 0.04375
1 0.64609375 0.1859375 0.04921875 0.0625
1 0.68515625 0.18828125 0.06171875 0.08671875
1 0.66875 0.24375 0.053125 0.053125
1 0.61328125 0.24140625 0.0578125 0.0578125
1 0.63984375 0.20078125 0.1359375 0.15
1 0.71015625 0.39375 0.08671875 0.09140625
1 0.82109375 0.58671875 0.09453125 0.1109375
1 0.75546875 0.68828125 0.06171875 0.0625
1 0.81875 0.67890625 0.0984375 0.053125
1 0.8515625 0.7078125 0.1234375 0.08203125
1 0.84140625 0.77265625 0.06171875 0.0484375
1 0.88671875 0.75390625 0.078125 0.07734375
1 0.8125 0.721875 0.234375 0.24609375
1 0.8640625 0.81875 0.0578125 0.04375
1 0.83515625 0.840625 0.04140625 0.03828125
1 0.78828125 0.796875 0.03671875 0.01953125
1 0.7984375 0.82109375 0.04140625 0.02890625
1 0.75703125 0.7828125 0.0578125 0.0578125
1 0.5984375 0.78515625 0.078125 0.09140625
1 0.4484375 0.63515625 0.04140625 0.12109375
1 0.49765625 0.65703125 0.090625 0.10625
1 0.49765625 0.59921875 0.04140625 0.06796875
1 0.4796875 0.615625 0.16015625 0.159375
1 0.49609375 0.34296875 0.0453125 0.0578125
1 0.5140625 0.3453125 0.025 0.07265625
1 0.52265625 0.371875 0.0328125 0.0484375
1 0.5 0.3984375 0.02890625 0.0625
1 0.45859375 0.42734375 0.053125 0.053125
1 0.4546875 0.37890625 0.0453125 0.053125
1 0.446875 0.3359375 0.0453125 0.053125
1 0.41328125 0.31640625 0.02890625 0.04375
1 0.40703125 0.36953125 0.0328125 0.0625
1 0.434375 0.4296875 0.03671875 0.0484375
1 0.46484375 0.3765625 0.1484375 0.1546875
1 0.53671875 0.14765625 0.053125 0.13984375
1 0.46328125 0.075 0.1359375 0.1015625
1 0.35 0.07734375 0.08203125 0.1546875
1 0.42578125 0.1546875 0.11953125 0.13515625
1 0.30078125 0.10625 0.10703125 0.1453125
1 0.2921875 0.1765625 0.0984375 0.12109375
1 0.34375 0.2078125 0.09453125 0.0578125
1 0.34375 0.8625 0.42421875 0.265625
1 0.48984375 0.93984375 0.15625 0.1109375
1 0.34140625 0.93203125 0.090625 0.12578125
1 0.271875 0.93203125 0.065625 0.10625
1 0.37265625 0.9421875 0.09453125 0.08671875
1 0.41953125 0.8453125 0.0984375 0.08671875
1 0.3109375 0.81640625 0.08671875 0.06796875
1 0.24453125 0.8578125 0.08671875 0.09140625
1 0.1890625 0.9203125 0.07421875 0.08203125
1 0.2265625 0.95390625 0.10703125 0.08203125
1 0.3625 0.8359375 0.07421875 0.07734375
1 0.4859375 0.86484375 0.090625 0.08671875
1 0.5125 0.95390625 0.0703125 0.08203125
1 0.44453125 0.96640625 0.04140625 0.0578125
1 0.3453125 0.76796875 0.07421875 0.06796875
1 0.41953125 0.79453125 0.07421875 0.0625
1 0.26953125 0.7703125 0.078125 0.0625
1 0.23671875 0.8234375 0.08671875 0.07265625
1 0.18125 0.83359375 0.065625 0.0625
1 0.17109375 0.88671875 0.08671875 0.08203125
1 0.10078125 0.3546875 0.2015625 0.29453125
1 0.2390625 0.36484375 0.13984375 0.13046875
1 0.2796875 0.43203125 0.08203125 0.13046875
1 0.278125 0.54140625 0.053125 0.18359375
1 0.2140625 0.490625 0.0984375 0.16875
1 0.2265625 0.59140625 0.08203125 0.15
1 0.17265625 0.6375 0.07421875 0.17421875
1 0.12734375 0.61796875 0.10703125 0.19296875
1 0.08203125 0.6234375 0.07421875 0.17421875
1 0.09296875 0.553125 0.18515625 0.265625