1 0.91953125 0.77578125 0.15234375 0.15546875
1 0.77421875 0.71328125 0.14765625 0.1078125
1 0.89609375 0.60546875 0.14296875 0.1078125
1 0.97890625 0.6015625 0.03203125 0.11640625
1 0.878125 0.55625 0.10625 0.1296875
1 0.9515625 0.5390625 0.0875 0.0859375
1 0.6984375 0.52578125 0.12421875 0.146875
1 0.50234375 0.6828125 0.175 0.1421875
1 0.07109375 0.88828125 0.1421875 0.0859375
1 0.20078125 0.625 0.10625 0.07734375
1 0.02265625 0.5703125 0.0453125 0.08125
1 0.33671875 0.36171875 0.15703125 0.09453125
1 0.22109375 0.28671875 0.13828125 0.11640625
1 0.35 0.2390625 0.13828125 0.1078125
1 0.49296875 0.26328125 0.14765625 0.09453125
1 0.6359375 0.17265625 0.11953125 0.0859375
1 0.8546875 0.28046875 0.13359375 0.103125
1 0.975 0.3078125 0.04140625 0.11640625
1 0.9609375 0.215625 0.06875 0.0859375
1 0.878125 0.17265625 0.12421875 0.09453125
1 0.67734375 0.07578125 0.15703125 0.1078125
1 0.56484375 0.1140625 0.11484375 0.090625
1 0.48828125 0.165625 0.12890625 0.09921875
1 0.45390625 0.07109375 0.13359375 0.090625
1 0.53828125 0.040625 0.1203125 0.08125
1 0.66328125 0.01484375 0.0734375 0.0296875
1 0.88515625 0.01484375 0.1015625 0.0296875
1 0.878125 0.0515625 0.12421875 0.0515625
1 0.38671875 0.16171875 0.1109375 0.06484375
1 0.3390625 0.0671875 0.13359375 0.08203125
1 0.23984375 0.14453125 0.12890625 0.09921875
1 0.10390625 0.159375 0.12421875 0.07734375
1 0.165625 0.09296875 0.1015625 0.08203125
1 0.215625 0.0234375 0.1375 0.046875