1 0.834375 0.62265625 0.15625 0.21875
1 0.86328125 0.73203125 0.18515625 0.2515625
1 0.77109375 0.77890625 0.0796875 0.13671875
1 0.67421875 0.57109375 0.16328125 0.38828125
1 0.75625 0.51328125 0.109375 0.1859375
1 0.67421875 0.7515625 0.1125 0.14765625
1 0.6875 0.8359375 0.0875 0.0546875
1 0.590625 0.8171875 0.1125 0.18046875
1 0.59609375 0.628125 0.109375 0.175
1 0.5796875 0.42890625 0.0765625 0.21328125
1 0.41484375 0.4125 0.16015625 0.28984375
1 0.4875 0.42109375 0.109375 0.2078125
1 0.46015625 0.58203125 0.06875 0.14765625
1 0.509375 0.5953125 0.07265625 0.153125
1 0.509375 0.72109375 0.2109375 0.109375
1 0.49296875 0.7921875 0.1421875 0.0765625
1 0.4328125 0.846875 0.109375 0.175
1 0.43125 0.88828125 0.04765625 0.14765625
1 0.4984375 0.85234375 0.0796875 0.04375
1 0.3015625 0.34453125 0.1890625 0.2515625
1 0.36171875 0.153125 0.0984375 0.196875
1 0.35234375 0.59296875 0.13828125 0.18046875
1 0.28359375 0.5078125 0.1015625 0.1203125
1 0.24921875 0.62265625 0.08359375 0.109375
1 0.21484375 0.6171875 0.1234375 0.1203125
1 0.2203125 0.65859375 0.1125 0.04921875
1 0.18515625 0.7375 0.2109375 0.240625
1 0.36015625 0.80625 0.1234375 0.19140625