1 0.97109375 0.84453125 0.05078125 0.19140625
1 0.9453125 0.93984375 0.07265625 0.109375
1 0.91484375 0.8578125 0.08359375 0.1203125
1 0.91484375 0.75703125 0.08359375 0.10390625
1 0.96328125 0.68828125 0.065625 0.13125
1 0.96328125 0.584375 0.065625 0.1640625
1 0.96875 0.45078125 0.0546875 0.11484375
1 0.96328125 0.35 0.065625 0.1203125
1 0.94765625 0.215625 0.0984375 0.15859375
1 0.96875 0.08984375 0.0546875 0.10390625
1 0.959375 0.01328125 0.071875 0.0265625
1 0.8625 0.00234375 0.1125 0.0046875
1 0.8671875 0.109375 0.1203125 0.1640625
1 0.86328125 0.21015625 0.06171875 0.07109375
1 0.8578125 0.3390625 0.11640625 0.0765625
1 0.8984375 0.30078125 0.0875 0.109375
1 0.88203125 0.5328125 0.15625 0.36640625
1 0.7875 0.69140625 0.1203125 0.20234375
1 0.834375 0.76796875 0.0765625 0.09296875
1 0.778125 0.8578125 0.18203125 0.196875
1 0.8421875 0.9015625 0.1421875 0.1859375
1 0.76875 0.97265625 0.0546875 0.04375
1 0.68359375 0.9375 0.13828125 0.11484375
1 0.66171875 0.83046875 0.0875 0.0984375
1 0.66328125 0.66640625 0.14921875 0.2515625
1 0.6671875 0.45625 0.1203125 0.19140625
1 0.7765625 0.478125 0.1421875 0.22421875
1 0.7453125 0.19921875 0.19609375 0.20234375
1 0.69453125 0.27578125 0.18203125 0.20234375
1 0.63125 0.31953125 0.14921875 0.16953125
1 0.55078125 0.96171875 0.1125 0.065625
1 0.6203125 0.9046875 0.06171875 0.09296875
1 0.53984375 0.846875 0.14921875 0.2078125
1 0.55078125 0.6421875 0.1421875 0.23515625
1 0.4765625 0.7046875 0.065625 0.1421875
1 0.478125 0.9484375 0.03984375 0.09296875
1 0.4421875 0.978125 0.0546875 0.0328125
1 0.41640625 0.9265625 0.03984375 0.07109375
1 0.38359375 0.96171875 0.04765625 0.065625
1 0.36015625 0.92890625 0.0578125 0.0875
1 0.2453125 0.86875 0.19296875 0.2515625
1 0.3 0.959375 0.10546875 0.07109375
1 0.16171875 0.978125 0.06171875 0.0328125
1 0.07109375 0.9015625 0.1421875 0.1859375
1 0.15234375 0.7703125 0.1234375 0.1640625
1 0.24375 0.6609375 0.1234375 0.1640625
1 0.32890625 0.6640625 0.03984375 0.09296875
1 0.365625 0.653125 0.03984375 0.09296875
1 0.4 0.76484375 0.15234375 0.2515625
1 0.44921875 0.584375 0.1125 0.109375
1 0.42734375 0.434375 0.1203125 0.24609375
1 0.53671875 0.43203125 0.1125 0.1859375
1 0.60546875 0.4921875 0.06171875 0.1203125
1 0.58125 0.08984375 0.153125 0.1796875
1 0.6484375 0.0296875 0.084375 0.059375
1 0.7140625 0.01875 0.046875 0.0375
1 0.55625 0.21015625 0.09453125 0.09296875
1 0.61796875 0.19375 0.05078125 0.06015625
1 0.51796875 0.2734375 0.0765625 0.1203125
1 0.56015625 0.28984375 0.0578125 0.065625
1 0.43671875 0.240625 0.109375 0.196875
1 0.48515625 0.1203125 0.1125 0.1640625
1 0.39296875 0.06796875 0.09453125 0.11484375
1 0.409375 0.1609375 0.08359375 0.09296875
1 0.35078125 0.21015625 0.090625 0.14765625
1 0.31640625 0.284375 0.0578125 0.0546875
1 0.3015625 0.33359375 0.065625 0.109375
1 0.36328125 0.35234375 0.0875 0.11484375
1 0.35234375 0.50546875 0.07265625 0.14765625
1 0.3109375 0.58203125 0.10546875 0.09296875
1 0.290625 0.45390625 0.1234375 0.153125
1 0.190625 0.53515625 0.12734375 0.1640625
1 0.1421875 0.6609375 0.0875 0.1203125
1 0.10390625 0.61171875 0.0765625 0.0875
1 0.03828125 0.71015625 0.0765625 0.240625
1 0.0890625 0.72421875 0.0328125 0.04921875
1 0.06875 0.540625 0.1234375 0.153125
1 0.15234375 0.4375 0.0875 0.0984375
1 0.2 0.34453125 0.13125 0.1859375
1 0.05625 0.41015625 0.1125 0.1859375
1 0.0671875 0.328125 0.1203125 0.13125
1 0.1109375 0.2703125 0.08359375 0.11484375
1 0.17421875 0.18828125 0.109375 0.14765625
1 0.26328125 0.2046875 0.090625 0.11484375
1 0.3203125 0.109375 0.0578125 0.0765625
1 0.35625 0.11171875 0.04375 0.07109375
1 0.24765625 0.08203125 0.09453125 0.1421875
1 0.16171875 0.0734375 0.0765625 0.10390625
1 0.20390625 0.0625 0.021875 0.04921875
1 0.134375 0.12578125 0.05078125 0.065625
1 0.09609375 0.16953125 0.0546875 0.0765625
1 0.0421875 0.2046875 0.08359375 0.12578125
1 0.0125 0.24609375 0.025 0.0984375
1 0.06328125 0.11484375 0.0546875 0.0765625
1 0.0796875 0.04609375 0.0796875 0.07109375
1 0.021875 0.0765625 0.04375 0.0765625
1 0.021875 0.1203125 0.04375 0.0546875
1 0.06015625 0.02421875 0.1203125 0.0484375
1 0.24765625 0.0328125 0.19609375 0.065625
1 0.4984375 0.49765625 0.99609375 0.99453125