1 0.91953125 0.76796875 0.15390625 0.45234375
1 0.96328125 0.3484375 0.0671875 0.4109375
1 0.91171875 0.11640625 0.1703125 0.23203125
1 0.82578125 0.128125 0.08046875 0.20859375
1 0.81796875 0.5984375 0.23046875 0.79140625
1 0.78125 0.95546875 0.1375 0.07734375
1 0.7359375 0.496875 0.19375 0.80390625
1 0.715625 0.07734375 0.146875 0.1546875
1 0.62734375 0.20234375 0.1640625 0.29765625
1 0.64375 0.3421875 0.1234375 0.24375
1 0.56171875 0.44921875 0.17421875 0.17265625
1 0.5703125 0.61015625 0.1703125 0.315625
1 0.51484375 0.79140625 0.36796875 0.4046875
1 0.3765625 0.43125 0.190625 0.32734375
1 0.475 0.16953125 0.328125 0.3390625
1 0.24453125 0.17578125 0.20078125 0.3515625
1 0.14921875 0.0625 0.090625 0.125
1 0.08828125 0.11015625 0.1171875 0.1484375
1 0.0203125 0.0625 0.03984375 0.125
1 0.0734375 0.0359375 0.0734375 0.07109375
1 0.0984375 0.39765625 0.196875 0.5359375
1 0.2671875 0.5234375 0.09375 0.190625
1 0.24765625 0.4046875 0.0671875 0.08359375
1 0.2421875 0.6578125 0.11015625 0.19609375
1 0.27890625 0.86640625 0.1171875 0.25625
1 0.353125 0.95859375 0.090625 0.07109375
1 0.18046875 0.9375 0.08046875 0.11328125
1 0.34921875 0.8515625 0.05703125 0.13125
1 0.1640625 0.8125 0.09375 0.1609375
1 0.12890625 0.7140625 0.090625 0.14296875
1 0.16015625 0.625 0.03359375 0.04765625
1 0.05703125 0.73203125 0.08046875 0.10703125
1 0.328125 0.6546875 0.06015625 0.1546875
1 0.27890625 0.58046875 0.06328125 0.065625
1 0.0734375 0.9015625 0.140625 0.184375
1 0.021875 0.95859375 0.04375 0.07109375
1 0.003125 0.7671875 0.00625 0.178125
1 0.4984375 0.496875 0.996875 0.99375