1 0.890625 0.6734375 0.2125 0.3921875
1 0.93125 0.93125 0.13046875 0.12421875
1 0.91953125 0.3984375 0.06953125 0.1046875
1 0.97265625 0.425 0.0484375 0.1046875
1 0.9515625 0.278125 0.09140625 0.1375
1 0.95 0.34609375 0.09453125 0.09140625
1 0.89375 0.33671875 0.03671875 0.071875
1 0.85703125 0.3890625 0.0546875 0.16328125
1 0.884375 0.27109375 0.0484375 0.071875
1 0.8265625 0.27421875 0.0609375 0.1046875
1 0.7875 0.34296875 0.0609375 0.12421875
1 0.81484375 0.425 0.0671875 0.1046875
1 0.76328125 0.425 0.03046875 0.065625
1 0.69609375 0.34296875 0.03046875 0.12421875
1 0.73671875 0.2875 0.06953125 0.078125
1 0.7296875 0.3859375 0.0421875 0.14375
1 0.76328125 0.7546875 0.29765625 0.47734375
1 0.46953125 0.565625 0.02734375 0.05859375
1 0.42265625 0.6046875 0.03671875 0.04609375
1 0.51484375 0.8953125 0.06953125 0.15703125
1 0.4 0.85625 0.0578125 0.14375
1 0.55625 0.715625 0.09140625 0.16328125
1 0.60625 0.634375 0.06953125 0.14375
1 0.5640625 0.50625 0.0453125 0.05859375
1 0.63359375 0.30703125 0.03359375 0.1046875
1 0.6109375 0.3296875 0.03671875 0.08515625
1 0.6640625 0.35 0.02734375 0.071875
1 0.65078125 0.3984375 0.03671875 0.09140625
1 0.61875 0.40546875 0.03984375 0.09140625
1 0.58046875 0.40859375 0.03671875 0.08515625
1 0.57109375 0.33359375 0.0484375 0.1046875
1 0.54375 0.40234375 0.03046875 0.071875
1 0.653125 0.071875 0.03046875 0.09140625
1 0.6796875 0.071875 0.02109375 0.065625
1 0.63203125 0.06171875 0.02421875 0.071875
1 0.70859375 0.01015625 0.103125 0.01953125
1 0.615625 0.140625 0.03984375 0.08515625
1 0.6546875 0.15 0.0453125 0.078125
1 0.69296875 0.134375 0.03671875 0.05859375
1 0.734375 0.06171875 0.0453125 0.09765625
1 0.4 0.1046875 0.02734375 0.11796875
1 0.4328125 0.06875 0.03984375 0.12421875
1 0.4578125 0.06171875 0.0453125 0.1109375
1 0.41640625 0.12734375 0.01796875 0.09765625
1 0.43046875 0.15390625 0.02734375 0.09765625
1 0.46328125 0.1046875 0.03359375 0.15703125
1 0.48203125 0.1765625 0.02734375 0.05234375
1 0.47890625 0.11796875 0.02734375 0.078125
1 0.49375 0.0421875 0.03359375 0.071875
1 0.51640625 0.11796875 0.0421875 0.09140625
1 0.42109375 0.30703125 0.03984375 0.09140625
1 0.46171875 0.3140625 0.0421875 0.078125
1 0.47578125 0.37890625 0.03984375 0.065625
1 0.5078125 0.34296875 0.02421875 0.05859375
1 0.4359375 0.38203125 0.0453125 0.05859375
1 0.4015625 0.37890625 0.0421875 0.05234375
1 0.0609375 0.91484375 0.121875 0.15703125
1 0.18828125 0.9609375 0.13359375 0.065625
1 0.321875 0.7875 0.103125 0.3203125
1 0.403125 0.4703125 0.14296875 0.078125
1 0.34921875 0.58515625 0.0484375 0.12421875
1 0.28125 0.284375 0.03359375 0.05859375
1 0.20859375 0.12421875 0.1125 0.09140625
1 0.30859375 0.290625 0.02109375 0.04609375
1 0.33125 0.29765625 0.02421875 0.05859375
1 0.34765625 0.30390625 0.009375 0.0328125
1 0.265625 0.33984375 0.03359375 0.065625
1 0.29296875 0.35 0.02734375 0.071875
1 0.321875 0.35 0.01796875 0.05859375
1 0.3359375 0.35 0.009375 0.0328125
1 0.25546875 0.37265625 0.03046875 0.065625
1 0.2734375 0.3953125 0.02421875 0.05859375
1 0.29765625 0.3921875 0.02421875 0.05234375
1 0.3234375 0.3984375 0.02109375 0.05234375
1 0.2359375 0.43125 0.02734375 0.065625
1 0.271875 0.45078125 0.03359375 0.078125
1 0.30078125 0.434375 0.01796875 0.04609375
1 0.14609375 0.3265625 0.02421875 0.02578125
1 0.178125 0.33359375 0.03359375 0.0390625
1 0.14140625 0.35625 0.02109375 0.01953125
1 0.16875 0.3921875 0.02109375 0.0390625
1 0.96015625 0.1015625 0.03046875 0.18984375
1 0.98203125 0.1015625 0.01796875 0.1765625
1 0.990625 0.1078125 0.0125 0.16328125
1 0.9421875 0.1046875 0.01796875 0.19609375
1 0.92734375 0.134375 0.01796875 0.1765625
1 0.89296875 0.0421875 0.0546875 0.084375
1 0.8984375 0.13046875 0.0515625 0.15703125
1 0.84375 0.05546875 0.0453125 0.1109375
1 0.81328125 0.1109375 0.0453125 0.1046875
1 0.86171875 0.140625 0.0578125 0.08515625