1 0.86328125 0.27109375 0.2625 0.08359375
1 0.803125 0.23671875 0.2515625 0.11640625
1 0.6171875 0.28515625 0.04375 0.0328125
1 0.65 0.3125 0.0546875 0.02890625
1 0.65546875 0.33828125 0.04375 0.03671875
1 0.5953125 0.321875 0.0546875 0.04765625
1 0.61484375 0.36015625 0.06015625 0.03671875
1 0.65859375 0.378125 0.03828125 0.03671875
1 0.5546875 0.35625 0.07109375 0.03671875
1 0.53515625 0.334375 0.0546875 0.02890625
1 0.565625 0.38359375 0.04921875 0.02578125
1 0.6171875 0.3984375 0.065625 0.0328125
1 0.57109375 0.4109375 0.04921875 0.03671875
1 0.4890625 0.36875 0.06015625 0.0328125
1 0.51328125 0.40390625 0.065625 0.04375
1 0.45078125 0.3984375 0.07109375 0.03984375
1 0.4671875 0.45078125 0.06015625 0.0578125
1 0.521875 0.44765625 0.04921875 0.04375
1 0.4265625 0.43671875 0.0546875 0.04375
1 0.5875 0.42890625 0.10390625 0.065625
1 0.60625 0.44375 0.0984375 0.065625
1 0.63125 0.44375 0.08203125 0.0796875
1 0.76796875 0.4328125 0.27890625 0.09453125
1 0.7921875 0.48203125 0.065625 0.090625
1 0.9015625 0.4546875 0.1640625 0.0875
1 0.87421875 0.5 0.0546875 0.02578125
1 0.97265625 0.52890625 0.04375 0.03984375
1 0.97578125 0.56171875 0.03828125 0.04765625
1 0.98359375 0.6015625 0.021875 0.02578125
1 0.9265625 0.55625 0.04921875 0.01484375
1 0.92890625 0.5765625 0.0546875 0.01796875
1 0.95625 0.590625 0.065625 0.02578125
1 0.65546875 0.565625 0.2515625 0.1125
1 0.85546875 0.55078125 0.18046875 0.0328125
1 0.871875 0.5875 0.08203125 0.02578125
1 0.78125 0.5765625 0.065625 0.01796875
1 0.784375 0.6015625 0.06015625 0.02578125
1 0.93203125 0.63671875 0.12578125 0.065625
1 0.828125 0.65078125 0.12578125 0.0578125
1 0.74609375 0.66875 0.13671875 0.04375
1 0.69375 0.72578125 0.1859375 0.0984375
1 0.80859375 0.7546875 0.0984375 0.04765625
1 0.80625 0.71640625 0.06015625 0.03671875
1 0.8609375 0.70546875 0.07109375 0.03671875
1 0.934375 0.7203125 0.065625 0.04375
1 0.93203125 0.690625 0.07109375 0.02890625
1 0.98125 0.7 0.02734375 0.06171875
1 0.97265625 0.7421875 0.04375 0.05078125
1 0.92890625 0.7578125 0.0765625 0.0328125
1 0.88828125 0.734375 0.09296875 0.02890625
1 0.86328125 0.778125 0.0875 0.04375
1 0.94296875 0.80546875 0.10390625 0.08359375
1 0.6828125 0.82578125 0.39375 0.11640625
1 0.9484375 0.93125 0.09296875 0.13125
1 0.78671875 0.9328125 0.21875 0.12734375
1 0.57890625 0.92578125 0.2296875 0.1421875
1 0.39609375 0.7890625 0.24609375 0.13828125
1 0.1421875 0.7890625 0.284375 0.16015625
1 0.23515625 0.92578125 0.4703125 0.1421875
1 0.1828125 0.32890625 0.22421875 0.0328125
1 0.22109375 0.36015625 0.28984375 0.04375
1 0.21328125 0.37265625 0.2953125 0.04765625
1 0.22421875 0.3984375 0.30625 0.0546875
1 0.3828125 0.38515625 0.065625 0.021875
1 0.23203125 0.70390625 0.11484375 0.03984375
1 0.25703125 0.734375 0.0984375 0.04375
1 0.21328125 0.6796875 0.0875 0.03671875
1 0.1171875 0.66875 0.09296875 0.04375
1 0.128125 0.6984375 0.08203125 0.04375
1 0.0328125 0.68515625 0.065625 0.03984375
1 0.03828125 0.721875 0.065625 0.0546875
1 0.040625 0.64765625 0.08125 0.0578125
1 0.13671875 0.62578125 0.109375 0.07265625
1 0.05703125 0.590625 0.08203125 0.0546875
1 0.084375 0.54765625 0.15859375 0.090625
1 0.37421875 0.53828125 0.15859375 0.05078125
1 0.415625 0.5421875 0.153125 0.05078125
1 0.4125 0.6546875 0.15859375 0.05078125
1 0.459375 0.678125 0.153125 0.0328125
1 0.44296875 0.6109375 0.1203125 0.05078125
1 0.3828125 0.50390625 0.240625 0.0765625
1 0.25390625 0.59453125 0.12578125 0.090625
1 0.2296875 0.58203125 0.0984375 0.07265625
1 0.21328125 0.56015625 0.0984375 0.065625
1 0.215625 0.54921875 0.13671875 0.05078125
1 0.31171875 0.61484375 0.1640625 0.109375
1 0.25703125 0.5125 0.0765625 0.03671875
1 0.3171875 0.4796875 0.065625 0.04375
1 0.2515625 0.465625 0.0765625 0.04375
1 0.196875 0.45078125 0.0546875 0.04375
1 0.19921875 0.49609375 0.06015625 0.04765625
1 0.10078125 0.46875 0.16953125 0.0875
1 0.2703125 0.4203125 0.07109375 0.0328125
1 0.20234375 0.4234375 0.04375 0.02578125
1 0.1640625 0.40703125 0.065625 0.021875
1 0.10625 0.4109375 0.07109375 0.02890625
1 0.34140625 0.4453125 0.04921875 0.0328125