1 0.93359375 0.8265625 0.12421875 0.26640625
1 0.9625 0.60703125 0.06640625 0.19140625
1 0.89765625 0.44921875 0.1953125 0.221875
1 0.76640625 0.584375 0.253125 0.24453125
1 0.93359375 0.2578125 0.12421875 0.221875
1 0.8421875 0.14921875 0.20859375 0.21796875
1 0.7375 0.31796875 0.23125 0.2625
1 0.61328125 0.43359375 0.21328125 0.2359375
1 0.5 0.31796875 0.2 0.18203125
1 0.6 0.18671875 0.23125 0.23125
1 0.70859375 0.0734375 0.21796875 0.146875
1 0.5359375 0.02890625 0.15546875 0.0578125
1 0.42421875 0.0953125 0.20859375 0.18203125
1 0.33984375 0.2109375 0.21796875 0.20859375
1 0.21328125 0.10234375 0.21328125 0.2046875
1 0.10859375 0.21953125 0.2171875 0.2796875
1 0.153125 0.39140625 0.2359375 0.2578125
1 0.03125 0.3734375 0.0625 0.16875
1 0.05078125 0.57734375 0.1015625 0.2390625
1 0.2359375 0.653125 0.2578125 0.221875
1 0.2265625 0.846875 0.30234375 0.29765625
1 0.50859375 0.89140625 0.2625 0.20859375
1 0.73125 0.80859375 0.253125 0.26640625
1 0.38203125 0.45546875 0.27578125 0.2796875
1 0.51796875 0.65078125 0.2625 0.2625
1 0.0578125 0.82421875 0.115625 0.2890625