1 0.9375 0.80078125 0.11875 0.31015625
1 0.8609375 0.6265625 0.153125 0.30390625
1 0.94375 0.31953125 0.10625 0.28515625
1 0.840625 0.3921875 0.15625 0.265625
1 0.7125 0.503125 0.18125 0.33515625
1 0.68125 0.25 0.18125 0.33515625
1 0.7671875 0.1328125 0.171875 0.265625
1 0.528125 0.46796875 0.18125 0.3546875
1 0.621875 0.69609375 0.1625 0.3671875
1 0.7234375 0.84140625 0.196875 0.30390625
1 0.4640625 0.92734375 0.159375 0.1328125
1 0.45625 0.759375 0.2 0.34140625
1 0.2859375 0.8703125 0.196875 0.246875
1 0.2921875 0.6265625 0.190625 0.31640625
1 0.36875 0.43046875 0.15625 0.31640625
1 0.196875 0.42109375 0.18125 0.41171875
1 0.3046875 0.234375 0.190625 0.278125
1 0.4328125 0.1234375 0.153125 0.246875
1 0.5171875 0.29140625 0.153125 0.17734375
1 0.559375 0.1359375 0.10625 0.20859375
1 0.521875 0.03515625 0.0625 0.06953125
1 0.3 0.05703125 0.1375 0.1140625
1 0.1671875 0.1203125 0.171875 0.228125
1 0.1015625 0.265625 0.165625 0.31640625