1 0.61171875 0.68046875 0.38984375 0.49453125
1 0.89765625 0.6234375 0.196875 0.21640625
1 0.85703125 0.84765625 0.278125 0.29375
1 0.53671875 0.95625 0.2390625 0.07734375
1 0.2703125 0.8171875 0.33203125 0.35546875
1 0.33984375 0.53359375 0.19296875 0.2625
1 0.565625 0.3609375 0.15859375 0.1859375
1 0.79765625 0.42265625 0.34375 0.278125
1 0.86640625 0.2140625 0.16640625 0.23203125
1 0.72421875 0.0828125 0.1734375 0.16484375
1 0.6796875 0.234375 0.13125 0.18046875
1 0.7546875 0.20859375 0.0890625 0.14921875
1 0.60625 0.14140625 0.13125 0.11875
1 0.5484375 0.23984375 0.115625 0.11875
1 0.46328125 0.21171875 0.1078125 0.16484375
1 0.50390625 0.15234375 0.0578125 0.09765625
1 0.5421875 0.1265625 0.0421875 0.05703125
1 0.4421875 0.10546875 0.08125 0.07734375
1 0.359375 0.1984375 0.1 0.12890625
1 0.3609375 0.1234375 0.08125 0.0515625
1 0.19140625 0.2703125 0.13515625 0.10859375
1 0.28984375 0.396875 0.409375 0.29921875
1 0.140625 0.56953125 0.2203125 0.325
1 0.06015625 0.5875 0.11953125 0.2578125
1 0.07109375 0.81875 0.1421875 0.31875