1 0.44453125 0.3296875 0.140625 0.0984375
1 0.49765625 0.71484375 0.08515625 0.075
1 0.40625 0.63046875 0.046875 0.046875
1 0.35078125 0.62578125 0.046875 0.4015625
1 0.39765625 0.878125 0.0890625 0.22421875
1 0.5125 0.83203125 0.10625 0.32734375
1 0.63203125 0.878125 0.13203125 0.23359375
1 0.82109375 0.84140625 0.34921875 0.21484375
1 0.8421875 0.953125 0.30625 0.084375
1 0.88046875 0.953125 0.2296875 0.084375
1 0.30390625 0.78515625 0.09765625 0.4203125
1 0.24921875 0.74765625 0.11484375 0.121875
1 0.153125 0.85546875 0.1875 0.15859375
1 0.20625 0.60546875 0.4125 0.44375
1 0.02109375 0.84609375 0.0421875 0.1125
1 0.5359375 0.51640625 0.246875 0.25703125
1 0.79765625 0.65625 0.3875 0.21015625
1 0.90859375 0.6421875 0.17421875 0.14453125
1 0.7640625 0.54921875 0.1578125 0.33203125
1 0.9171875 0.56796875 0.1578125 0.12578125
1 0.90625 0.38984375 0.10234375 0.31328125
1 0.9640625 0.4296875 0.0640625 0.17734375
1 0.446875 0.2546875 0.6640625 0.16328125
1 0.64453125 0.2640625 0.140625 0.17265625
1 0.20234375 0.32265625 0.22578125 0.33671875
1 0.240625 0.315625 0.353125 0.16328125
1 0.4 0.14921875 0.31484375 0.22421875
1 0.40859375 0.10078125 0.17890625 0.20078125
1 0.46171875 0.0890625 0.11484375 0.17734375
1 0.59609375 0.10546875 0.1875 0.21015625
1 0.7421875 0.11484375 0.14921875 0.22890625
1 0.8765625 0.1796875 0.23828125 0.22890625
1 0.165625 0.06328125 0.06796875 0.12578125
1 0.44921875 0.49765625 0.4125 0.9953125
1 0.52109375 0.49296875 0.94921875 0.85546875
1 0.03828125 0.60078125 0.0765625 0.603125