1 0.878125 0.79765625 0.23671875 0.20703125
1 0.94453125 0.56484375 0.103125 0.2796875
1 0.8203125 0.5515625 0.1453125 0.346875
1 0.76875 0.36015625 0.0421875 0.0671875
1 0.70390625 0.48984375 0.11796875 0.1609375
1 0.671875 0.61953125 0.1296875 0.19140625
1 0.71015625 0.78984375 0.11484375 0.1609375
1 0.6046875 0.70703125 0.14921875 0.38828125
1 0.49609375 0.7046875 0.1296875 0.39375
1 0.371875 0.63203125 0.15625 0.32109375
1 0.36796875 0.41171875 0.05 0.0671875
1 0.42734375 0.3546875 0.04609375 0.05703125
1 0.50546875 0.43515625 0.11796875 0.17578125
1 0.32421875 0.75390625 0.1296875 0.2953125
1 0.23125 0.725 0.0953125 0.35234375
1 0.13359375 0.81328125 0.16015625 0.17578125
1 0.09921875 0.6375 0.16015625 0.43515625
1 0.0515625 0.5546875 0.103125 0.15546875
1 0.025 0.696875 0.05 0.13984375