1 0.490625 0.428125 0.1390625 0.1859375
1 0.57109375 0.60546875 0.13125 0.190625
1 0.68515625 0.53359375 0.13515625 0.18046875
1 0.80859375 0.59296875 0.15078125 0.19609375
1 0.753125 0.76015625 0.13125 0.1703125
1 0.6796875 0.65234375 0.115625 0.12890625
1 0.63671875 0.78125 0.1078125 0.14921875
1 0.54609375 0.82734375 0.10390625 0.16015625
1 0.55234375 0.72421875 0.04609375 0.0671875
1 0.465625 0.72421875 0.14296875 0.20078125
1 0.459375 0.91484375 0.1390625 0.14921875
1 0.42265625 0.81171875 0.0890625 0.09765625
1 0.3859375 0.70390625 0.06171875 0.0875
1 0.38984375 0.57734375 0.13125 0.175
1 0.3109375 0.765625 0.15859375 0.18046875
1 0.29765625 0.5953125 0.07734375 0.16015625
1 0.2546875 0.484375 0.07734375 0.09296875
1 0.33203125 0.41015625 0.1546875 0.190625
1 0.1890625 0.59765625 0.146875 0.16484375
1 0.0890625 0.5203125 0.1078125 0.14453125
1 0.1640625 0.45390625 0.096875 0.11328125
1 0.2140625 0.3734375 0.11953125 0.14921875
1 0.2953125 0.3171875 0.08125 0.0875
1 0.3375 0.21875 0.12734375 0.14921875
1 0.21796875 0.24453125 0.11953125 0.1390625
1 0.12578125 0.32734375 0.11171875 0.16015625
1 0.51328125 0.1546875 0.1078125 0.1546875
1 0.596875 0.221875 0.0890625 0.09296875
1 0.65078125 0.3328125 0.11953125 0.16015625
1 0.71796875 0.45390625 0.115625 0.1234375
1 0.78984375 0.39140625 0.10390625 0.14453125
1 0.828125 0.25 0.12734375 0.1390625
1 0.73359375 0.3453125 0.05390625 0.071875
1 0.71796875 0.2265625 0.1234375 0.1546875
1 0.76796875 0.15234375 0.115625 0.10859375
1 0.73515625 0.04921875 0.096875 0.09765625
1 0.63125 0.12890625 0.11953125 0.175
1 0.6421875 0.0203125 0.103125 0.040625
1 0.56171875 0.0515625 0.065625 0.071875
1 0.49921875 0.028125 0.1046875 0.05625
1 0.4421875 0.103125 0.0890625 0.14453125
1 0.38046875 0.03359375 0.11953125 0.0671875
1 0.303125 0.075 0.11953125 0.14921875