1 0.1 0.52421875 0.1421875 0.196875
1 0.19609375 0.42890625 0.1015625 0.12578125
1 0.27421875 0.303125 0.1125 0.15859375
1 0.3453125 0.30859375 0.04375 0.11484375
1 0.390625 0.19375 0.0984375 0.12578125
1 0.47265625 0.2296875 0.0796875 0.0875
1 0.50390625 0.31171875 0.0984375 0.1640625
1 0.4109375 0.27890625 0.0796875 0.0875
1 0.4125 0.3828125 0.12734375 0.1640625
1 0.4875 0.42109375 0.03671875 0.0546875
1 0.37265625 0.43984375 0.06875 0.16953125
1 0.2984375 0.42890625 0.109375 0.15859375
1 0.25234375 0.52734375 0.14921875 0.20234375
1 0.1765625 0.67734375 0.1203125 0.21875
1 0.09296875 0.65546875 0.06875 0.0984375
1 0.26328125 0.76796875 0.15625 0.22421875
1 0.390625 0.890625 0.15625 0.2078125
1 0.53671875 0.95390625 0.1421875 0.08203125
1 0.64375 0.9125 0.1453125 0.1640625
1 0.78359375 0.9265625 0.12734375 0.13671875
1 0.79609375 0.80625 0.13828125 0.16953125
1 0.85234375 0.6421875 0.10546875 0.19140625
1 0.82734375 0.478125 0.134375 0.15859375
1 0.75078125 0.41015625 0.06875 0.13125
1 0.7453125 0.628125 0.13828125 0.21875
1 0.66328125 0.74609375 0.15625 0.23515625
1 0.58359375 0.80625 0.06171875 0.10390625
1 0.50390625 0.8359375 0.134375 0.1859375
1 0.54375 0.68046875 0.12734375 0.18046875
1 0.621875 0.55703125 0.109375 0.175
1 0.72578125 0.5328125 0.0984375 0.11484375
1 0.665625 0.4015625 0.11640625 0.16953125
1 0.621875 0.3609375 0.07265625 0.109375
1 0.56875 0.3171875 0.0546875 0.0875
1 0.56015625 0.44296875 0.1015625 0.153125
1 0.54375 0.53828125 0.0546875 0.11484375
1 0.46875 0.540625 0.13125 0.196875
1 0.3796875 0.5734375 0.0765625 0.0984375
1 0.4 0.7046875 0.1453125 0.1640625
1 0.290625 0.6421875 0.11640625 0.10390625
1 0.3453125 0.54375 0.05078125 0.12578125