1 0.6484375 0.821875 0.146875 0.190625
1 0.93046875 0.6703125 0.13125 0.2578125
1 0.84921875 0.50546875 0.17734375 0.19609375
1 0.8375 0.64453125 0.07734375 0.11328125
1 0.96328125 0.5234375 0.065625 0.0671875
1 0.9265625 0.4171875 0.13125 0.20625
1 0.9515625 0.36875 0.0890625 0.1703125
1 0.9515625 0.2578125 0.0890625 0.11328125
1 0.88046875 0.20390625 0.1078125 0.12890625
1 0.84375 0.2578125 0.0890625 0.134375
1 0.89609375 0.3015625 0.05390625 0.05703125
1 0.78984375 0.325 0.12734375 0.20625
1 0.728125 0.575 0.0890625 0.20078125
1 0.7546875 0.61875 0.11171875 0.14453125
1 0.65234375 0.58515625 0.17734375 0.221875
1 0.5640625 0.54140625 0.146875 0.21640625
1 0.45 0.61328125 0.13515625 0.2375
1 0.43828125 0.79375 0.10390625 0.134375
1 0.5 0.8734375 0.11171875 0.1703125
1 0.3375 0.62109375 0.096875 0.12890625
1 0.378125 0.70625 0.06171875 0.134375
1 0.40703125 0.5125 0.096875 0.09765625
1 0.4671875 0.39921875 0.146875 0.1703125
1 0.6 0.3453125 0.12734375 0.21640625
1 0.671875 0.3453125 0.09296875 0.2578125
1 0.56953125 0.2296875 0.14296875 0.18046875
1 0.671875 0.178125 0.1 0.11875
1 0.74140625 0.16015625 0.06953125 0.103125
1 0.7953125 0.14921875 0.06171875 0.09296875
1 0.71640625 0.0875 0.11171875 0.06171875
1 0.63671875 0.08984375 0.115625 0.0671875
1 0.38046875 0.91484375 0.15078125 0.16015625
1 0.3453125 0.8734375 0.13515625 0.14921875
1 0.3859375 0.821875 0.1 0.10859375
1 0.29375 0.73984375 0.13125 0.190625
1 0.36328125 0.7375 0.0234375 0.06171875
1 0.25078125 0.646875 0.07734375 0.07734375
1 0.2296875 0.6546875 0.02734375 0.0515625
1 0.171875 0.73984375 0.11953125 0.16015625
1 0.16640625 0.69296875 0.115625 0.18046875
1 0.075 0.6625 0.10390625 0.1390625
1 0.065625 0.79609375 0.115625 0.190625
1 0.10625 0.5640625 0.096875 0.12890625
1 0.20078125 0.55703125 0.1078125 0.134375
1 0.27421875 0.52578125 0.09296875 0.1546875
1 0.33984375 0.4203125 0.1234375 0.1390625
1 0.1875 0.471875 0.11953125 0.10859375
1 0.23359375 0.365625 0.08125 0.14453125
1 0.2796875 0.30390625 0.05 0.06171875
1 0.31484375 0.33984375 0.10390625 0.1234375
1 0.05390625 0.49765625 0.1078125 0.12890625
1 0.01953125 0.60546875 0.03828125 0.10859375
1 0.040625 0.44609375 0.08125 0.1390625
1 0.05 0.31171875 0.06171875 0.0875
1 0.0421875 0.2296875 0.04609375 0.07734375
1 0.090625 0.221875 0.08125 0.134375
1 0.13671875 0.15234375 0.065625 0.07734375
1 0.16015625 0.1671875 0.0890625 0.0875
1 0.2046875 0.11328125 0.09296875 0.103125
1 0.2125 0.0640625 0.06171875 0.0359375
1 0.28359375 0.0234375 0.0421875 0.02578125
1 0.30703125 0.0125 0.0734375 0.025
1 0.40859375 0.0203125 0.0703125 0.040625
1 0.41875 0.05390625 0.0578125 0.04609375
1 0.4921875 0.0828125 0.065625 0.071875
1 0.49609375 0.15703125 0.0734375 0.07734375
1 0.465625 0.19296875 0.08125 0.11875
1 0.44375 0.27578125 0.07734375 0.10859375
1 0.384375 0.29140625 0.0734375 0.16015625
1 0.33359375 0.24765625 0.034375 0.06171875
1 0.2953125 0.20859375 0.0734375 0.12890625
1 0.33984375 0.19296875 0.05390625 0.0671875
1 0.36640625 0.1703125 0.07734375 0.09296875
1 0.403125 0.1671875 0.034375 0.0671875
1 0.37421875 0.103125 0.06953125 0.071875
1 0.4359375 0.10078125 0.06953125 0.0671875
1 0.2953125 0.1109375 0.08125 0.09765625
1 0.28984375 0.059375 0.06953125 0.05703125
1 0.24296875 0.190625 0.04609375 0.1546875
1 0.19296875 0.2421875 0.1390625 0.134375
1 0.13671875 0.36328125 0.13515625 0.18046875