1 0.95546875 0.86171875 0.04140625 0.04609375
1 0.9828125 0.91953125 0.02734375 0.034375
1 0.92734375 0.91953125 0.0484375 0.04609375
1 0.87421875 0.9109375 0.0515625 0.0515625
1 0.82265625 0.896875 0.03828125 0.04609375
1 0.84296875 0.8359375 0.03828125 0.03984375
1 0.896875 0.84765625 0.0484375 0.0515625
1 0.9796875 0.79921875 0.034375 0.04609375
1 0.9671875 0.74140625 0.04453125 0.06875
1 0.99140625 0.73828125 0.01015625 0.075
1 0.934375 0.7875 0.05546875 0.0578125
1 0.92734375 0.7296875 0.034375 0.0578125
1 0.95546875 0.6953125 0.04140625 0.034375
1 0.91015625 0.6921875 0.0203125 0.02890625
1 0.88828125 0.72109375 0.04453125 0.06328125
1 0.8671875 0.7359375 0.04453125 0.0578125
1 0.87734375 0.77890625 0.0515625 0.0515625
1 0.82265625 0.7703125 0.0515625 0.0578125
1 0.7984375 0.73828125 0.03125 0.03984375
1 0.8015625 0.68984375 0.04453125 0.04609375
1 0.8328125 0.70703125 0.04453125 0.0578125
1 0.86171875 0.68984375 0.02734375 0.02265625
1 0.93125 0.56015625 0.04140625 0.06328125
1 0.92734375 0.48828125 0.034375 0.0578125
1 0.89296875 0.49453125 0.0484375 0.0578125
1 0.8859375 0.43984375 0.04140625 0.0515625
1 0.86171875 0.42265625 0.034375 0.0515625
1 0.834375 0.4859375 0.04140625 0.0515625
1 0.85859375 0.47734375 0.02734375 0.04609375
1 0.8328125 0.43671875 0.02421875 0.034375
1 0.86171875 0.54609375 0.0484375 0.034375
1 0.89296875 0.59765625 0.0484375 0.04609375
1 0.8296875 0.60078125 0.04453125 0.02890625
1 0.7984375 0.54609375 0.0515625 0.04609375
1 0.79140625 0.4828125 0.0515625 0.04609375
1 0.80703125 0.43671875 0.04140625 0.04609375
1 0.7515625 0.5546875 0.02734375 0.0515625
1 0.753125 0.496875 0.02421875 0.02890625
1 0.615625 0.36171875 0.134375 0.04609375
1 0.69453125 0.4078125 0.0171875 0.02265625
1 0.67578125 0.41953125 0.02734375 0.034375
1 0.6640625 0.38828125 0.03125 0.02890625
1 0.64453125 0.4109375 0.02734375 0.03984375
1 0.63125 0.38515625 0.02734375 0.02265625
1 0.61875 0.4140625 0.02421875 0.034375
1 0.5984375 0.396875 0.02421875 0.02265625
1 0.59453125 0.41953125 0.03125 0.02265625
1 0.5640625 0.396875 0.03125 0.02265625
1 0.78125 0.88828125 0.0515625 0.06328125
1 0.7359375 0.925 0.04453125 0.034375
1 0.74453125 0.83046875 0.0484375 0.03984375
1 0.6703125 0.83359375 0.0515625 0.034375
1 0.70546875 0.88203125 0.03828125 0.03984375
1 0.67421875 0.92265625 0.03828125 0.03984375
1 0.6328125 0.90234375 0.03828125 0.04609375
1 0.58828125 0.890625 0.04453125 0.04609375
1 0.55859375 0.93984375 0.0484375 0.0515625
1 0.48984375 0.93671875 0.06171875 0.034375
1 0.51875 0.8765625 0.05859375 0.06328125
1 0.45 0.88515625 0.0515625 0.034375
1 0.70703125 0.64921875 0.04140625 0.0578125
1 0.66171875 0.65546875 0.0484375 0.0578125
1 0.6296875 0.66953125 0.03828125 0.03984375
1 0.58125 0.67265625 0.02421875 0.04609375
1 0.6015625 0.68359375 0.03125 0.04609375
1 0.61875 0.72734375 0.03828125 0.06328125
1 0.6671875 0.75 0.03828125 0.075
1 0.71015625 0.7640625 0.04140625 0.0578125
1 0.73984375 0.753125 0.03125 0.0578125
1 0.7703125 0.7359375 0.02421875 0.04609375
1 0.746875 0.70390625 0.03125 0.03984375
1 0.7171875 0.70703125 0.034375 0.04609375
1 0.6828125 0.715625 0.04140625 0.06328125
1 0.71171875 0.53125 0.04453125 0.0515625
1 0.6703125 0.49140625 0.03828125 0.0515625
1 0.69453125 0.50859375 0.02421875 0.03984375
1 0.66015625 0.53984375 0.03828125 0.04609375
1 0.6828125 0.5375 0.02734375 0.02890625
1 0.63984375 0.51171875 0.03125 0.034375
1 0.6171875 0.52890625 0.034375 0.06875
1 0.603125 0.496875 0.0203125 0.0171875
1 0.57421875 0.49453125 0.04453125 0.0578125
1 0.57421875 0.5375 0.04453125 0.0515625
1 0.49453125 0.5375 0.03125 0.03984375
1 0.52734375 0.52890625 0.02734375 0.04609375
1 0.55546875 0.54609375 0.034375 0.034375
1 0.546875 0.50546875 0.02421875 0.02265625
1 0.68828125 0.5921875 0.03828125 0.034375
1 0.63125 0.59453125 0.034375 0.02890625
1 0.57734375 0.59453125 0.03125 0.03984375
1 0.5203125 0.5890625 0.034375 0.02890625
1 0.45859375 0.59765625 0.034375 0.034375
1 0.40859375 0.59765625 0.03828125 0.034375
1 0.35 0.59453125 0.03125 0.02890625
1 0.2984375 0.59453125 0.03125 0.02890625
1 0.49296875 0.63828125 0.034375 0.034375
1 0.55703125 0.64375 0.03828125 0.034375
1 0.60546875 0.640625 0.02421875 0.02890625
1 0.43125 0.646875 0.02734375 0.02890625
1 0.46015625 0.68671875 0.03125 0.02890625
1 0.45859375 0.54296875 0.02734375 0.03984375
1 0.45859375 0.496875 0.034375 0.03984375
1 0.43125 0.5171875 0.02734375 0.02265625
1 0.4328125 0.53984375 0.03828125 0.034375
1 0.4 0.5 0.04140625 0.034375
1 0.40546875 0.54296875 0.03125 0.03984375
1 0.37734375 0.54921875 0.02421875 0.0515625
1 0.346875 0.534375 0.03125 0.04609375
1 0.303125 0.52578125 0.02734375 0.06328125
1 0.32421875 0.52578125 0.0140625 0.03984375
1 0.12734375 0.40234375 0.034375 0.034375
1 0.16015625 0.4109375 0.03125 0.0515625
1 0.12578125 0.42265625 0.03828125 0.03984375
1 0.065625 0.43125 0.034375 0.034375
1 0.096875 0.428125 0.034375 0.03984375
1 0.06015625 0.465625 0.04453125 0.04609375
1 0.03984375 0.49453125 0.04453125 0.04609375
1 0.115625 0.49453125 0.04453125 0.04609375
1 0.15546875 0.47421875 0.04140625 0.0515625
1 0.1203125 0.46015625 0.04140625 0.02265625
1 0.184375 0.5171875 0.04453125 0.08046875
1 0.14296875 0.54609375 0.04453125 0.02265625
1 0.0796875 0.54296875 0.0484375 0.03984375
1 0.04453125 0.5921875 0.0484375 0.04609375
1 0.10859375 0.5921875 0.04453125 0.034375
1 0.17578125 0.5921875 0.04140625 0.034375
1 0.1359375 0.66640625 0.03125 0.02265625
1 0.165625 0.6984375 0.04140625 0.06328125
1 0.196875 0.70390625 0.034375 0.0515625
1 0.12734375 0.71015625 0.04140625 0.0515625
1 0.15703125 0.746875 0.03828125 0.02265625
1 0.18125 0.76171875 0.03828125 0.06328125
1 0.21875 0.73828125 0.03125 0.0515625
1 0.20859375 0.79296875 0.0515625 0.0578125
1 0.15 0.7875 0.0515625 0.04609375
1 0.07421875 0.66953125 0.03828125 0.02890625
1 0.04453125 0.6984375 0.034375 0.0515625
1 0.07265625 0.7125 0.04140625 0.04609375
1 0.09296875 0.74453125 0.02734375 0.0515625
1 0.12578125 0.75859375 0.03828125 0.04609375
1 0.09296875 0.7875 0.034375 0.034375
1 0.06171875 0.7640625 0.034375 0.0578125
1 0.04140625 0.73828125 0.02734375 0.03984375
1 0.015625 0.71875 0.03125 0.0578125
1 0.01171875 0.77578125 0.0234375 0.0578125
1 0.0328125 0.79296875 0.03125 0.0578125
1 0.17421875 0.853125 0.0515625 0.03984375
1 0.09296875 0.859375 0.04140625 0.0515625
1 0.0203125 0.85859375 0.040625 0.0515625
1 0.0328125 0.93359375 0.0515625 0.06328125
1 0.096875 0.93671875 0.0484375 0.04609375
1 0.146875 0.928125 0.0515625 0.0515625
1 0.2 0.9140625 0.04140625 0.04609375
1 0.26171875 0.93125 0.04140625 0.04609375
1 0.3359375 0.93984375 0.0515625 0.02890625
1 0.40703125 0.928125 0.04140625 0.0515625
1 0.37265625 0.89375 0.05546875 0.06328125
1 0.3 0.89375 0.05546875 0.03984375
1 0.26171875 0.85625 0.0484375 0.0578125
1 0.3328125 0.83359375 0.04453125 0.0578125
1 0.40703125 0.84453125 0.04140625 0.06875
1 0.4484375 0.81640625 0.034375 0.06875
1 0.48984375 0.81875 0.0484375 0.0515625
1 0.55859375 0.81328125 0.04140625 0.06328125
1 0.59140625 0.8078125 0.03125 0.0515625
1 0.52265625 0.79921875 0.03125 0.04609375
1 0.584375 0.75859375 0.03125 0.04609375
1 0.55859375 0.715625 0.0203125 0.0171875
1 0.52734375 0.7125 0.034375 0.034375
1 0.49453125 0.71015625 0.03828125 0.02890625
1 0.50703125 0.753125 0.04140625 0.0578125
1 0.5484375 0.75859375 0.04140625 0.04609375
1 0.47265625 0.76171875 0.04140625 0.02890625
1 0.46875 0.74140625 0.04140625 0.034375
1 0.45859375 0.7125 0.034375 0.02265625
1 0.434375 0.72109375 0.02734375 0.02890625
1 0.44296875 0.75859375 0.02421875 0.034375
1 0.3703125 0.7703125 0.04453125 0.0578125
1 0.40546875 0.75546875 0.03125 0.075
1 0.39296875 0.70390625 0.034375 0.0515625
1 0.3703125 0.6609375 0.03828125 0.06875
1 0.39453125 0.65546875 0.02421875 0.02265625
1 0.3328125 0.6640625 0.03828125 0.0859375
1 0.29140625 0.67265625 0.04453125 0.08046875
1 0.25703125 0.678125 0.03125 0.0578125
1 0.26171875 0.75859375 0.034375 0.0921875
1 0.2984375 0.753125 0.04453125 0.103125
1 0.3359375 0.7359375 0.03828125 0.06875
1 0.37265625 0.77265625 0.0484375 0.0515625
1 0.1328125 0.84765625 0.03125 0.02890625
1 0.0828125 0.53984375 0.04140625 0.034375
1 0.1984375 0.390625 0.03125 0.034375
1 0.2328125 0.38515625 0.03125 0.04609375
1 0.2703125 0.38828125 0.03125 0.0515625
1 0.203125 0.43125 0.034375 0.034375
1 0.253125 0.43125 0.03828125 0.034375
1 0.403125 0.39921875 0.02734375 0.02890625
1 0.42421875 0.45390625 0.034375 0.034375
1 0.38984375 0.45703125 0.02734375 0.02890625
1 0.35703125 0.47109375 0.03828125 0.04609375
1 0.31171875 0.45390625 0.04453125 0.08046875
1 0.32734375 0.42265625 0.04140625 0.06328125