1 0.475 0.5828125 0.2546875 0.3296875
1 0.6390625 0.75 0.1734375 0.23203125
1 0.6625 0.9046875 0.25859375 0.18046875
1 0.8265625 0.85859375 0.23203125 0.2734375
1 0.7125 0.38125 0.08125 0.14453125
1 0.8359375 0.365625 0.11953125 0.1546875
1 0.92109375 0.29921875 0.11953125 0.134375
1 0.75078125 0.1859375 0.3359375 0.3609375
1 0.93828125 0.178125 0.115625 0.35546875
1 0.534375 0.34765625 0.228125 0.30390625
1 0.29765625 0.6984375 0.1625 0.325
1 0.4171875 0.853125 0.2703125 0.28359375
1 0.15078125 0.884375 0.2390625 0.221875
1 0.01171875 0.91015625 0.0234375 0.16015625
1 0.909375 0.79140625 0.096875 0.12890625
1 0.8515625 0.646875 0.11953125 0.16015625
1 0.975 0.675 0.0421875 0.16484375
1 0.91328125 0.5515625 0.0890625 0.11328125
1 0.73515625 0.62109375 0.096875 0.14921875
1 0.66953125 0.5 0.08125 0.11328125
1 0.91328125 0.43046875 0.0890625 0.12890625
1 0.98046875 0.52578125 0.03125 0.11328125
1 0.771875 0.50546875 0.1 0.11328125
1 0.34765625 0.32734375 0.09296875 0.1390625
1 0.4171875 0.2265625 0.08515625 0.1234375
1 0.328125 0.21171875 0.09296875 0.11328125
1 0.20625 0.234375 0.08125 0.10859375
1 0.146875 0.321875 0.1 0.09765625
1 0.2453125 0.353125 0.096875 0.1390625
1 0.26640625 0.45078125 0.1234375 0.12890625
1 0.29921875 0.528125 0.0734375 0.07734375
1 0.36484375 0.45625 0.065625 0.0875
1 0.1625 0.50546875 0.08515625 0.103125
1 0.140625 0.425 0.096875 0.11875
1 0.0640625 0.4046875 0.065625 0.09765625
1 0.0484375 0.49765625 0.096875 0.14921875
1 0.0484375 0.634375 0.08125 0.14453125
1 0.1234375 0.646875 0.1078125 0.14921875
1 0.05 0.71875 0.06953125 0.0875
1 0.13359375 0.75 0.11171875 0.11875
1 0.19921875 0.6671875 0.05 0.11875
1 0.15234375 0.146875 0.3046875 0.29375
1 0.45703125 0.10546875 0.2671875 0.2109375