1 0.7703125 0.90078125 0.071875 0.08359375
1 0.69375 0.90390625 0.0796875 0.09921875
1 0.57421875 0.90078125 0.08359375 0.08359375
1 0.50390625 0.85390625 0.10234375 0.09375
1 0.5890625 0.78671875 0.06875 0.07265625
1 0.65234375 0.73671875 0.06484375 0.06796875
1 0.70546875 0.79453125 0.0796875 0.078125
1 0.7640625 0.70859375 0.06875 0.08359375
1 0.81015625 0.75234375 0.08359375 0.09921875
1 0.85546875 0.80703125 0.09140625 0.07265625
1 0.86875 0.72109375 0.0796875 0.08828125
1 0.90078125 0.64296875 0.07578125 0.078125
1 0.8078125 0.63515625 0.0796875 0.0625
1 0.82890625 0.6015625 0.06875 0.046875
1 0.90859375 0.57578125 0.07578125 0.06796875
1 0.86484375 0.5234375 0.0953125 0.06796875
1 0.81953125 0.55234375 0.0796875 0.05234375
1 0.7296875 0.57265625 0.09140625 0.0625
1 0.6828125 0.609375 0.0796875 0.0625
1 0.71328125 0.65625 0.071875 0.0625
1 0.6125 0.65390625 0.08359375 0.06796875
1 0.5796875 0.71328125 0.0796875 0.0625
1 0.51171875 0.75234375 0.0953125 0.06796875
1 0.534375 0.65625 0.0953125 0.0625
1 0.553125 0.6015625 0.071875 0.05703125
1 0.61953125 0.60703125 0.06875 0.05703125
1 0.65625 0.546875 0.05703125 0.05234375
1 0.7015625 0.51328125 0.05703125 0.05703125
1 0.753125 0.52890625 0.0453125 0.02578125
1 0.74296875 0.47109375 0.0421875 0.03671875
1 0.78515625 0.48984375 0.04921875 0.05234375
1 0.8140625 0.4609375 0.053125 0.046875
1 0.85703125 0.4375 0.05703125 0.04140625
1 0.8765625 0.48203125 0.06484375 0.046875
1 0.903125 0.4140625 0.071875 0.05703125
1 0.965625 0.40078125 0.053125 0.05234375
1 0.975 0.44765625 0.0421875 0.07265625
1 0.9296875 0.36953125 0.05703125 0.04140625
1 0.5859375 0.5390625 0.0609375 0.05703125
1 0.51328125 0.5625 0.07578125 0.0625
1 0.525 0.50546875 0.06875 0.05234375
1 0.65 0.46640625 0.08359375 0.05703125
1 0.68828125 0.41640625 0.06875 0.08359375
1 0.7453125 0.43984375 0.0609375 0.05703125
1 0.76796875 0.38828125 0.06875 0.06796875
1 0.81015625 0.35703125 0.053125 0.046875
1 0.82890625 0.3828125 0.0453125 0.05703125
1 0.84609375 0.33828125 0.05703125 0.05234375
1 0.88046875 0.36953125 0.04921875 0.04140625
1 0.9109375 0.29453125 0.06484375 0.05703125
1 0.96171875 0.27890625 0.0609375 0.05703125
1 0.62734375 0.40078125 0.053125 0.05234375
1 0.58359375 0.375 0.05703125 0.0625
1 0.61796875 0.328125 0.05703125 0.05234375
1 0.665625 0.33828125 0.03828125 0.05234375
1 0.7109375 0.3046875 0.053125 0.046875
1 0.753125 0.34140625 0.053125 0.046875
1 0.796875 0.3125 0.04921875 0.04140625
1 0.796875 0.26328125 0.071875 0.05703125
1 0.85703125 0.27109375 0.0421875 0.05234375
1 0.9046875 0.24765625 0.053125 0.03671875
1 0.95625 0.23984375 0.04921875 0.04140625
1 0.89921875 0.21328125 0.034375 0.04140625
1 0.93515625 0.203125 0.03828125 0.03125
1 0.975 0.1875 0.0421875 0.0625
1 0.93359375 0.17734375 0.04921875 0.03125
1 0.95234375 0.13515625 0.05703125 0.04140625
1 0.9375 0.09375 0.06484375 0.05234375
1 0.84765625 0.20859375 0.0609375 0.0625
1 0.79296875 0.22109375 0.05703125 0.02578125
1 0.81015625 0.19296875 0.03046875 0.04140625
1 0.8078125 0.1640625 0.034375 0.02578125
1 0.82890625 0.1328125 0.0453125 0.05703125
1 0.85703125 0.15390625 0.04921875 0.046875
1 0.88203125 0.11484375 0.0609375 0.04140625
1 0.83828125 0.08359375 0.06484375 0.04140625
1 0.82109375 0.06015625 0.0609375 0.03671875
1 0.9671875 0.01796875 0.034375 0.0359375
1 0.7796875 0.0234375 0.0453125 0.046875
1 0.7734375 0.10703125 0.034375 0.046875
1 0.74296875 0.09609375 0.06484375 0.06796875
1 0.665625 0.08828125 0.06875 0.04140625
1 0.64453125 0.06796875 0.05703125 0.04140625
1 0.63671875 0.03671875 0.05703125 0.05234375
1 0.5953125 0.0546875 0.04921875 0.046875
1 0.53203125 0.0078125 0.053125 0.015625
1 0.52890625 0.02890625 0.053125 0.02578125
1 0.53203125 0.046875 0.053125 0.04140625
1 0.6390625 0.22421875 0.053125 0.04140625
1 0.6484375 0.26796875 0.06484375 0.06796875
1 0.69609375 0.25234375 0.03828125 0.06796875
1 0.7375 0.28125 0.0453125 0.0625
1 0.74296875 0.23203125 0.04921875 0.05703125
1 0.7546875 0.20078125 0.0421875 0.03671875
1 0.7296875 0.171875 0.0609375 0.04140625
1 0.76796875 0.15390625 0.053125 0.046875
1 0.70703125 0.125 0.053125 0.04140625
1 0.665625 0.14609375 0.053125 0.0625
1 0.65390625 0.17421875 0.06875 0.02578125
1 0.5859375 0.13515625 0.06875 0.07265625
1 0.62578125 0.09375 0.071875 0.04140625
1 0.55703125 0.07265625 0.071875 0.04140625
1 0.51484375 0.09609375 0.071875 0.02578125
1 0.5015625 0.140625 0.07578125 0.05234375
1 0.5078125 0.18515625 0.06484375 0.05703125
1 0.5796875 0.203125 0.071875 0.04140625
1 0.53984375 0.25234375 0.06875 0.05703125
1 0.5625 0.22890625 0.0453125 0.04140625
1 0.60859375 0.28359375 0.06875 0.046875
1 0.56875 0.30703125 0.0875 0.05234375
1 0.54765625 0.34609375 0.08359375 0.046875
1 0.53828125 0.3984375 0.05703125 0.05703125
1 0.46015625 0.4296875 0.07578125 0.06796875
1 0.4828125 0.38515625 0.0609375 0.0625
1 0.475 0.33046875 0.053125 0.046875
1 0.48515625 0.27890625 0.06484375 0.046875
1 0.47890625 0.24765625 0.06875 0.046875
1 0.46015625 0.21640625 0.06875 0.03671875
1 0.4484375 0.1875 0.0609375 0.04140625
1 0.4375 0.15078125 0.053125 0.04140625
1 0.44296875 0.11484375 0.05703125 0.05234375
1 0.39140625 0.11171875 0.053125 0.05703125
1 0.428125 0.74453125 0.0796875 0.07265625
1 0.44453125 0.68203125 0.08359375 0.0625
1 0.42421875 0.59921875 0.06484375 0.07265625
1 0.42421875 0.5234375 0.06484375 0.06796875
1 0.40859375 0.4609375 0.0796875 0.046875
1 0.3859375 0.421875 0.06484375 0.05234375
1 0.421875 0.36171875 0.06875 0.06796875
1 0.30625 0.8046875 0.0796875 0.08828125
1 0.359375 0.76328125 0.0796875 0.078125
1 0.2796875 0.73671875 0.0796875 0.08828125
1 0.35703125 0.69765625 0.09140625 0.08359375
1 0.2890625 0.6640625 0.06875 0.078125
1 0.35 0.63046875 0.07578125 0.05234375
1 0.26640625 0.61484375 0.09140625 0.08359375
1 0.340625 0.57265625 0.0875 0.08359375
1 0.27734375 0.53671875 0.09140625 0.07265625
1 0.35390625 0.49765625 0.07578125 0.06796875
1 0.30234375 0.47109375 0.0953125 0.09921875
1 0.1859375 0.7265625 0.08359375 0.08828125
1 0.22421875 0.7734375 0.07578125 0.06796875
1 0.1328125 0.73671875 0.0609375 0.08828125
1 0.08203125 0.70546875 0.0796875 0.078125
1 0.11015625 0.64296875 0.08359375 0.08828125
1 0.19375 0.6328125 0.08359375 0.06796875
1 0.1765625 0.5703125 0.06484375 0.05703125
1 0.09921875 0.5703125 0.07578125 0.06796875
1 0.03828125 0.56484375 0.07578125 0.078125
1 0.03984375 0.5078125 0.05703125 0.06796875
1 0.0171875 0.484375 0.034375 0.08359375
1 0.0609375 0.45546875 0.09140625 0.08828125
1 0.13515625 0.48671875 0.06484375 0.05703125
1 0.16328125 0.52109375 0.07578125 0.05234375
1 0.009375 0.40390625 0.01875 0.078125
1 0.053125 0.3984375 0.06875 0.05703125
1 0.12890625 0.40078125 0.07578125 0.04140625
1 0.1578125 0.44296875 0.0796875 0.0625
1 0.22421875 0.4921875 0.0609375 0.05703125
1 0.23984375 0.43203125 0.06875 0.05234375
1 0.24140625 0.37734375 0.06484375 0.046875
1 0.32109375 0.40078125 0.0796875 0.0625
1 0.17890625 0.39296875 0.0609375 0.046875
1 0.10859375 0.359375 0.06484375 0.05234375
1 0.15625 0.34921875 0.06875 0.08359375
1 0.184375 0.30703125 0.06484375 0.0625
1 0.23984375 0.328125 0.0609375 0.05234375
1 0.28125 0.31015625 0.07578125 0.078125
1 0.32890625 0.3359375 0.06484375 0.06796875
1 0.37109375 0.36484375 0.05703125 0.04140625
1 0.4046875 0.31015625 0.06484375 0.046875
1 0.42421875 0.28671875 0.04921875 0.05234375
1 0.3765625 0.25234375 0.053125 0.046875
1 0.33046875 0.234375 0.053125 0.04140625
1 0.08359375 0.29453125 0.07578125 0.06796875
1 0.1484375 0.27109375 0.0609375 0.04140625
1 0.21484375 0.2578125 0.04921875 0.046875
1 0.2546875 0.24765625 0.03046875 0.03671875
1 0.06875 0.23203125 0.053125 0.05703125
1 0.12890625 0.23984375 0.06875 0.04140625
1 0.15625 0.20859375 0.07578125 0.04140625
1 0.20546875 0.1953125 0.0453125 0.05703125
1 0.25078125 0.21328125 0.053125 0.05234375
1 0.2703125 0.18984375 0.06875 0.06796875
1 0.3140625 0.171875 0.05703125 0.05234375
1 0.2265625 0.140625 0.05703125 0.04140625
1 0.28359375 0.1328125 0.0421875 0.05703125
1 0.2984375 0.109375 0.0265625 0.05234375
1 0.21640625 0.09609375 0.053125 0.06796875
1 0.25859375 0.08046875 0.0453125 0.06796875
1 0.35 0.1171875 0.0453125 0.046875
1 0.36328125 0.02890625 0.06484375 0.046875
1 0.36328125 0.0546875 0.06484375 0.03671875
1 0.31328125 0.01796875 0.0484375 0.0359375
1 0.38046875 0.00546875 0.02265625 0.01015625
1 0.39453125 0.01015625 0.0453125 0.0203125