1 0.784375 0.56171875 0.20078125 0.3140625
1 0.9390625 0.55546875 0.115625 0.2875
1 0.90859375 0.91796875 0.103125 0.15
1 0.81640625 0.87578125 0.07578125 0.23515625
1 0.9 0.15 0.07265625 0.15703125
1 0.946875 0.215625 0.0453125 0.1046875
1 0.8296875 0.1046875 0.0671875 0.19609375
1 0.809375 0.0421875 0.040625 0.084375
1 0.725 0.09140625 0.08203125 0.1046875
1 0.75234375 0.01328125 0.03359375 0.02578125
1 0.63828125 0.075 0.0609375 0.1375
1 0.4890625 0.19609375 0.23125 0.3921875
1 0.36796875 0.1734375 0.0421875 0.15
1 0.0625 0.1140625 0.1 0.1375
1 0.21328125 0.09453125 0.1921875 0.1890625
1 0.2265625 0.428125 0.23984375 0.47734375
1 0.221875 0.52578125 0.109375 0.30703125
1 0.0578125 0.359375 0.109375 0.2484375
1 0.06875 0.85625 0.13671875 0.27421875
1 0.3390625 0.87578125 0.37421875 0.23515625