1 0.2015625 0.81796875 0.17265625 0.22109375
1 0.1046875 0.7515625 0.1078125 0.1765625
1 0.17265625 0.50546875 0.07890625 0.13828125
1 0.27734375 0.49453125 0.15859375 0.27109375
1 0.4046875 0.58046875 0.12578125 0.1765625
1 0.55390625 0.59921875 0.1796875 0.215625
1 0.703125 0.621875 0.140625 0.17109375
1 0.7640625 0.5140625 0.1046875 0.19921875
1 0.65625 0.43125 0.14765625 0.21015625
1 0.5453125 0.43125 0.11171875 0.1546875
1 0.5734375 0.2984375 0.14765625 0.121875
1 0.4421875 0.2984375 0.1296875 0.1328125
1 0.42421875 0.41171875 0.14375 0.19375
1 0.38125 0.3125 0.071875 0.1046875
1 0.30390625 0.32578125 0.140625 0.1328125
1 0.0703125 0.12734375 0.140625 0.25390625