1 0.79765625 0.75 0.27421875 0.35546875
1 0.771875 0.5125 0.18515625 0.20078125
1 0.8765625 0.37109375 0.17734375 0.21640625
1 0.7140625 0.39140625 0.1546875 0.1859375
1 0.5890625 0.63125 0.2203125 0.29375
1 0.3921875 0.5875 0.196875 0.278125
1 0.5421875 0.4640625 0.18125 0.16484375
1 0.565625 0.3328125 0.15078125 0.1703125
1 0.42265625 0.37890625 0.15859375 0.16015625
1 0.4359375 0.27578125 0.13125 0.09765625
1 0.26640625 0.4765625 0.1625 0.190625
1 0.171875 0.6265625 0.2203125 0.30390625
1 0.3125 0.265625 0.13125 0.1390625
1 0.26640625 0.33984375 0.17734375 0.16484375
1 0.16796875 0.2734375 0.15859375 0.1859375
1 0.0984375 0.47421875 0.1890625 0.2265625