1 0.2578125 0.628125 0.4875 0.68828125
1 0.7796875 0.28125 0.4328125 0.5625
1 0.95625 0.6421875 0.0796875 0.21328125
1 0.83984375 0.759375 0.22578125 0.153125
1 0.921875 0.89609375 0.14921875 0.196875
1 0.68515625 0.77578125 0.0765625 0.328125
1 0.5984375 0.92890625 0.2 0.13125
1 0.7234375 0.9703125 0.05078125 0.04921875
1 0.47109375 0.11484375 0.0984375 0.153125
1 0.5890625 0.0765625 0.07265625 0.153125
1 0.49765625 0.01875 0.0515625 0.0375
1 0.38515625 0.09296875 0.1671875 0.1421875
1 0.22734375 0.10625 0.1421875 0.11484375
1 0.2578125 0.215625 0.0578125 0.14765625
1 0.165625 0.21015625 0.090625 0.21328125
1 0.0875 0.25703125 0.1015625 0.175
1 0.02734375 0.14765625 0.0546875 0.1203125
1 0.10625 0.0625 0.15625 0.125