1 0.1796875 0.765625 0.20234375 0.1515625
1 0.225 0.71484375 0.44921875 0.11953125
1 0.2921875 0.5703125 0.4609375 0.17578125
1 0.721875 0.57578125 0.34296875 0.2078125
1 0.85078125 0.43125 0.28671875 0.2921875
1 0.5 0.38203125 0.471875 0.25703125
1 0.11484375 0.41796875 0.2296875 0.2109375
1 0.3484375 0.21484375 0.43828125 0.303125
1 0.7953125 0.21484375 0.39921875 0.24609375
1 0.93515625 0.08984375 0.11796875 0.10234375
1 0.6515625 0.096875 0.39296875 0.19375
1 0.29765625 0.07578125 0.32578125 0.1515625
1 0.08671875 0.171875 0.1734375 0.203125