1 0.07265625 0.428125 0.04140625 0.06953125
1 0.1234375 0.4578125 0.0671875 0.0421875
1 0.08359375 0.5 0.0484375 0.053125
1 0.13046875 0.51875 0.0671875 0.05859375
1 0.0296875 0.22109375 0.059375 0.27109375
1 0.1140625 0.08515625 0.20546875 0.1703125
1 0.2296875 0.234375 0.1828125 0.29765625
1 0.3734375 0.1859375 0.11953125 0.19140625
1 0.46484375 0.4015625 0.10078125 0.60078125
1 0.53203125 0.2953125 0.02578125 0.0796875
1 0.7203125 0.2609375 0.1640625 0.46796875
1 0.83984375 0.284375 0.08203125 0.196875
1 0.94765625 0.20234375 0.096875 0.25546875
1 0.8640625 0.0984375 0.04140625 0.06953125
1 0.79453125 0.12265625 0.096875 0.159375
1 0.81328125 0.02109375 0.134375 0.0421875
1 0.67734375 0.0265625 0.115625 0.053125
1 0.5609375 0.034375 0.115625 0.06875
1 0.56875 0.1703125 0.115625 0.18046875
1 0.440625 0.0640625 0.11171875 0.12734375
1 0.30390625 0.05859375 0.1234375 0.1171875
1 0.10078125 0.35390625 0.0296875 0.0375
1 0.1359375 0.36953125 0.04140625 0.0265625
1 0.1546875 0.39609375 0.02578125 0.0375
1 0.16640625 0.446875 0.02578125 0.0421875
1 0.16953125 0.47578125 0.01875 0.0265625
1 0.1453125 0.484375 0.02265625 0.02109375
1 0.13046875 0.4125 0.02265625 0.0375
1 0.10625 0.42265625 0.02578125 0.0265625
1 0.096875 0.390625 0.02265625 0.0265625
1 0.07109375 0.39375 0.02265625 0.02109375
1 0.059375 0.38046875 0.0296875 0.0265625
1 0.0578125 0.47578125 0.0109375 0.015625
1 0.328125 0.4125 0.059375 0.090625
1 0.31171875 0.32421875 0.0109375 0.0109375
1 0.35078125 0.34296875 0.0296875 0.06953125
1 0.40078125 0.42578125 0.0109375 0.02109375
1 0.51875 0.46796875 0.0078125 0.02109375
1 0.56875 0.4625 0.04140625 0.03203125
1 0.578125 0.3640625 0.04453125 0.0375
1 0.61015625 0.3859375 0.01875 0.015625
1 0.58359375 0.390625 0.01875 0.015625
1 0.64921875 0.40703125 0.01484375 0.015625