1 0.11640625 0.7828125 0.15078125 0.2203125
1 0.07265625 0.58203125 0.10078125 0.2328125
1 0.13671875 0.2984375 0.12265625 0.32109375
1 0.2328125 0.13828125 0.10703125 0.2515625
1 0.31484375 0.496875 0.06328125 0.2765625
1 0.2265625 0.53125 0.10078125 0.2203125
1 0.40859375 0.57265625 0.10703125 0.2140625
1 0.5453125 0.42421875 0.11015625 0.2453125
1 0.5328125 0.14765625 0.11015625 0.2578125
1 0.68359375 0.8015625 0.09765625 0.15703125
1 0.59609375 0.68203125 0.09140625 0.16953125
1 0.65234375 0.55 0.07890625 0.15703125
1 0.696875 0.58515625 0.09140625 0.2265625
1 0.7765625 0.7484375 0.08203125 0.2140625
1 0.82578125 0.7109375 0.09140625 0.17578125
1 0.90859375 0.85546875 0.13828125 0.2765625
1 0.93515625 0.61015625 0.12265625 0.32734375
1 0.90546875 0.496875 0.13828125 0.2515625
1 0.98125 0.4875 0.03125 0.18203125
1 0.965625 0.2796875 0.06328125 0.2453125
1 0.9703125 0.06953125 0.053125 0.13828125
1 0.93515625 0.14453125 0.059375 0.11328125
1 0.86953125 0.07265625 0.10390625 0.14453125
1 0.7859375 0.15078125 0.10078125 0.2515625
1 0.86796875 0.2765625 0.12578125 0.2265625
1 0.82109375 0.51875 0.07578125 0.2328125
1 0.7484375 0.38984375 0.11953125 0.2515625
1 0.64765625 0.3078125 0.10703125 0.2890625
1 0.70625 0.16015625 0.10390625 0.2078125
1 0.61015625 0.15703125 0.08828125 0.17578125