1 0.875 0.7984375 0.2421875 0.25625
1 0.92578125 0.49453125 0.13984375 0.35078125
1 0.92265625 0.19921875 0.14765625 0.2515625
1 0.8140625 0.3953125 0.3109375 0.39296875
1 0.85 0.1046875 0.29140625 0.209375
1 0.67578125 0.19140625 0.29921875 0.38203125
1 0.446875 0.3140625 0.71953125 0.45
1 0.53046875 0.46875 0.6890625 0.403125
1 0.4921875 0.50546875 0.6515625 0.465625
1 0.40703125 0.55234375 0.54140625 0.51796875
1 0.44296875 0.546875 0.12109375 0.18359375
1 0.45859375 0.40078125 0.090625 0.1203125
1 0.39765625 0.42421875 0.07578125 0.146875
1 0.31796875 0.3953125 0.13671875 0.20390625
1 0.33515625 0.61484375 0.3671875 0.41328125
1 0.1421875 0.3875 0.215625 0.12578125
1 0.16484375 0.565625 0.3296875 0.45
1 0.0796875 0.759375 0.13671875 0.178125
1 0.53046875 0.1203125 0.303125 0.240625
1 0.3734375 0.1515625 0.05703125 0.1359375
1 0.3375 0.18359375 0.0984375 0.08359375
1 0.3296875 0.23828125 0.0984375 0.0890625
1 0.21796875 0.14375 0.09453125 0.13125
1 0.3046875 0.1859375 0.09453125 0.13125
1 0.31796875 0.0421875 0.159375 0.08359375
1 0.30859375 0.08671875 0.14765625 0.09921875
1 0.20625 0.0421875 0.0875 0.08359375
1 0.17421875 0.0625 0.11328125 0.11484375
1 0.06796875 0.10625 0.1359375 0.109375
1 0.0890625 0.2640625 0.178125 0.225
1 0.05859375 0.09921875 0.1171875 0.12578125
1 0.04921875 0.0265625 0.0984375 0.05234375