1 0.4875 0.4703125 0.42890625 0.66640625
1 0.921875 0.584375 0.14921875 0.58984375
1 0.890625 0.89921875 0.2109375 0.19140625
1 0.5890625 0.8796875 0.37109375 0.2296875
1 0.27421875 0.95078125 0.178125 0.0875
1 0.321875 0.75703125 0.27265625 0.36640625
1 0.7546875 0.55703125 0.27265625 0.50234375
1 0.1578125 0.35703125 0.315625 0.5515625
1 0.0984375 0.79765625 0.19609375 0.39375
1 0.77578125 0.171875 0.4390625 0.34375
1 0.42734375 0.13671875 0.35234375 0.2734375
1 0.12890625 0.08203125 0.2578125 0.1640625