1 0.965625 0.85078125 0.06171875 0.11484375
1 0.96875 0.95078125 0.05546875 0.0859375
1 0.915625 0.96875 0.05859375 0.0515625
1 0.92265625 0.896875 0.05859375 0.103125
1 0.9140625 0.853125 0.04140625 0.075
1 0.94453125 0.8015625 0.0484375 0.075
1 0.9703125 0.7359375 0.0515625 0.11484375
1 0.9796875 0.640625 0.034375 0.0515625
1 0.92578125 0.68671875 0.09296875 0.1203125
1 0.88828125 0.8015625 0.065625 0.09765625
1 0.87421875 0.91953125 0.04453125 0.08046875
1 0.8640625 0.97109375 0.03125 0.04609375
1 0.82734375 0.928125 0.034375 0.06328125
1 0.82734375 0.97734375 0.04140625 0.034375
1 0.78125 0.9453125 0.0515625 0.09765625
1 0.72578125 0.93125 0.0515625 0.1265625
1 0.75859375 0.86171875 0.06875 0.11484375
1 0.82265625 0.8421875 0.065625 0.1203125
1 0.83984375 0.76171875 0.0515625 0.09765625
1 0.8515625 0.71015625 0.05546875 0.075
1 0.78984375 0.68671875 0.06171875 0.075
1 0.7859375 0.7640625 0.05546875 0.0921875
1 0.73125 0.753125 0.05546875 0.13828125
1 0.7296875 0.63515625 0.05859375 0.075
1 0.78125 0.6234375 0.0515625 0.06328125
1 0.83125 0.59765625 0.14453125 0.1953125
1 0.92734375 0.57734375 0.13828125 0.13203125
1 0.96171875 0.45390625 0.06875 0.1609375
1 0.87421875 0.45078125 0.1140625 0.16640625
1 0.7640625 0.4421875 0.1 0.1609375
1 0.6671875 0.4484375 0.09296875 0.14921875
1 0.55859375 0.46015625 0.1171875 0.18359375
1 0.446875 0.45390625 0.10703125 0.18359375
1 0.3484375 0.4859375 0.11015625 0.16640625
1 0.253125 0.47109375 0.09296875 0.1609375
1 0.15546875 0.4859375 0.08984375 0.14375
1 0.703125 0.575 0.08984375 0.14921875
1 0.69296875 0.7875 0.04140625 0.2875
1 0.6 0.58359375 0.1171875 0.15546875
1 0.46171875 0.60078125 0.14453125 0.14375
1 0.365625 0.6265625 0.0484375 0.103125
1 0.3 0.59765625 0.096875 0.1265625
1 0.23984375 0.58359375 0.1 0.1203125
1 0.153125 0.59453125 0.0796875 0.0859375
1 0.0640625 0.51171875 0.12734375 0.35625
1 0.3671875 0.65234375 0.065625 0.03984375
1 0.4171875 0.70390625 0.0484375 0.109375
1 0.36015625 0.7328125 0.065625 0.109375
1 0.31015625 0.7125 0.05546875 0.11484375
1 0.2484375 0.6953125 0.06875 0.08046875
1 0.19296875 0.6609375 0.05546875 0.04609375
1 0.19296875 0.73828125 0.07578125 0.109375
1 0.15 0.66640625 0.04453125 0.0578125
1 0.115625 0.7296875 0.07265625 0.0921875
1 0.1 0.65546875 0.0484375 0.04609375
1 0.04453125 0.71875 0.06875 0.08046875
1 0.4171875 0.82734375 0.05546875 0.1265625
1 0.41875 0.89375 0.04453125 0.03984375
1 0.4296875 0.9484375 0.03828125 0.06875
1 0.40703125 0.96875 0.05546875 0.0515625
1 0.3796875 0.93125 0.0828125 0.11484375
1 0.35859375 0.825 0.05546875 0.09765625
1 0.4171875 0.81875 0.0484375 0.109375
1 0.31015625 0.92265625 0.0484375 0.075
1 0.32578125 0.96875 0.04453125 0.0515625
1 0.30546875 0.82734375 0.05859375 0.11484375
1 0.25546875 0.77890625 0.0484375 0.075
1 0.2515625 0.90546875 0.06171875 0.178125
1 0.28125 0.96875 0.0515625 0.0515625
1 0.21015625 0.85078125 0.0484375 0.11484375
1 0.19296875 0.9484375 0.04140625 0.0921875
1 0.14140625 0.83359375 0.07578125 0.0921875
1 0.10703125 0.91953125 0.0828125 0.1265625
1 0.15 0.93671875 0.0515625 0.11484375
1 0.04140625 0.81875 0.05546875 0.109375
1 0.0859375 0.81875 0.034375 0.0859375
1 0.04296875 0.93359375 0.0515625 0.1203125
1 0.64140625 0.97109375 0.06875 0.04609375
1 0.634375 0.890625 0.06875 0.1265625
1 0.64453125 0.784375 0.04140625 0.09765625
1 0.64453125 0.71875 0.034375 0.04609375
1 0.63125 0.68984375 0.034375 0.06875
1 0.6015625 0.7125 0.0515625 0.0921875
1 0.5703125 0.66953125 0.03828125 0.03984375
1 0.52734375 0.65546875 0.04140625 0.0578125
1 0.49140625 0.7125 0.0515625 0.0921875
1 0.53828125 0.715625 0.0484375 0.0859375
1 0.534375 0.79296875 0.0484375 0.0921875
1 0.5796875 0.75546875 0.0484375 0.06328125
1 0.49140625 0.79921875 0.04453125 0.08046875
1 0.50546875 0.88828125 0.07265625 0.109375
1 0.565625 0.9078125 0.05546875 0.08046875
1 0.57578125 0.825 0.06875 0.0859375
1 0.57421875 0.97109375 0.065625 0.04609375
1 0.503125 0.97109375 0.07578125 0.04609375
1 0.91875 0.33359375 0.0859375 0.13828125
1 0.98984375 0.35078125 0.0140625 0.08046875
1 0.97578125 0.35078125 0.0203125 0.0578125
1 0.97265625 0.28125 0.0484375 0.08046875
1 0.97578125 0.215625 0.04140625 0.06328125
1 0.93125 0.215625 0.05546875 0.075
1 0.9140625 0.246875 0.0484375 0.034375
1 0.87265625 0.27265625 0.0484375 0.0859375
1 0.8328125 0.325 0.0796875 0.13203125
1 0.7484375 0.29921875 0.0828125 0.11484375
1 0.6703125 0.31640625 0.0796875 0.1265625
1 0.62265625 0.3421875 0.0515625 0.0859375
1 0.58828125 0.31640625 0.07265625 0.1265625
1 0.50859375 0.3359375 0.0796875 0.1203125
1 0.44453125 0.325 0.0484375 0.0859375
1 0.3859375 0.3421875 0.0828125 0.14375
1 0.4515625 0.24140625 0.05546875 0.06875
1 0.496875 0.246875 0.0484375 0.0578125
1 0.53984375 0.24453125 0.0515625 0.075
1 0.57734375 0.2359375 0.03828125 0.04609375
1 0.6296875 0.24453125 0.0515625 0.0515625
1 0.66171875 0.22109375 0.0203125 0.02890625
1 0.7 0.24453125 0.04140625 0.06328125
1 0.75 0.2125 0.04453125 0.0578125
1 0.79296875 0.25859375 0.034375 0.06875
1 0.8359375 0.24140625 0.03828125 0.034375
1 0.87265625 0.20078125 0.07578125 0.0578125
1 0.8015625 0.1984375 0.05859375 0.03984375
1 0.934375 0.0890625 0.12421875 0.178125
1 0.765625 0.0921875 0.0484375 0.0921875
1 0.8140625 0.09453125 0.13125 0.1890625
1 0.72421875 0.1640625 0.06171875 0.09765625
1 0.69140625 0.18984375 0.03125 0.08046875
1 0.66015625 0.16953125 0.05859375 0.0859375
1 0.6359375 0.22421875 0.03828125 0.034375
1 0.603125 0.178125 0.0484375 0.103125
1 0.5984375 0.08359375 0.0515625 0.09765625
1 0.3859375 0.22734375 0.06171875 0.0859375
1 0.33984375 0.28125 0.04453125 0.08046875
1 0.29453125 0.35078125 0.0859375 0.13828125
1 0.2359375 0.34453125 0.04453125 0.103125
1 0.196875 0.38203125 0.05546875 0.0859375
1 0.1359375 0.35625 0.07265625 0.11484375
1 0.1484375 0.26171875 0.05546875 0.075
1 0.19140625 0.29609375 0.05859375 0.0859375
1 0.22265625 0.25546875 0.0515625 0.075
1 0.2640625 0.27890625 0.04453125 0.075
1 0.3015625 0.24453125 0.0515625 0.075
1 0.0203125 0.2953125 0.040625 0.109375
1 0.05703125 0.31015625 0.02421875 0.04609375
1 0.0671875 0.353125 0.02421875 0.03984375
1 0.06015625 0.1640625 0.03828125 0.075
1 0.0859375 0.178125 0.02734375 0.04609375
1 0.1171875 0.1984375 0.04140625 0.0859375
1 0.1140625 0.1265625 0.0203125 0.04609375
1 0.22734375 0.18671875 0.05546875 0.075
1 0.26171875 0.22421875 0.034375 0.0578125
1 0.26015625 0.175 0.03125 0.03984375
1 0.31171875 0.1953125 0.0171875 0.0578125
1 0.33125 0.18359375 0.0140625 0.08046875
1 0.41171875 0.18125 0.03125 0.09765625
1 0.45 0.18671875 0.03125 0.1203125
1 0.465625 0.09765625 0.05546875 0.1265625
1 0.51875 0.04296875 0.07265625 0.0859375
1 0.55703125 0.0921875 0.0515625 0.0921875
1 0.55859375 0.17265625 0.05546875 0.06875
1 0.50859375 0.14921875 0.0515625 0.11484375
1 0.02265625 0.10078125 0.04453125 0.20078125
1 0.24140625 0.06640625 0.4140625 0.13203125
1 0.36875 0.20078125 0.06171875 0.18359375
1 0.29140625 0.14921875 0.03828125 0.11484375
1 0.17421875 0.18671875 0.0515625 0.06328125
1 0.4984375 0.496875 0.996875 0.99375