1 0.8796875 0.94296875 0.109375 0.10390625
1 0.965625 0.97265625 0.0546875 0.04375
1 0.9890625 0.96484375 0.01484375 0.06015625
1 0.95078125 0.915625 0.0765625 0.08203125
1 0.95078125 0.784375 0.090625 0.16953125
1 0.9671875 0.88515625 0.0578125 0.0546875
1 0.8203125 0.8140625 0.10546875 0.1203125
1 0.85234375 0.9046875 0.090625 0.10390625
1 0.88359375 0.80625 0.0578125 0.11484375
1 0.7875 0.92890625 0.06875 0.0875
1 0.80390625 0.97578125 0.07265625 0.03828125
1 0.73125 0.871875 0.065625 0.10390625
1 0.74375 0.78984375 0.03984375 0.09296875
1 0.7671875 0.72421875 0.0796875 0.13671875
1 0.84375 0.67734375 0.0796875 0.13125
1 0.89296875 0.69375 0.0546875 0.109375
1 0.95625 0.64765625 0.0578125 0.09296875
1 0.9875 0.675 0.01796875 0.04921875
1 0.92734375 0.715625 0.0578125 0.065625
1 0.9109375 0.60078125 0.04765625 0.0875
1 0.98203125 0.57890625 0.02890625 0.0875
1 0.9765625 0.47578125 0.03984375 0.1203125
1 0.94375 0.5328125 0.090625 0.13671875
1 0.9 0.5734375 0.08359375 0.0875
1 0.86875 0.5953125 0.0578125 0.0765625
1 0.7984375 0.56015625 0.090625 0.12578125
1 0.865625 0.46484375 0.1015625 0.1640625
1 0.93828125 0.4125 0.07265625 0.11484375
1 0.81640625 0.3796875 0.10546875 0.11484375
1 0.88203125 0.26796875 0.10546875 0.13125
1 0.93125 0.30625 0.05078125 0.0765625
1 0.89296875 0.36640625 0.0546875 0.04375
1 0.790625 0.25390625 0.1125 0.12578125
1 0.84765625 0.18828125 0.05078125 0.06015625
1 0.86171875 0.128125 0.03671875 0.07109375
1 0.8109375 0.1390625 0.065625 0.10390625
1 0.8328125 0.0515625 0.065625 0.07109375
1 0.7984375 0.01875 0.06875 0.0375
1 0.7796875 0.1171875 0.06171875 0.10390625
1 0.88515625 0.18828125 0.03984375 0.03828125
1 0.9015625 0.153125 0.04375 0.04375
1 0.92890625 0.196875 0.0546875 0.065625
1 0.98359375 0.23203125 0.02578125 0.08203125
1 0.9765625 0.16953125 0.03984375 0.0875
1 0.9796875 0.31171875 0.0328125 0.065625
1 0.95625 0.109375 0.0578125 0.065625
1 0.9875 0.0984375 0.01796875 0.0546875
1 0.9671875 0.04375 0.0578125 0.065625
1 0.9578125 0.021875 0.0765625 0.04375
1 0.90703125 0.04609375 0.0546875 0.04921875
1 0.89609375 0.09296875 0.06875 0.0765625
1 0.89453125 0.02734375 0.065625 0.0546875
1 0.8578125 0.01640625 0.04375 0.0328125
1 0.7125 0.96484375 0.0578125 0.06015625
1 0.62578125 0.95625 0.1015625 0.0765625
1 0.48359375 0.978125 0.03671875 0.0328125
1 0.5125 0.90703125 0.1015625 0.175
1 0.60546875 0.9125 0.090625 0.1640625
1 0.4125 0.95625 0.10546875 0.0765625
1 0.33125 0.94296875 0.0796875 0.10390625
1 0.378125 0.9046875 0.065625 0.09296875
1 0.44375 0.88515625 0.065625 0.1203125
1 0.31484375 0.88828125 0.0546875 0.06015625
1 0.27265625 0.95078125 0.04375 0.0765625
1 0.2578125 0.93203125 0.0578125 0.12578125
1 0.28203125 0.8390625 0.06875 0.10390625
1 0.3453125 0.78984375 0.0796875 0.14765625
1 0.41484375 0.80078125 0.09453125 0.13671875
1 0.190625 0.95625 0.0765625 0.0765625
1 0.13125 0.97265625 0.07265625 0.04375
1 0.0765625 0.934375 0.09453125 0.1203125
1 0.13828125 0.934375 0.04375 0.0546875
1 0.02890625 0.95625 0.0578125 0.0765625
1 0.01484375 0.9125 0.02890625 0.04375
1 0.05625 0.83046875 0.090625 0.1203125
1 0.1 0.7625 0.1125 0.14765625
1 0.17265625 0.85234375 0.10546875 0.1640625
1 0.22734375 0.73515625 0.1125 0.18046875
1 0.321875 0.73203125 0.06875 0.13125
1 0.38515625 0.66953125 0.07265625 0.13671875
1 0.46328125 0.68046875 0.08359375 0.14765625
1 0.4984375 0.79765625 0.065625 0.109375
1 0.55078125 0.7265625 0.08359375 0.13125
1 0.63984375 0.74609375 0.09453125 0.12578125
1 0.71484375 0.78671875 0.090625 0.0875
1 0.6671875 0.85546875 0.10546875 0.13671875
1 0.734375 0.871875 0.0796875 0.10390625
1 0.690625 0.65 0.07265625 0.13125
1 0.72890625 0.60625 0.06875 0.109375
1 0.61484375 0.6171875 0.0875 0.13125
1 0.66171875 0.55703125 0.07265625 0.0984375
1 0.7109375 0.50546875 0.06875 0.11484375
1 0.765625 0.459375 0.06171875 0.0765625
1 0.64765625 0.4265625 0.07265625 0.109375
1 0.609375 0.5109375 0.08359375 0.10390625
1 0.565625 0.43203125 0.0765625 0.1203125
1 0.54921875 0.5078125 0.03671875 0.065625
1 0.534375 0.35 0.0578125 0.0875
1 0.5984375 0.36875 0.06875 0.09296875
1 0.64375 0.3359375 0.04375 0.10390625
1 0.70390625 0.31953125 0.08359375 0.16953125
1 0.66875 0.23203125 0.0875 0.11484375
1 0.59609375 0.2953125 0.07265625 0.0875
1 0.56875 0.259375 0.0546875 0.07109375
1 0.59296875 0.18046875 0.065625 0.0984375
1 0.6453125 0.14453125 0.0546875 0.08203125
1 0.72734375 0.15546875 0.07265625 0.11484375
1 0.7 0.0984375 0.04765625 0.0546875
1 0.721875 0.06015625 0.0546875 0.065625
1 0.7171875 0.02421875 0.06875 0.0484375
1 0.35078125 0.6203125 0.0546875 0.08203125
1 0.4 0.5328125 0.0796875 0.12578125
1 0.44765625 0.59296875 0.04375 0.08203125
1 0.50546875 0.5734375 0.07265625 0.1203125
1 0.5453125 0.58984375 0.02890625 0.0765625
1 0.5 0.4671875 0.06875 0.10390625
1 0.43984375 0.4921875 0.07265625 0.1203125
1 0.37109375 0.43203125 0.065625 0.0875
1 0.4125 0.42109375 0.02578125 0.04375
1 0.42890625 0.37421875 0.0578125 0.08203125
1 0.46015625 0.4046875 0.0546875 0.0765625
1 0.4765625 0.3796875 0.021875 0.03828125
1 0.45625 0.2953125 0.06171875 0.0984375
1 0.465625 0.2375 0.03671875 0.06015625
1 0.5015625 0.215625 0.04375 0.06015625
1 0.54375 0.18046875 0.03984375 0.0875
1 0.5 0.153125 0.04765625 0.065625
1 0.53828125 0.084375 0.05078125 0.09296875
1 0.58359375 0.07890625 0.04765625 0.08203125
1 0.61640625 0.109375 0.04765625 0.04375
1 0.64765625 0.04375 0.0875 0.0875
1 0.5765625 0.021875 0.0765625 0.04375
1 0.5109375 0.021875 0.0546875 0.04375
1 0.48359375 0.084375 0.0578125 0.08203125
1 0.4453125 0.03828125 0.0765625 0.0765625
1 0.4203125 0.26796875 0.04765625 0.0875
1 0.38203125 0.24609375 0.0578125 0.0984375
1 0.4328125 0.171875 0.065625 0.10390625
1 0.39296875 0.13125 0.0578125 0.0984375
1 0.41796875 0.0765625 0.065625 0.0984375
1 0.3875 0.021875 0.0546875 0.04375
1 0.34921875 0.0109375 0.04375 0.021875
1 0.35078125 0.303125 0.0546875 0.07109375
1 0.36015625 0.36328125 0.065625 0.08203125
1 0.309375 0.41796875 0.0578125 0.08203125
1 0.30546875 0.459375 0.05078125 0.065625
1 0.32734375 0.51640625 0.065625 0.11484375
1 0.2890625 0.54375 0.06171875 0.11484375
1 0.2984375 0.609375 0.0578125 0.10390625
1 0.22734375 0.53515625 0.090625 0.1421875
1 0.16328125 0.64765625 0.1015625 0.16953125
1 0.06328125 0.628125 0.0984375 0.1640625
1 0.0234375 0.69375 0.046875 0.153125
1 0.00390625 0.79765625 0.00703125 0.0546875
1 0.01640625 0.0515625 0.0328125 0.103125
1 0.05234375 0.0765625 0.06875 0.0875
1 0.09296875 0.1203125 0.0984375 0.1203125
1 0.0328125 0.19375 0.065625 0.13671875
1 0.10390625 0.21875 0.0984375 0.0984375
1 0.09296875 0.303125 0.090625 0.10390625
1 0.13984375 0.36875 0.1203125 0.15859375
1 0.221875 0.325 0.09453125 0.14765625
1 0.165625 0.2625 0.04765625 0.065625
1 0.021875 0.2953125 0.04375 0.0875
1 0.03828125 0.3828125 0.0765625 0.13125
1 0.08359375 0.48671875 0.1015625 0.13125
1 0.1875 0.4484375 0.090625 0.109375
1 0.01484375 0.50234375 0.02890625 0.13125
1 0.265625 0.3796875 0.0578125 0.09296875
1 0.3 0.259375 0.0546875 0.11484375
1 0.32578125 0.21015625 0.0765625 0.10390625
1 0.3421875 0.14453125 0.04375 0.06015625
1 0.26328125 0.2296875 0.0546875 0.0875
1 0.2125 0.2375 0.0546875 0.04921875
1 0.221875 0.17734375 0.07265625 0.08203125
1 0.26171875 0.1171875 0.05078125 0.07109375
1 0.29296875 0.0515625 0.06171875 0.08203125
1 0.3109375 0.109375 0.04765625 0.0765625
1 0.27265625 0.021875 0.065625 0.04375
1 0.17421875 0.065625 0.065625 0.0875
1 0.16328125 0.1390625 0.0578125 0.07109375
1 0.22734375 0.065625 0.0328125 0.0546875
1 0.22734375 0.01640625 0.0328125 0.0328125
1 0.15703125 0.01875 0.0984375 0.0375
1 0.08359375 0.021875 0.0578125 0.04375
1 0.4984375 0.49765625 0.99609375 0.99453125