1 0.77265625 0.65 0.3234375 0.1859375
1 0.6875 0.66640625 0.1890625 0.0984375
1 0.60390625 0.7046875 0.07265625 0.13125
1 0.66171875 0.78671875 0.01484375 0.021875
1 0.6546875 0.71328125 0.01484375 0.01640625
1 0.678125 0.7484375 0.02578125 0.021875
1 0.86015625 0.92109375 0.02578125 0.02734375
1 0.5328125 0.71015625 0.06875 0.065625
1 0.52890625 0.74296875 0.0109375 0.0109375
1 0.5875 0.78125 0.0328125 0.0328125
1 0.54921875 0.36328125 0.0875 0.11484375
1 0.61484375 0.37421875 0.0578125 0.11484375
1 0.59609375 0.4703125 0.021875 0.0546875
1 0.6125 0.50234375 0.04765625 0.04375
1 0.61484375 0.53828125 0.05078125 0.02734375
1 0.51796875 0.434375 0.0984375 0.02734375
1 0.521875 0.57890625 0.1203125 0.2078125
1 0.27265625 0.7484375 0.13125 0.196875
1 0.36875 0.675 0.0765625 0.35546875
1 0.4015625 0.5109375 0.0328125 0.06015625
1 0.3421875 0.48671875 0.07265625 0.109375
1 0.2765625 0.47265625 0.13828125 0.13671875
1 0.20703125 0.66640625 0.03671875 0.30625
1 0.28203125 0.63671875 0.134375 0.09296875
1 0.28203125 0.59296875 0.134375 0.07109375
1 0.05625 0.5328125 0.0765625 0.15859375
1 0.12734375 0.49453125 0.02890625 0.26796875
1 0.16875 0.49453125 0.0546875 0.26796875
1 0.17421875 0.27890625 0.0875 0.0546875
1 0.20546875 0.2078125 0.0546875 0.109375
1 0.27421875 0.2625 0.0984375 0.04375
1 0.23984375 0.4265625 0.04375 0.1203125
1 0.2890625 0.41015625 0.06171875 0.1421875
1 0.36171875 0.1609375 0.134375 0.11484375
1 0.30390625 0.31171875 0.06171875 0.153125
1 0.3546875 0.33046875 0.0546875 0.21328125
1 0.4109375 0.3578125 0.0578125 0.27890625