1 0.86875 0.83359375 0.16484375 0.17421875
1 0.9609375 0.86796875 0.07109375 0.084375
1 0.76953125 0.725 0.10859375 0.25390625
1 0.7828125 0.87265625 0.0671875 0.07421875
1 0.709375 0.83828125 0.07890625 0.04765625
1 0.37421875 0.86796875 0.1046875 0.084375
1 0.4609375 0.89140625 0.08203125 0.0578125
1 0.55078125 0.69609375 0.13515625 0.1640625
1 0.69453125 0.66640625 0.1609375 0.29609375
1 0.85 0.5265625 0.16484375 0.153125
1 0.88359375 0.6453125 0.209375 0.21171875
1 0.95859375 0.57109375 0.075 0.1484375
1 0.95703125 0.73515625 0.07890625 0.1796875
1 0.45703125 0.56640625 0.15703125 0.26484375
1 0.55234375 0.53671875 0.07890625 0.153125
1 0.61796875 0.51328125 0.1046875 0.20078125
1 0.73203125 0.47890625 0.13125 0.1640625
1 0.859375 0.4125 0.09375 0.11640625
1 0.953125 0.4390625 0.0859375 0.12734375
1 0.8859375 0.28046875 0.1234375 0.1484375
1 0.89296875 0.36484375 0.11640625 0.06328125
1 0.77734375 0.290625 0.10078125 0.16953125
1 0.734375 0.37265625 0.15703125 0.153125
1 0.67265625 0.309375 0.09375 0.14296875
1 0.58984375 0.34375 0.1234375 0.190625
1 0.62734375 0.19609375 0.07890625 0.11640625
1 0.5453125 0.153125 0.13828125 0.190625
1 0.5171875 0.2484375 0.06015625 0.06328125
1 0.471875 0.30703125 0.1125 0.15859375
1 0.41953125 0.41015625 0.13515625 0.153125
1 0.5296875 0.42578125 0.07109375 0.0796875
1 0.37265625 0.6140625 0.10078125 0.1375
1 0.91796875 0.1375 0.1125 0.1484375
1 0.98125 0.190625 0.0296875 0.10546875
1 0.9609375 0.0609375 0.07109375 0.121875
1 0.8875 0.03984375 0.08203125 0.0796875
1 0.80703125 0.06875 0.11640625 0.1375
1 0.72265625 0.04765625 0.08203125 0.0953125
1 0.3296875 0.034375 0.0671875 0.06875
1 0.2640625 0.0875 0.10078125 0.13203125
1 0.2640625 0.01328125 0.05625 0.0265625
1 0.21171875 0.01328125 0.0484375 0.0265625
1 0.22109375 0.15859375 0.05234375 0.06328125
1 0.25078125 0.1640625 0.0375 0.053125
1 0.253125 0.2171875 0.0484375 0.06328125
1 0.18359375 0.19296875 0.08203125 0.08984375
1 0.178125 0.1140625 0.07109375 0.08984375
1 0.1703125 0.03984375 0.07890625 0.0796875
1 0.10078125 0.084375 0.0671875 0.0953125
1 0.1046875 0.01875 0.06015625 0.03671875
1 0.0375 0.04765625 0.075 0.0953125
1 0.0359375 0.1453125 0.07109375 0.10078125
1 0.1046875 0.1828125 0.075 0.0796875
1 0.17578125 0.45 0.075 0.084375
1 0.13515625 0.42578125 0.05234375 0.0796875
1 0.06171875 0.40234375 0.05625 0.06328125
1 0.04140625 0.37578125 0.08203125 0.0953125
1 0.0171875 0.43671875 0.03359375 0.04765625
1 0.07265625 0.46796875 0.06328125 0.08984375
1 0.11015625 0.515625 0.0484375 0.06875
1 0.15546875 0.51875 0.03359375 0.03203125
1 0.11953125 0.5796875 0.0453125 0.06875
1 0.05625 0.5578125 0.0671875 0.08984375
1 0.02265625 0.49765625 0.0453125 0.0953125
1 0.0296875 0.6 0.059375 0.1
1 0.084375 0.65078125 0.06328125 0.0953125
1 0.028125 0.7140625 0.05625 0.1375
1 0.06171875 0.759375 0.06328125 0.1109375