1 0.90625 0.946875 0.18046875 0.0953125
1 0.91484375 0.83828125 0.16328125 0.25703125
1 0.74609375 0.6453125 0.2734375 0.6984375
1 0.9328125 0.59765625 0.12734375 0.32421875
1 0.840625 0.38828125 0.21953125 0.4640625
1 0.92890625 0.2125 0.134375 0.42421875
1 0.81171875 0.07578125 0.3046875 0.15078125
1 0.6953125 0.0671875 0.12734375 0.134375
1 0.62578125 0.315625 0.28046875 0.63125
1 0.41875 0.34921875 0.41171875 0.6984375
1 0.42734375 0.7484375 0.4359375 0.49140625
1 0.4765625 0.80703125 0.39375 0.37421875
1 0.134375 0.69453125 0.26875 0.5984375
1 0.11171875 0.14765625 0.2234375 0.2953125
1 0.1453125 0.24296875 0.290625 0.4078125
1 0.1453125 0.43046875 0.1421875 0.2234375