1 0.86015625 0.95390625 0.12734375 0.08203125
1 0.790625 0.890625 0.0984375 0.1421875
1 0.82578125 0.76484375 0.1234375 0.153125
1 0.86171875 0.63671875 0.1234375 0.18046875
1 0.95234375 0.51328125 0.0875 0.175
1 0.92890625 0.41015625 0.0765625 0.13125
1 0.86171875 0.50546875 0.09453125 0.09296875
1 0.85078125 0.39609375 0.0875 0.11484375
1 0.84765625 0.28984375 0.09453125 0.0984375
1 0.8765625 0.19921875 0.1015625 0.10390625
1 0.78359375 0.46484375 0.08359375 0.13125
1 0.7796875 0.5765625 0.06875 0.08203125
1 0.74921875 0.74296875 0.0796875 0.13125
1 0.6984375 0.84453125 0.11640625 0.14765625
1 0.721875 0.95625 0.0765625 0.0765625
1 0.61640625 0.91796875 0.134375 0.153125
1 0.590625 0.83359375 0.0984375 0.11484375
1 0.63671875 0.675 0.15234375 0.23515625
1 0.70546875 0.478125 0.1015625 0.18046875
1 0.721875 0.58984375 0.0546875 0.065625
1 0.61796875 0.51328125 0.09453125 0.109375
1 0.63984375 0.42890625 0.05078125 0.07109375
1 0.678125 0.32265625 0.0984375 0.153125
1 0.73984375 0.36640625 0.02578125 0.065625
1 0.778125 0.3578125 0.065625 0.09296875
1 0.7890625 0.26484375 0.02890625 0.08203125
1 0.721875 0.2484375 0.1125 0.15859375
1 0.75078125 0.17734375 0.08359375 0.10390625
1 0.7765625 0.1390625 0.06875 0.09296875
1 0.4875 0.9015625 0.11640625 0.1859375
1 0.51640625 0.759375 0.11640625 0.175
1 0.54921875 0.5734375 0.0796875 0.1203125
1 0.51640625 0.46171875 0.1234375 0.16953125
1 0.590625 0.3578125 0.10546875 0.18046875
1 0.5109375 0.29765625 0.0984375 0.13671875
1 0.590625 0.16640625 0.1203125 0.18046875
1 0.6765625 0.10625 0.0875 0.11484375
1 0.578125 0.05703125 0.0796875 0.07109375
1 0.5015625 0.10390625 0.09453125 0.13125
1 0.47421875 0.23515625 0.1125 0.153125
1 0.41796875 0.08984375 0.0796875 0.10390625
1 0.4203125 0.175 0.0765625 0.13125
1 0.3875 0.26484375 0.0765625 0.06015625
1 0.40703125 0.35 0.0875 0.13125
1 0.31640625 0.37421875 0.109375 0.16953125
1 0.29609375 0.5328125 0.1203125 0.16953125
1 0.3578125 0.61484375 0.08359375 0.11484375
1 0.46875 0.6203125 0.11640625 0.13671875
1 0.3984375 0.50234375 0.1203125 0.1640625
1 0.29609375 0.2375 0.090625 0.11484375
1 0.33125 0.13671875 0.0875 0.1203125
1 0.22734375 0.1390625 0.1125 0.14765625
1 0.13828125 0.215625 0.11640625 0.13671875
1 0.1546875 0.28671875 0.08359375 0.12578125
1 0.23125 0.328125 0.090625 0.13125
1 0.15078125 0.36875 0.08359375 0.11484375
1 0.0546875 0.3578125 0.1015625 0.14765625
1 0.1109375 0.48125 0.1125 0.1640625
1 0.2234375 0.47265625 0.10546875 0.14765625
1 0.22890625 0.65 0.11640625 0.153125
1 0.12890625 0.62578125 0.090625 0.11484375
1 0.134375 0.76796875 0.109375 0.18046875
1 0.2328125 0.828125 0.1234375 0.20234375
1 0.16328125 0.915625 0.1015625 0.13671875
1 0.23125 0.96171875 0.12734375 0.065625
1 0.3578125 0.92890625 0.134375 0.13125
1 0.35078125 0.77578125 0.1203125 0.1859375
1 0.42578125 0.73203125 0.0875 0.175