1 0.67578125 0.78671875 0.14375 0.215625
1 0.79609375 0.634375 0.20390625 0.20546875
1 0.57578125 0.72890625 0.1015625 0.16328125
1 0.5625 0.86015625 0.1734375 0.11015625
1 0.48671875 0.78125 0.16640625 0.1421875
1 0.4359375 0.83671875 0.13984375 0.16875
1 0.64140625 0.56328125 0.19609375 0.23125
1 0.771875 0.4421875 0.1171875 0.16875
1 0.66015625 0.36328125 0.16640625 0.17890625
1 0.76796875 0.28125 0.09453125 0.16328125
1 0.6921875 0.1734375 0.2 0.18984375
1 0.546875 0.16875 0.10546875 0.13671875
1 0.590625 0.0578125 0.12421875 0.115625
1 0.46640625 0.08125 0.1546875 0.13125
1 0.4359375 0.02890625 0.13203125 0.0578125
1 0.34375 0.04453125 0.0828125 0.07890625
1 0.346875 0.134375 0.11328125 0.1421875
1 0.42109375 0.17109375 0.1015625 0.1734375
1 0.2375 0.15 0.11328125 0.1734375
1 0.31328125 0.26875 0.128125 0.1578125
1 0.4015625 0.33671875 0.12421875 0.18984375
1 0.52109375 0.39765625 0.11328125 0.20546875
1 0.5828125 0.28671875 0.07890625 0.1
1 0.50546875 0.2421875 0.07578125 0.1265625
1 0.4265625 0.4921875 0.14375 0.16328125
1 0.490625 0.58125 0.128125 0.184375
1 0.4453125 0.66875 0.1359375 0.18984375
1 0.3171875 0.66015625 0.1359375 0.19453125
1 0.26640625 0.784375 0.12421875 0.21015625
1 0.3640625 0.815625 0.07890625 0.1578125
1 0.28671875 0.46875 0.1359375 0.2
1 0.20390625 0.35 0.12109375 0.13125
1 0.19453125 0.50546875 0.109375 0.1578125
1 0.1984375 0.63125 0.1015625 0.1265625