1 0.87109375 0.7453125 0.15859375 0.35703125
1 0.90546875 0.9296875 0.12734375 0.12734375
1 0.7953125 0.84375 0.1984375 0.29921875
1 0.60546875 0.80859375 0.2671875 0.36953125
1 0.53125 0.5984375 0.13046875 0.2546875
1 0.4765625 0.80546875 0.15859375 0.35
1 0.38515625 0.9359375 0.13671875 0.11484375
1 0.38359375 0.87578125 0.07109375 0.10859375
1 0.35703125 0.88203125 0.08046875 0.19765625
1 0.275 0.94296875 0.09609375 0.1015625
1 0.2078125 0.96796875 0.0375 0.05078125
1 0.18671875 0.87265625 0.09296875 0.2421875
1 0.2734375 0.86640625 0.08671875 0.13984375
1 0.275 0.7296875 0.08359375 0.19765625
1 0.34609375 0.7328125 0.06484375 0.165625
1 0.39453125 0.646875 0.08046875 0.159375
1 0.38359375 0.45859375 0.08984375 0.165625
1 0.471875 0.346875 0.0625 0.19765625
1 0.32265625 0.5859375 0.07421875 0.153125
1 0.271875 0.62421875 0.046875 0.0640625
1 0.253125 0.509375 0.09609375 0.19140625
1 0.203125 0.65 0.08984375 0.178125
1 0.13828125 0.78359375 0.10234375 0.21640625
1 0.08046875 0.9140625 0.11796875 0.159375
1 0.0609375 0.62734375 0.10859375 0.19765625
1 0.05 0.84375 0.08671875 0.2484375
1 0.015625 0.9046875 0.03125 0.178125
1 0.00625 0.7421875 0.0125 0.13359375
1 0.0421875 0.45859375 0.08359375 0.20390625
1 0.14296875 0.44921875 0.09296875 0.171875
1 0.21875 0.328125 0.07734375 0.19765625
1 0.2375 0.171875 0.10234375 0.178125
1 0.14453125 0.2359375 0.08984375 0.178125
1 0.07734375 0.31171875 0.08671875 0.178125
1 0.12265625 0.38203125 0.053125 0.1015625
1 0.025 0.31171875 0.05 0.0890625
1 0.034375 0.18828125 0.06796875 0.184375
1 0.09921875 0.11796875 0.08046875 0.21015625
1 0.14296875 0.0703125 0.08671875 0.13984375
1 0.225 0.03828125 0.08359375 0.0765625
1 0.19375 0.10859375 0.034375 0.05078125
1 0.0390625 0.03203125 0.07734375 0.0640625
1 0.0296875 0.0796875 0.059375 0.04453125
1 0.6875 0.63359375 0.13359375 0.503125