1 0.55078125 0.4234375 0.2796875 0.25703125
1 0.7546875 0.56796875 0.1421875 0.1203125
1 0.7796875 0.54609375 0.20703125 0.1640625
1 0.7421875 0.584375 0.13828125 0.0875
1 0.71796875 0.61484375 0.06875 0.04921875
1 0.809375 0.68046875 0.221875 0.11484375
1 0.77109375 0.72421875 0.18203125 0.13671875
1 0.7109375 0.76484375 0.178125 0.1203125
1 0.74921875 0.88515625 0.11640625 0.153125
1 0.63671875 0.78671875 0.13828125 0.13125
1 0.61640625 0.71328125 0.14921875 0.06015625
1 0.61796875 0.65546875 0.065625 0.0546875
1 0.62734375 0.565625 0.16328125 0.22421875
1 0.63671875 0.51875 0.09453125 0.0875
1 0.58203125 0.4265625 0.20390625 0.1421875
1 0.57265625 0.584375 0.10546875 0.13125
1 0.5765625 0.6640625 0.0546875 0.11484375
1 0.521875 0.6203125 0.06875 0.15859375
1 0.5125 0.66640625 0.0578125 0.0765625
1 0.50390625 0.71015625 0.10546875 0.1203125
1 0.465625 0.675 0.18203125 0.12578125
1 0.44765625 0.61484375 0.09453125 0.10390625
1 0.4125 0.46171875 0.03984375 0.06015625
1 0.43828125 0.48359375 0.08359375 0.23515625
1 0.4546875 0.390625 0.09453125 0.08203125
1 0.45078125 0.328125 0.109375 0.0875
1 0.56328125 0.41015625 0.15234375 0.0984375
1 0.3328125 0.24609375 0.20703125 0.109375
1 0.290625 0.2625 0.21796875 0.0984375
1 0.29296875 0.1828125 0.08359375 0.07109375
1 0.32734375 0.32265625 0.04375 0.0546875
1 0.25625 0.56796875 0.10546875 0.0765625