1 0.72109375 0.26015625 0.096875 0.2484375
1 0.7125 0.3875 0.24765625 0.24296875
1 0.75546875 0.6125 0.4015625 0.45546875
1 0.7640625 0.93515625 0.096875 0.11796875
1 0.87109375 0.94375 0.08359375 0.10078125
1 0.9796875 0.940625 0.03359375 0.10625
1 0.65234375 0.88203125 0.0671875 0.09453125
1 0.60859375 0.87265625 0.046875 0.1125
1 0.53203125 0.88203125 0.0671875 0.059375
1 0.19375 0.50859375 0.10703125 0.21328125
1 0.30625 0.55 0.2171875 0.29609375
1 0.39609375 0.71328125 0.190625 0.21875
1 0.44140625 0.88203125 0.0671875 0.11796875
1 0.39296875 0.3109375 0.19765625 0.23046875
1 0.10546875 0.31328125 0.0703125 0.13046875
1 0.12578125 0.3671875 0.25078125 0.55625