1 0.94921875 0.96484375 0.09453125 0.06015625
1 0.90546875 0.934375 0.09453125 0.1203125
1 0.9421875 0.871875 0.109375 0.11484375
1 0.965625 0.78984375 0.06171875 0.09296875
1 0.9453125 0.74296875 0.0875 0.1203125
1 0.9234375 0.628125 0.0796875 0.1203125
1 0.97265625 0.62265625 0.04765625 0.1421875
1 0.96328125 0.5109375 0.065625 0.14765625
1 0.890625 0.52421875 0.0875 0.109375
1 0.8578125 0.62265625 0.065625 0.1203125
1 0.79609375 0.69375 0.1015625 0.13125
1 0.85078125 0.7953125 0.0875 0.13671875
1 0.83984375 0.9125 0.0578125 0.13125
1 0.79453125 0.9015625 0.090625 0.153125
1 0.778125 0.95078125 0.11640625 0.0875
1 0.7453125 0.85546875 0.0875 0.11484375
1 0.790625 0.79765625 0.04765625 0.065625
1 0.75234375 0.7625 0.07265625 0.09296875
1 0.7015625 0.72109375 0.04375 0.04375
1 0.7328125 0.68828125 0.0546875 0.0546875
1 0.709375 0.64765625 0.07265625 0.08203125
1 0.67109375 0.7046875 0.06171875 0.0984375
1 0.7203125 0.5953125 0.0875 0.0765625
1 0.71640625 0.5328125 0.05078125 0.04921875
1 0.765625 0.5078125 0.0765625 0.13125
1 0.8 0.5765625 0.065625 0.10390625
1 0.84375 0.54921875 0.07265625 0.08203125
1 0.834375 0.43984375 0.178125 0.12578125
1 0.7578125 0.44296875 0.06875 0.0765625
1 0.96015625 0.41796875 0.07265625 0.09296875
1 0.97109375 0.35 0.05078125 0.1203125
1 0.921875 0.33046875 0.0546875 0.07109375
1 0.96328125 0.26484375 0.065625 0.08203125
1 0.92578125 0.23203125 0.06171875 0.07109375
1 0.9765625 0.22109375 0.03984375 0.04921875
1 0.94921875 0.153125 0.07265625 0.0765625
1 0.9875 0.1640625 0.01796875 0.0765625
1 0.91484375 0.2296875 0.06875 0.0984375
1 0.88203125 0.22421875 0.03984375 0.0546875
1 0.86171875 0.2703125 0.07265625 0.09296875
1 0.84375 0.34140625 0.04375 0.07109375
1 0.8984375 0.34453125 0.07265625 0.0546875
1 0.78359375 0.3171875 0.0765625 0.1203125
1 0.76875 0.28125 0.0765625 0.08203125
1 0.79609375 0.215625 0.0578125 0.12578125
1 0.8328125 0.1859375 0.0796875 0.0875
1 0.82890625 0.1203125 0.0875 0.1203125
1 0.8890625 0.109375 0.0546875 0.0984375
1 0.72578125 0.05703125 0.0765625 0.1140625
1 0.76171875 0.12578125 0.06171875 0.04375
1 0.75625 0.15859375 0.05078125 0.0546875
1 0.721875 0.21015625 0.08359375 0.11484375
1 0.69296875 0.153125 0.06875 0.0984375
1 0.6671875 0.10078125 0.090625 0.11484375
1 0.70390625 0.303125 0.06171875 0.07109375
1 0.74375 0.37421875 0.04765625 0.07109375
1 0.68515625 0.37421875 0.08359375 0.10390625
1 0.6890625 0.4671875 0.06171875 0.11484375
1 0.6328125 0.54609375 0.0875 0.13125
1 0.63828125 0.653125 0.06171875 0.09296875
1 0.665625 0.77578125 0.04375 0.04375
1 0.690625 0.82265625 0.03671875 0.08203125
1 0.65078125 0.9046875 0.07265625 0.09296875
1 0.67421875 0.93984375 0.08359375 0.109375
1 0.65078125 0.828125 0.03671875 0.06015625
1 0.5875 0.846875 0.0984375 0.1421875
1 0.57421875 0.94296875 0.09453125 0.10390625
1 0.50703125 0.9703125 0.06875 0.04921875
1 0.60703125 0.74609375 0.07265625 0.10390625
1 0.55078125 0.6859375 0.06875 0.10390625
1 0.5875 0.653125 0.03984375 0.08203125
1 0.5203125 0.61171875 0.0875 0.109375
1 0.58359375 0.58203125 0.03984375 0.07109375
1 0.565625 0.478125 0.06171875 0.11484375
1 0.62578125 0.45390625 0.065625 0.0765625
1 0.578125 0.371875 0.0796875 0.0984375
1 0.63828125 0.36640625 0.04765625 0.0765625
1 0.65078125 0.30625 0.07265625 0.04375
1 0.621875 0.2953125 0.04375 0.0546875
1 0.634375 0.2296875 0.08359375 0.109375
1 0.609375 0.2046875 0.08359375 0.10390625
1 0.5796875 0.0953125 0.08359375 0.11484375
1 0.62578125 0.0734375 0.02890625 0.02734375
1 0.66015625 0.02734375 0.04765625 0.04375
1 0.5546875 0.04609375 0.03984375 0.06015625
1 0.578125 0.02421875 0.065625 0.0484375
1 0.51640625 0.15546875 0.065625 0.07109375
1 0.55234375 0.19375 0.0578125 0.06015625
1 0.56875 0.2734375 0.0546875 0.065625
1 0.51484375 0.25703125 0.06171875 0.065625
1 0.4875 0.2046875 0.065625 0.08203125
1 0.4578125 0.13359375 0.04375 0.06015625
1 0.50390625 0.08984375 0.06171875 0.06015625
1 0.465625 0.02734375 0.09453125 0.0546875
1 0.40546875 0.04921875 0.06171875 0.0875
1 0.4328125 0.0984375 0.05078125 0.04375
1 0.4125 0.16953125 0.0765625 0.0984375
1 0.45625 0.25390625 0.06171875 0.08203125
1 0.42890625 0.28984375 0.065625 0.13125
1 0.46875 0.32265625 0.03671875 0.0765625
1 0.5015625 0.35546875 0.065625 0.1203125
1 0.5234375 0.325 0.03671875 0.07109375
1 0.5328125 0.415625 0.0328125 0.065625
1 0.5 0.44296875 0.0765625 0.0984375
1 0.5 0.5296875 0.0765625 0.1203125
1 0.45234375 0.57890625 0.04765625 0.0765625
1 0.4765625 0.67734375 0.065625 0.065625
1 0.5109375 0.7625 0.08359375 0.12578125
1 0.509375 0.8578125 0.07265625 0.0875
1 0.4890625 0.94296875 0.06875 0.09296875
1 0.4453125 0.915625 0.0546875 0.09296875
1 0.4109375 0.95390625 0.0796875 0.08203125
1 0.4546875 0.84453125 0.0578125 0.07109375
1 0.42578125 0.76484375 0.0875 0.153125
1 0.421875 0.628125 0.065625 0.0875
1 0.39609375 0.53515625 0.065625 0.109375
1 0.43984375 0.4921875 0.05078125 0.0875
1 0.4421875 0.39921875 0.0765625 0.0875
1 0.38203125 0.4453125 0.07265625 0.08203125
1 0.378125 0.40703125 0.05078125 0.04921875
1 0.334375 0.41015625 0.04375 0.0546875
1 0.37109375 0.346875 0.065625 0.07109375
1 0.35234375 0.31171875 0.0875 0.1203125
1 0.3796875 0.24296875 0.06875 0.09296875
1 0.3421875 0.16953125 0.065625 0.0875
1 0.34375 0.09296875 0.04765625 0.0875
1 0.34921875 0.02734375 0.04375 0.0546875
1 0.28515625 0.0734375 0.08359375 0.10390625
1 0.30390625 0.14765625 0.0328125 0.065625
1 0.26015625 0.19375 0.06171875 0.10390625
1 0.3125 0.25390625 0.065625 0.09296875
1 0.24375 0.29765625 0.0796875 0.09296875
1 0.2890625 0.36328125 0.08359375 0.10390625
1 0.2796875 0.45390625 0.0578125 0.0765625
1 0.31796875 0.47578125 0.06875 0.0546875
1 0.3234375 0.53515625 0.07265625 0.109375
1 0.2234375 0.5515625 0.090625 0.1421875
1 0.36328125 0.6640625 0.0796875 0.12578125
1 0.30390625 0.653125 0.0546875 0.11484375
1 0.309375 0.7734375 0.09453125 0.13671875
1 0.3765625 0.871875 0.08359375 0.12578125
1 0.2890625 0.890625 0.090625 0.1421875
1 0.35078125 0.98125 0.0765625 0.02734375
1 0.3125 0.95625 0.07265625 0.065625
1 0.221875 0.84140625 0.0875 0.109375
1 0.1890625 0.934375 0.0875 0.1203125
1 0.26328125 0.97578125 0.0765625 0.03828125
1 0.21484375 0.73515625 0.109375 0.14765625
1 0.25234375 0.6640625 0.04765625 0.07109375
1 0.19609375 0.6390625 0.05078125 0.0765625
1 0.1328125 0.6421875 0.0984375 0.12578125
1 0.1203125 0.7703125 0.0875 0.1203125
1 0.15625 0.84453125 0.05078125 0.07109375
1 0.109375 0.9125 0.0875 0.109375
1 0.1015625 0.97265625 0.07265625 0.04375
1 0.034375 0.95078125 0.06875 0.0875
1 0.04375 0.825 0.065625 0.13125
1 0.00390625 0.85234375 0.00703125 0.0875
1 0.01484375 0.7078125 0.02890625 0.12578125
1 0.0671875 0.7046875 0.06171875 0.109375
1 0.04375 0.6171875 0.0796875 0.0984375
1 0.0234375 0.5671875 0.046875 0.0875
1 0.10703125 0.5625 0.090625 0.0875
1 0.1671875 0.56015625 0.03671875 0.09296875
1 0.1234375 0.49765625 0.07265625 0.0765625
1 0.13984375 0.45625 0.08359375 0.08203125
1 0.21484375 0.45625 0.0875 0.10390625
1 0.06875 0.4890625 0.065625 0.10390625
1 0.03828125 0.45078125 0.0765625 0.12578125
1 0.02890625 0.4703125 0.05078125 0.0546875
1 0.0984375 0.39609375 0.065625 0.08203125
1 0.15234375 0.35 0.065625 0.0765625
1 0.19296875 0.3359375 0.03671875 0.04921875
1 0.16875 0.284375 0.0765625 0.0984375
1 0.18203125 0.19140625 0.0875 0.1203125
1 0.234375 0.128125 0.04765625 0.04921875
1 0.2015625 0.065625 0.090625 0.109375
1 0.1328125 0.06015625 0.04765625 0.04375
1 0.12734375 0.10390625 0.0578125 0.04375
1 0.134375 0.1609375 0.065625 0.09296875
1 0.0671875 0.16953125 0.06875 0.0875
1 0.07421875 0.11171875 0.04765625 0.03828125
1 0.07265625 0.0515625 0.07265625 0.07109375
1 0.01640625 0.04375 0.0328125 0.0875
1 0.0234375 0.1328125 0.046875 0.09375
1 0.0203125 0.21328125 0.03984375 0.0984375
1 0.0453125 0.28125 0.08359375 0.12578125
1 0.109375 0.25390625 0.0578125 0.08203125
1 0.0875 0.325 0.07265625 0.06015625
1 0.05078125 0.36640625 0.03671875 0.04375
1 0.01640625 0.31953125 0.0328125 0.10390625
1 0.03671875 0.40703125 0.07265625 0.11484375