1 0.7296875 0.56328125 0.20625 0.29140625
1 0.80625 0.36015625 0.1921875 0.30234375
1 0.65390625 0.225 0.2140625 0.41796875
1 0.5921875 0.54140625 0.090625 0.1265625
1 0.62890625 0.67890625 0.07578125 0.1265625
1 0.546875 0.703125 0.0796875 0.14296875
1 0.509375 0.59375 0.07578125 0.14296875
1 0.5109375 0.1703125 0.1234375 0.16484375
1 0.38984375 0.1484375 0.32265625 0.2640625
1 0.3421875 0.33203125 0.22109375 0.225
1 0.3515625 0.46953125 0.24609375 0.1375
1 0.36015625 0.72265625 0.2859375 0.45625
1 0.1578125 0.41796875 0.228125 0.41796875
1 0.44765625 0.3625 0.025 0.0328125
1 0.4765625 0.41796875 0.0328125 0.0546875
1 0.5109375 0.475 0.02890625 0.04921875
1 0.54921875 0.4640625 0.046875 0.04921875
1 0.52734375 0.42578125 0.046875 0.06015625
1 0.4984375 0.3875 0.01796875 0.07109375
1 0.52890625 0.365625 0.0359375 0.08203125
1 0.51484375 0.3078125 0.04375 0.04375
1 0.478125 0.3265625 0.0359375 0.03828125
1 0.48203125 0.3734375 0.0359375 0.0546875