1 0.91015625 0.2609375 0.10859375 0.10390625
1 0.89453125 0.20234375 0.16015625 0.0578125
1 0.73203125 0.1890625 0.1546875 0.06171875
1 0.78359375 0.23515625 0.14453125 0.08515625
1 0.63671875 0.25703125 0.1390625 0.0890625
1 0.73984375 0.29140625 0.10859375 0.065625
1 0.81953125 0.3359375 0.134375 0.1234375
1 0.9171875 0.33203125 0.0828125 0.03125
1 0.925 0.39765625 0.1390625 0.1
1 0.93046875 0.4765625 0.10859375 0.10390625
1 0.92265625 0.53671875 0.06171875 0.04609375
1 0.85078125 0.525 0.0828125 0.06953125
1 0.81953125 0.45546875 0.11328125 0.1078125
1 0.71640625 0.4359375 0.11328125 0.09296875
1 0.690625 0.47265625 0.1234375 0.05
1 0.6109375 0.3359375 0.07734375 0.06953125
1 0.69609375 0.3515625 0.103125 0.06171875
1 0.66015625 0.38984375 0.09296875 0.1
1 0.62109375 0.4015625 0.09765625 0.06953125
1 0.61328125 0.44609375 0.0828125 0.05
1 0.6234375 0.515625 0.09296875 0.08125
1 0.7265625 0.5234375 0.1234375 0.0734375
1 0.4875 0.271875 0.0671875 0.0890625
1 0.4640625 0.20234375 0.103125 0.0734375
1 0.4796875 0.1640625 0.0828125 0.0421875
1 0.440625 0.140625 0.0875 0.0421875
1 0.38671875 0.15234375 0.103125 0.0578125
1 0.35859375 0.13125 0.0671875 0.03125
1 0.2703125 0.13359375 0.0875 0.0421875
1 0.3015625 0.1796875 0.07734375 0.065625
1 0.39921875 0.2296875 0.09765625 0.10390625
1 0.4125 0.2859375 0.071875 0.04609375
1 0.3609375 0.2953125 0.175 0.05
1 0.34296875 0.2453125 0.07734375 0.065625
1 0.29921875 0.25078125 0.071875 0.05390625
1 0.26015625 0.21640625 0.04609375 0.03828125
1 0.21171875 0.16796875 0.09296875 0.0578125
1 0.190625 0.11953125 0.09296875 0.06953125
1 0.13671875 0.15234375 0.07734375 0.065625
1 0.16015625 0.2046875 0.134375 0.06171875
1 0.14921875 0.271875 0.11328125 0.096875
1 0.2375 0.3125 0.11328125 0.03125
1 0.0671875 0.2875 0.1234375 0.08125
1 0.0640625 0.215625 0.128125 0.1
1 0.06953125 0.14453125 0.10859375 0.05
1 0.484375 0.37265625 0.06171875 0.0578125
1 0.40703125 0.37265625 0.06171875 0.065625
1 0.45078125 0.43046875 0.11875 0.0578125
1 0.45625 0.3765625 0.02578125 0.0578125
1 0.37109375 0.38046875 0.04140625 0.05
1 0.29609375 0.378125 0.10859375 0.09296875
1 0.28828125 0.41484375 0.06171875 0.0421875
1 0.36875 0.42890625 0.09765625 0.06171875
1 0.41015625 0.46875 0.0671875 0.0421875
1 0.4875 0.49609375 0.05703125 0.096875
1 0.46171875 0.5734375 0.10859375 0.065625
1 0.425 0.515625 0.0875 0.096875
1 0.38125 0.565625 0.0828125 0.08125
1 0.3328125 0.56015625 0.05703125 0.06171875
1 0.2859375 0.5328125 0.07734375 0.06953125
1 0.3171875 0.49453125 0.0875 0.06171875
1 0.28828125 0.465625 0.09296875 0.08125
1 0.35859375 0.49609375 0.05703125 0.065625
1 0.18828125 0.3703125 0.0875 0.07734375
1 0.14453125 0.42109375 0.1546875 0.08515625
1 0.15234375 0.47265625 0.12890625 0.08125
1 0.1625 0.525 0.10859375 0.06171875
1 0.15703125 0.575 0.10859375 0.06171875
1 0.071875 0.565625 0.071875 0.08125
1 0.04609375 0.51328125 0.071875 0.06953125
1 0.0234375 0.55234375 0.04609375 0.08515625
1 0.03125 0.4671875 0.06171875 0.03828125
1 0.028125 0.4140625 0.05625 0.05
1 0.06171875 0.43046875 0.06171875 0.0578125
1 0.10078125 0.378125 0.11875 0.06953125
1 0.10859375 0.3515625 0.071875 0.0234375
1 0.02578125 0.36640625 0.0515625 0.04609375
1 0.76015625 0.91875 0.04609375 0.03125
1 0.7703125 0.89375 0.04609375 0.02734375
1 0.734375 0.8859375 0.02578125 0.01953125
1 0.73984375 0.859375 0.0359375 0.01953125
1 0.76796875 0.8703125 0.0203125 0.01953125
1 0.765625 0.8359375 0.02578125 0.01953125
1 0.73203125 0.8359375 0.0203125 0.01953125
1 0.76015625 0.803125 0.04609375 0.0234375
1 0.75546875 0.778125 0.0359375 0.01953125
1 0.75234375 0.7453125 0.0515625 0.03828125
1 0.7421875 0.71640625 0.04140625 0.02734375
1 0.75 0.68359375 0.0359375 0.03125
1 0.721875 0.6625 0.04140625 0.034375
1 0.6828125 0.6546875 0.0359375 0.01953125
1 0.69296875 0.925 0.05703125 0.0421875
1 0.71640625 0.89765625 0.06171875 0.05
1 0.6984375 0.84765625 0.05703125 0.0421875
1 0.721875 0.8109375 0.0515625 0.03125
1 0.6703125 0.80859375 0.04140625 0.034375
1 0.70859375 0.77578125 0.07734375 0.03125
1 0.69609375 0.74140625 0.0515625 0.04609375
1 0.6859375 0.70625 0.04140625 0.03125
1 0.7140625 0.696875 0.0359375 0.034375
1 0.67265625 0.67578125 0.04609375 0.0234375
1 0.64453125 0.92890625 0.04140625 0.034375
1 0.60859375 0.9359375 0.03125 0.02734375
1 0.571875 0.934375 0.03125 0.03828125
1 0.54375 0.94375 0.04609375 0.034375
1 0.51796875 0.9328125 0.0359375 0.01953125
1 0.484375 0.93828125 0.0515625 0.03125
1 0.4359375 0.93984375 0.04609375 0.0421875
1 0.3890625 0.9265625 0.04609375 0.03828125
1 0.35546875 0.93984375 0.04140625 0.02734375
1 0.31171875 0.93828125 0.0359375 0.03125
1 0.27578125 0.9265625 0.02578125 0.0234375
1 0.24453125 0.9359375 0.0359375 0.034375
1 0.30703125 0.90703125 0.0359375 0.03125
1 0.3453125 0.91484375 0.04140625 0.0234375
1 0.36875 0.89609375 0.0359375 0.03125
1 0.40234375 0.88203125 0.03125 0.02734375
1 0.425 0.90546875 0.05703125 0.02734375
1 0.46875 0.90546875 0.0515625 0.02734375
1 0.5 0.89609375 0.0515625 0.03828125
1 0.54921875 0.90546875 0.05703125 0.02734375
1 0.2140625 0.9015625 0.04609375 0.05
1 0.25234375 0.88046875 0.04140625 0.03828125
1 0.26015625 0.903125 0.04609375 0.0234375
1 0.28828125 0.8703125 0.04140625 0.034375
1 0.325 0.88203125 0.04140625 0.02734375
1 0.34296875 0.8515625 0.0359375 0.034375
1 0.37890625 0.85546875 0.04609375 0.034375
1 0.4328125 0.87265625 0.04140625 0.03828125
1 0.47421875 0.87265625 0.03125 0.03125
1 0.5 0.853125 0.03125 0.03125
1 0.53125 0.85546875 0.03125 0.034375
1 0.54921875 0.8859375 0.05703125 0.05
1 0.61875 0.88203125 0.0515625 0.0421875
1 0.65234375 0.88984375 0.0359375 0.02734375
1 0.64453125 0.84375 0.04140625 0.034375
1 0.61328125 0.8453125 0.03125 0.03125
1 0.57734375 0.85546875 0.03125 0.02734375
1 0.55390625 0.84140625 0.04609375 0.03828125
1 0.58984375 0.81875 0.04609375 0.03828125
1 0.634375 0.8125 0.04140625 0.034375
1 0.6234375 0.78203125 0.04140625 0.034375
1 0.6546875 0.76640625 0.03125 0.034375
1 0.634375 0.74921875 0.0515625 0.03125
1 0.21640625 0.85546875 0.0515625 0.034375
1 0.2625 0.84375 0.04140625 0.01953125
1 0.28359375 0.83046875 0.0515625 0.0234375
1 0.33515625 0.81875 0.0515625 0.03125
1 0.3734375 0.83046875 0.04609375 0.03125
1 0.425 0.83203125 0.04609375 0.02734375
1 0.46875 0.83984375 0.03125 0.01953125
1 0.4796875 0.81484375 0.03125 0.015625
1 0.5234375 0.8203125 0.04609375 0.02734375
1 0.54921875 0.79375 0.0359375 0.0421875
1 0.58515625 0.778125 0.0359375 0.0421875
1 0.575 0.74140625 0.05703125 0.03828125
1 0.59765625 0.71796875 0.03125 0.03125
1 0.634375 0.7203125 0.0515625 0.01953125
1 0.6265625 0.69296875 0.04609375 0.034375
1 0.6390625 0.66015625 0.0515625 0.0234375
1 0.23203125 0.82421875 0.0515625 0.02734375
1 0.2296875 0.79375 0.05703125 0.02734375
1 0.265625 0.80703125 0.0359375 0.015625
1 0.29921875 0.79921875 0.0515625 0.03125
1 0.34296875 0.78203125 0.04609375 0.034375
1 0.38671875 0.77421875 0.03125 0.02734375
1 0.3734375 0.80078125 0.0359375 0.02734375
1 0.40703125 0.8046875 0.04140625 0.02734375
1 0.44609375 0.80078125 0.0359375 0.0421875
1 0.41484375 0.7703125 0.04609375 0.034375
1 0.48203125 0.7875 0.0671875 0.03828125
1 0.5203125 0.7390625 0.03125 0.034375
1 0.4796875 0.75078125 0.03125 0.034375
1 0.44609375 0.7546875 0.04609375 0.0421875
1 0.440625 0.7203125 0.05703125 0.02734375
1 0.4046875 0.7453125 0.05703125 0.03125
1 0.353125 0.74140625 0.02578125 0.03125
1 0.31953125 0.7390625 0.0515625 0.02734375
1 0.29609375 0.771875 0.0359375 0.0234375
1 0.25 0.75703125 0.0359375 0.03125
1 0.28359375 0.74296875 0.04140625 0.034375
1 0.2140625 0.76484375 0.0359375 0.0234375
1 0.2296875 0.73515625 0.04609375 0.02734375
1 0.2578125 0.71796875 0.04140625 0.0234375
1 0.28828125 0.7140625 0.04140625 0.0234375
1 0.31953125 0.71015625 0.04140625 0.015625
1 0.35546875 0.70078125 0.0515625 0.034375
1 0.3890625 0.71640625 0.0359375 0.01953125
1 0.39921875 0.68359375 0.04609375 0.03125
1 0.43828125 0.6890625 0.0203125 0.02734375
1 0.47421875 0.68359375 0.04140625 0.03125
1 0.484375 0.7125 0.03125 0.02734375
1 0.5359375 0.70625 0.0515625 0.0234375
1 0.528125 0.67734375 0.05703125 0.02734375
1 0.5796875 0.7046875 0.04609375 0.02734375
1 0.58984375 0.671875 0.0359375 0.0234375
1 0.5875 0.6546875 0.03125 0.01171875
1 0.54375 0.65859375 0.05703125 0.02734375
1 0.5 0.65625 0.03125 0.0234375
1 0.46640625 0.6546875 0.0359375 0.01953125
1 0.428125 0.65859375 0.04140625 0.02734375
1 0.396875 0.65625 0.03125 0.015625
1 0.36875 0.67578125 0.0359375 0.03828125
1 0.35078125 0.6625 0.04140625 0.02734375
1 0.309375 0.65625 0.03125 0.0234375
1 0.3015625 0.6890625 0.05703125 0.034375
1 0.28125 0.6640625 0.02578125 0.015625
1 0.2625 0.68515625 0.03125 0.02734375
1 0.2421875 0.6640625 0.0515625 0.03125
1 0.234375 0.70078125 0.04609375 0.02734375