1 0.8984375 0.8390625 0.0875 0.06015625
1 0.96875 0.784375 0.0546875 0.10390625
1 0.921875 0.76484375 0.06171875 0.0875
1 0.9546875 0.978125 0.08359375 0.0328125
1 0.82890625 0.978125 0.09453125 0.0328125
1 0.73671875 0.978125 0.0546875 0.0328125
1 0.2671875 0.7921875 0.0546875 0.109375
1 0.24921875 0.65859375 0.08359375 0.10390625
1 0.4015625 0.73203125 0.0546875 0.0875
1 0.4234375 0.7703125 0.04765625 0.0875
1 0.4984375 0.75703125 0.04375 0.09296875
1 0.52734375 0.79765625 0.03671875 0.0546875
1 0.47265625 0.77578125 0.03671875 0.0546875
1 0.46875 0.66953125 0.065625 0.12578125
1 0.390625 0.62578125 0.0984375 0.14765625
1 0.39609375 0.50234375 0.0578125 0.0984375
1 0.59609375 0.63125 0.0796875 0.13671875
1 0.5328125 0.69921875 0.0546875 0.109375
1 0.59296875 0.71328125 0.07265625 0.09296875
1 0.53125 0.62578125 0.03671875 0.08203125
1 0.48515625 0.51328125 0.0546875 0.0765625
1 0.45234375 0.43984375 0.0328125 0.08203125
1 0.5421875 0.43203125 0.1015625 0.13125
1 0.578125 0.54609375 0.109375 0.109375
1 0.63828125 0.35234375 0.0546875 0.16953125
1 0.70390625 0.77890625 0.06875 0.11484375
1 0.77109375 0.83046875 0.07265625 0.0875
1 0.7 0.8578125 0.06875 0.0328125
1 0.83125 0.77890625 0.10546875 0.13671875
1 0.7671875 0.7296875 0.0796875 0.13671875
1 0.83671875 0.6859375 0.0875 0.10390625
1 0.86328125 0.60390625 0.1125 0.11484375
1 0.9671875 0.671875 0.0578125 0.1203125
1 0.9125 0.6828125 0.05078125 0.109375
1 0.303125 0.0515625 0.178125 0.103125
1 0.10390625 0.31953125 0.20703125 0.6390625
1 0.15078125 0.72109375 0.134375 0.1421875
1 0.24765625 0.83046875 0.065625 0.196875
1 0.30703125 0.70234375 0.134375 0.08203125
1 0.3453125 0.04921875 0.26171875 0.0984375
1 0.28515625 0.15859375 0.15625 0.0984375
1 0.2421875 0.37421875 0.0765625 0.32265625
1 0.70390625 0.7078125 0.0546875 0.07109375
1 0.72890625 0.64765625 0.0546875 0.07109375
1 0.80390625 0.61484375 0.05078125 0.07109375
1 0.9578125 0.5625 0.0765625 0.0984375
1 0.96328125 0.4890625 0.065625 0.04921875
1 0.9765625 0.43984375 0.03984375 0.08203125
1 0.97265625 0.38515625 0.04765625 0.03828125
1 0.93671875 0.37734375 0.03984375 0.0546875
1 0.9234375 0.46171875 0.0578125 0.09296875
1 0.8671875 0.5078125 0.0546875 0.0765625
1 0.81796875 0.51640625 0.05078125 0.06015625
1 0.7875 0.54375 0.0328125 0.06015625
1 0.7015625 0.59296875 0.05078125 0.09296875
1 0.73984375 0.55703125 0.10546875 0.109375
1 0.7015625 0.48125 0.03671875 0.0546875
1 0.77109375 0.36875 0.0578125 0.08203125
1 0.83984375 0.38828125 0.05078125 0.0546875
1 0.8578125 0.4375 0.0796875 0.0765625
1 0.7984375 0.45078125 0.04765625 0.09296875
1 0.74375 0.45625 0.06171875 0.11484375
1 0.86484375 0.06796875 0.2546875 0.1359375