1 0.75859375 0.86953125 0.0703125 0.11328125
1 0.81796875 0.78671875 0.0765625 0.13046875
1 0.7359375 0.76953125 0.08046875 0.11953125
1 0.80078125 0.69609375 0.08359375 0.11953125
1 0.734375 0.63359375 0.08359375 0.153125
1 0.7796875 0.57109375 0.06328125 0.096875
1 0.80625 0.503125 0.0734375 0.096875
1 0.85703125 0.55390625 0.05625 0.096875
1 0.9 0.52578125 0.0734375 0.1078125
1 0.8546875 0.44609375 0.05234375 0.08515625
1 0.94375 0.465625 0.0765625 0.06796875
1 0.8796875 0.39453125 0.05234375 0.0625
1 0.896875 0.340625 0.059375 0.10234375
1 0.94765625 0.3921875 0.0765625 0.06796875
1 0.94609375 0.309375 0.05234375 0.08515625
1 0.925 0.24453125 0.059375 0.090625
1 0.87578125 0.221875 0.05234375 0.090625
1 0.63125 0.92890625 0.06640625 0.096875
1 0.5578125 0.95703125 0.0734375 0.07421875
1 0.56640625 0.86328125 0.090625 0.13671875
1 0.6296875 0.784375 0.08359375 0.159375
1 0.55234375 0.7984375 0.06328125 0.07421875
1 0.575 0.690625 0.08046875 0.11953125
1 0.64140625 0.63046875 0.06640625 0.11328125
1 0.68203125 0.621875 0.028125 0.0625
1 0.6890625 0.55703125 0.04921875 0.06796875
1 0.6328125 0.56796875 0.05625 0.05703125
1 0.5703125 0.58515625 0.0703125 0.11328125
1 0.49140625 0.746875 0.0875 0.11953125
1 0.46484375 0.809375 0.03515625 0.028125
1 0.4125 0.753125 0.0765625 0.13046875
1 0.4421875 0.64765625 0.0875 0.13671875
1 0.49453125 0.590625 0.059375 0.06796875
1 0.5171875 0.659375 0.06328125 0.10234375
1 0.53125 0.52265625 0.0765625 0.125
1 0.5859375 0.52265625 0.03828125 0.06796875
1 0.6328125 0.49140625 0.08359375 0.1078125
1 0.68203125 0.49453125 0.04921875 0.090625
1 0.70625 0.39765625 0.0703125 0.11328125
1 0.78828125 0.4375 0.06640625 0.10234375
1 0.81484375 0.36953125 0.0765625 0.0796875
1 0.8515625 0.3296875 0.0453125 0.06796875
1 0.84609375 0.26171875 0.06328125 0.090625
1 0.7921875 0.30390625 0.06640625 0.096875
1 0.7515625 0.36953125 0.05625 0.10234375
1 0.37734375 0.65078125 0.04921875 0.096875
1 0.40390625 0.59375 0.05234375 0.05078125
1 0.43671875 0.51953125 0.08359375 0.1078125
1 0.484375 0.46875 0.06640625 0.11953125
1 0.53125 0.371875 0.0765625 0.1078125
1 0.5578125 0.440625 0.06640625 0.096875
1 0.63828125 0.409375 0.06640625 0.10234375
1 0.6015625 0.3890625 0.0421875 0.08515625
1 0.58046875 0.34375 0.05625 0.08515625
1 0.6171875 0.25859375 0.08046875 0.153125
1 0.6453125 0.3265625 0.0453125 0.0625
1 0.69609375 0.29296875 0.0703125 0.096875
1 0.6796875 0.246875 0.05234375 0.07421875
1 0.74140625 0.23046875 0.0765625 0.1078125
1 0.74453125 0.28984375 0.028125 0.05703125
1 0.7953125 0.2046875 0.0453125 0.090625
1 0.8109375 0.14765625 0.05625 0.06796875
1 0.84296875 0.184375 0.0421875 0.05078125
1 0.84765625 0.1421875 0.03125 0.034375
1 0.78125 0.10234375 0.03828125 0.02265625
1 0.74453125 0.13359375 0.0703125 0.096875
1 0.703125 0.1421875 0.028125 0.0796875
1 0.678125 0.190625 0.0703125 0.08515625
1 0.6609375 0.128125 0.0703125 0.096875
1 0.57890625 0.18203125 0.059375 0.0796875
1 0.58359375 0.10546875 0.0703125 0.08515625
1 0.61171875 0.0484375 0.0765625 0.096875
1 0.62734375 0.1078125 0.02421875 0.06796875
1 0.5296875 0.1875 0.03828125 0.0796875
1 0.546875 0.26953125 0.05234375 0.08515625
1 0.51015625 0.30078125 0.0703125 0.10234375
1 0.47890625 0.3921875 0.04921875 0.0796875
1 0.43203125 0.35546875 0.08046875 0.11953125
1 0.41640625 0.42890625 0.0703125 0.1078125
1 0.3359375 0.596875 0.0765625 0.125
1 0.3203125 0.50859375 0.0875 0.096875
1 0.27265625 0.565625 0.04921875 0.05078125
1 0.234375 0.5140625 0.0703125 0.08515625
1 0.278125 0.49453125 0.03828125 0.06796875
1 0.37421875 0.503125 0.0421875 0.0625
1 0.35 0.41796875 0.0703125 0.11953125
1 0.31328125 0.34921875 0.08046875 0.11953125
1 0.278125 0.440625 0.06640625 0.07421875
1 0.22578125 0.4546875 0.03125 0.0453125
1 0.3703125 0.28671875 0.0765625 0.1078125
1 0.425 0.2359375 0.0734375 0.11953125
1 0.46015625 0.2953125 0.03125 0.0796875
1 0.49140625 0.21875 0.0734375 0.07421875
1 0.4875 0.16484375 0.0734375 0.06796875
1 0.53359375 0.184375 0.03828125 0.08515625
1 0.5125 0.096875 0.06640625 0.090625
1 0.55234375 0.05390625 0.04921875 0.05078125
1 0.46328125 0.10234375 0.0453125 0.10234375
1 0.4390625 0.06796875 0.03125 0.05703125
1 0.4265625 0.11953125 0.028125 0.0453125
1 0.41796875 0.1734375 0.059375 0.07421875
1 0.37734375 0.15078125 0.03515625 0.05078125
1 0.3984375 0.11640625 0.02109375 0.03984375
1 0.384375 0.19921875 0.03515625 0.05703125
1 0.34765625 0.18203125 0.06640625 0.06796875
1 0.3234375 0.2328125 0.06640625 0.11328125
1 0.253125 0.23828125 0.06640625 0.06796875
1 0.25859375 0.30390625 0.05625 0.07421875
1 0.25703125 0.375 0.059375 0.125
1 0.21015625 0.28984375 0.028125 0.06796875
1 0.2046875 0.34921875 0.059375 0.08515625
1 0.23046875 0.36953125 0.0765625 0.0796875
1 0.15546875 0.41796875 0.059375 0.03984375
1 0.175 0.340625 0.04921875 0.10234375
1 0.1484375 0.36953125 0.0453125 0.0796875
1 0.1 0.378125 0.059375 0.08515625
1 0.03671875 0.41171875 0.05234375 0.05078125