1 0.93046875 0.60859375 0.13203125 0.27734375
1 0.95703125 0.81953125 0.07890625 0.18046875
1 0.915625 0.93046875 0.16171875 0.1265625
1 0.84453125 0.75625 0.16484375 0.259375
1 0.9375 0.4125 0.11875 0.175
1 0.89609375 0.36171875 0.05625 0.1203125
1 0.8765625 0.38515625 0.0359375 0.10859375
1 0.821875 0.3828125 0.09921875 0.175
1 0.8296875 0.51171875 0.12890625 0.16875
1 0.81328125 0.6234375 0.09609375 0.090625
1 0.7125 0.60546875 0.1125 0.1625
1 0.75234375 0.88828125 0.1453125 0.2109375
1 0.63203125 0.90390625 0.12890625 0.18046875
1 0.63828125 0.73828125 0.1421875 0.22265625
1 0.7 0.4609375 0.0859375 0.11484375
1 0.74609375 0.421875 0.07265625 0.16875
1 0.7578125 0.2984375 0.04921875 0.090625
1 0.7015625 0.2984375 0.07578125 0.1265625
1 0.68515625 0.22265625 0.0359375 0.0359375
1 0.62734375 0.23203125 0.07265625 0.15078125
1 0.63359375 0.3734375 0.0921875 0.14453125
1 0.6203125 0.503125 0.0859375 0.1265625
1 0.584375 0.56953125 0.12578125 0.1625
1 0.5625 0.68984375 0.05625 0.06640625
1 0.51796875 0.81328125 0.10546875 0.16875
1 0.48828125 0.921875 0.19140625 0.14453125
1 0.28046875 0.89453125 0.21796875 0.1984375
1 0.0859375 0.8671875 0.1515625 0.253125
1 0.16640625 0.659375 0.12890625 0.246875
1 0.28203125 0.66875 0.15546875 0.26484375
1 0.39921875 0.76484375 0.12578125 0.22890625
1 0.04921875 0.6890625 0.0984375 0.246875
1 0.04609375 0.56328125 0.0921875 0.090625
1 0.16171875 0.51171875 0.13203125 0.14453125
1 0.28359375 0.509375 0.09921875 0.10234375
1 0.3546875 0.48515625 0.07578125 0.13828125
1 0.40625 0.59609375 0.0921875 0.15625
1 0.48671875 0.65078125 0.09609375 0.16875
1 0.51484375 0.51171875 0.07890625 0.10859375
1 0.559375 0.39765625 0.0890625 0.14453125
1 0.53828125 0.2953125 0.0859375 0.1203125
1 0.57421875 0.22890625 0.04609375 0.10859375
1 0.51328125 0.19609375 0.06953125 0.11484375
1 0.49375 0.40625 0.04921875 0.11484375
1 0.4375 0.509375 0.0828125 0.1265625
1 0.40390625 0.40390625 0.06953125 0.09609375
1 0.44375 0.340625 0.09609375 0.18671875
1 0.45078125 0.2046875 0.05625 0.09609375
1 0.39453125 0.18671875 0.04921875 0.10859375
1 0.36171875 0.259375 0.07578125 0.14453125
1 0.33515625 0.2078125 0.04296875 0.078125
1 0.27578125 0.2046875 0.07578125 0.084375
1 0.265625 0.2921875 0.0828125 0.1265625
1 0.30859375 0.3828125 0.0625 0.11484375
1 0.31328125 0.2859375 0.0328125 0.090625
1 0.26875 0.43359375 0.07578125 0.07265625
1 0.203125 0.40078125 0.0890625 0.10234375
1 0.15703125 0.3671875 0.06953125 0.084375
1 0.16796875 0.28046875 0.10546875 0.11484375
1 0.19140625 0.22265625 0.0859375 0.06015625
1 0.13828125 0.18984375 0.065625 0.078125
1 0.0875 0.2078125 0.05625 0.06640625
1 0.0890625 0.2953125 0.07265625 0.1203125
1 0.04140625 0.34921875 0.06953125 0.10859375
1 0.0296875 0.2921875 0.059375 0.175
1 0.03984375 0.4484375 0.07890625 0.13828125
1 0.1171875 0.43671875 0.07578125 0.13828125
1 0.9390625 0.14765625 0.05625 0.05390625
1 0.89921875 0.15078125 0.05625 0.0359375
1 0.91953125 0.0875 0.04921875 0.078125
1 0.86796875 0.09609375 0.053125 0.07265625
1 0.821875 0.1171875 0.0921875 0.11484375
1 0.759375 0.09375 0.053125 0.078125
1 0.81015625 0.0421875 0.07578125 0.084375
1 0.59375 0.0484375 0.10546875 0.09609375
1 0.45390625 0.0359375 0.07578125 0.02421875
1 0.21953125 0.075 0.0296875 0.0421875
1 0.25390625 0.06328125 0.03984375 0.05390625
1 0.296875 0.06328125 0.04609375 0.0421875
1 0.034375 0.1140625 0.06875 0.109375