1 0.9203125 0.7921875 0.1015625 0.13125
1 0.98359375 0.9046875 0.025 0.09296875
1 0.725 0.75703125 0.1234375 0.18046875
1 0.8171875 0.57890625 0.1125 0.13125
1 0.93828125 0.44296875 0.08671875 0.1859375
1 0.896875 0.33359375 0.19921875 0.1859375
1 0.91875 0.38515625 0.0546875 0.07109375
1 0.88046875 0.43984375 0.06484375 0.21328125
1 0.81484375 0.46171875 0.13046875 0.23515625
1 0.83671875 0.2625 0.18828125 0.21875
1 0.93984375 0.2484375 0.1125 0.07109375
1 0.8859375 0.16953125 0.22109375 0.1640625
1 0.74609375 0.1171875 0.13046875 0.16953125
1 0.7171875 0.2703125 0.09453125 0.21328125
1 0.74453125 0.38515625 0.06171875 0.14765625
1 0.7046875 0.521875 0.09765625 0.19140625
1 0.65390625 0.5984375 0.1046875 0.16953125
1 0.58359375 0.56015625 0.10859375 0.21328125
1 0.60703125 0.42890625 0.09765625 0.20234375
1 0.646875 0.3359375 0.06875 0.22421875
1 0.6234375 0.23515625 0.08671875 0.1640625
1 0.58671875 0.328125 0.17421875 0.1421875
1 0.52734375 0.27578125 0.0546875 0.06015625
1 0.44921875 0.16640625 0.13046875 0.13671875
1 0.56875 0.22109375 0.1234375 0.11484375
1 0.62109375 0.1421875 0.08359375 0.0765625
1 0.37890625 0.22109375 0.228125 0.14765625
1 0.30625 0.25390625 0.1265625 0.08203125
1 0.4 0.30078125 0.06171875 0.0984375
1 0.47109375 0.325 0.159375 0.13671875
1 0.4421875 0.42890625 0.10859375 0.16953125
1 0.5125 0.4453125 0.07578125 0.08203125
1 0.4765625 0.53515625 0.18515625 0.109375
1 0.5890625 0.57890625 0.09765625 0.175
1 0.5796875 0.6859375 0.1015625 0.11484375
1 0.50703125 0.653125 0.09453125 0.21328125
1 0.4203125 0.67734375 0.13046875 0.2515625
1 0.20078125 0.75703125 0.25 0.14765625
1 0.38984375 0.80078125 0.1265625 0.09296875
1 0.29375 0.89921875 0.45625 0.16953125
1 0.25 0.64453125 0.40546875 0.196875
1 0.04375 0.671875 0.0796875 0.1421875
1 0.04921875 0.5984375 0.09765625 0.12578125
1 0.1828125 0.5 0.3078125 0.15859375
1 0.1046875 0.37734375 0.09453125 0.109375
1 0.0671875 0.4671875 0.11953125 0.12578125
1 0.1828125 0.415625 0.1265625 0.2078125
1 0.25390625 0.44296875 0.05078125 0.109375
1 0.33515625 0.4265625 0.1125 0.2078125
1 0.284375 0.328125 0.07578125 0.1203125
1 0.35 0.27578125 0.06171875 0.11484375
1 0.49609375 0.30859375 0.08671875 0.10390625