1 0.38046875 0.8734375 0.3046875 0.2421875
1 0.8515625 0.12890625 0.25078125 0.2375
1 0.41875 0.175 0.28203125 0.28828125
1 0.63125 0.178125 0.1734375 0.23203125
1 0.38203125 0.5078125 0.19296875 0.28359375
1 0.57109375 0.53125 0.21640625 0.2265625
1 0.16015625 0.353125 0.3125 0.23203125
1 0.1640625 0.53359375 0.3125 0.18046875
1 0.0671875 0.71328125 0.134375 0.1390625
1 0.22421875 0.6859375 0.16953125 0.14453125
1 0.73515625 0.68046875 0.28984375 0.16484375
1 0.58515625 0.9046875 0.10390625 0.18046875
1 0.7609375 0.8609375 0.278125 0.26796875
1 0.79140625 0.96875 0.08515625 0.0515625