1 0.56328125 0.28984375 0.09453125 0.153125
1 0.63984375 0.35546875 0.109375 0.13125
1 0.63984375 0.459375 0.0875 0.175
1 0.7453125 0.50546875 0.109375 0.14765625
1 0.83984375 0.58203125 0.09453125 0.13671875
1 0.8421875 0.71015625 0.06875 0.1203125
1 0.74765625 0.73203125 0.1203125 0.153125
1 0.74921875 0.628125 0.09453125 0.0875
1 0.67421875 0.56796875 0.06875 0.153125
1 0.6234375 0.65859375 0.0984375 0.16953125
1 0.6578125 0.7734375 0.1234375 0.10390625
1 0.56171875 0.7296875 0.08359375 0.18046875
1 0.4984375 0.78671875 0.09453125 0.153125
1 0.421875 0.759375 0.065625 0.109375
1 0.334375 0.7703125 0.11640625 0.1421875
1 0.36875 0.66953125 0.0984375 0.07109375
1 0.43984375 0.65 0.0875 0.13125
1 0.4890625 0.609375 0.1125 0.16953125
1 0.53984375 0.5765625 0.03984375 0.04921875
1 0.565625 0.48125 0.08359375 0.153125
1 0.50390625 0.29765625 0.0546875 0.04921875
1 0.5 0.36328125 0.06875 0.10390625
1 0.14765625 0.51875 0.1203125 0.1203125
1 0.12578125 0.63671875 0.08359375 0.09296875
1 0.13984375 0.7484375 0.0984375 0.175
1 0.19609375 0.68046875 0.09453125 0.16953125
1 0.23671875 0.75390625 0.09453125 0.1203125
1 0.2875 0.6390625 0.1015625 0.1859375
1 0.3578125 0.5953125 0.090625 0.0984375
1 0.4453125 0.50234375 0.12734375 0.1859375
1 0.41484375 0.371875 0.11640625 0.1203125
1 0.409375 0.3140625 0.1125 0.09296875
1 0.334375 0.3796875 0.07265625 0.06015625
1 0.32734375 0.45390625 0.0796875 0.1421875
1 0.25625 0.45078125 0.090625 0.15859375