1 0.4390625 0.35234375 0.3 0.47890625
1 0.63671875 0.25703125 0.2421875 0.40859375
1 0.87890625 0.3015625 0.2359375 0.4375
1 0.88203125 0.65390625 0.22890625 0.31328125
1 0.88515625 0.86953125 0.221875 0.2484375
1 0.55546875 0.775 0.309375 0.4375
1 0.6765625 0.67734375 0.22890625 0.4203125
1 0.34375 0.76015625 0.25625 0.43203125
1 0.24765625 0.90546875 0.31953125 0.17734375
1 0.1046875 0.75703125 0.20859375 0.4734375
1 0.20234375 0.4203125 0.22890625 0.37890625
1 0.05859375 0.4015625 0.1171875 0.271875
1 0.13984375 0.12421875 0.259375 0.2484375
1 0.4 0.0765625 0.290625 0.153125
1 0.79453125 0.07421875 0.18828125 0.14765625
1 0.94921875 0.07109375 0.09453125 0.1421875