1 0.87890625 0.7765625 0.09296875 0.12734375
1 0.8265625 0.9359375 0.09296875 0.1171875
1 0.85078125 0.8671875 0.059375 0.08515625
1 0.7875 0.82421875 0.08203125 0.13828125
1 0.79296875 0.69140625 0.05625 0.12734375
1 0.8546875 0.69140625 0.075 0.1171875
1 0.87109375 0.60390625 0.078125 0.10078125
1 0.90859375 0.56640625 0.05625 0.06953125
1 0.84140625 0.55546875 0.078125 0.10078125
1 0.87109375 0.4734375 0.06328125 0.10625
1 0.8078125 0.48671875 0.05625 0.10078125
1 0.796875 0.37734375 0.07109375 0.1171875
1 0.85859375 0.34609375 0.08203125 0.1171875
1 0.77421875 0.26328125 0.078125 0.10078125
1 0.7390625 0.32734375 0.04453125 0.06953125
1 0.7296875 0.9625 0.05625 0.0640625
1 0.78515625 0.97890625 0.04140625 0.03203125
1 0.74453125 0.9203125 0.06328125 0.07421875
1 0.71796875 0.85390625 0.05625 0.090625
1 0.740625 0.76875 0.04140625 0.10078125
1 0.7296875 0.696875 0.07109375 0.10625
1 0.690625 0.78203125 0.0671875 0.13828125
1 0.68671875 0.60625 0.08203125 0.1171875
1 0.759375 0.56953125 0.06328125 0.1171875
1 0.80390625 0.5875 0.03359375 0.090625
1 0.70703125 0.5 0.07109375 0.09609375
1 0.7578125 0.465625 0.0671875 0.12265625
1 0.7296875 0.390625 0.05625 0.12265625
1 0.684375 0.303125 0.07109375 0.10625
1 0.69765625 0.24453125 0.059375 0.08515625
1 0.73125 0.19921875 0.075 0.0796875
1 0.69765625 0.125 0.05234375 0.06953125
1 0.6453125 0.09609375 0.0671875 0.07421875
1 0.5953125 0.0984375 0.0484375 0.06953125
1 0.6453125 0.1671875 0.08203125 0.0796875
1 0.7015625 0.20234375 0.02265625 0.0421875
1 0.61953125 0.21015625 0.11953125 0.11171875
1 0.61015625 0.321875 0.0859375 0.15390625
1 0.66796875 0.4171875 0.08203125 0.11171875
1 0.615625 0.4625 0.08203125 0.1171875
1 0.653125 0.515625 0.0375 0.0640625
1 0.59296875 0.56953125 0.1046875 0.14921875
1 0.65078125 0.66484375 0.07109375 0.1171875
1 0.690625 0.5984375 0.08203125 0.10078125
1 0.60234375 0.74765625 0.1234375 0.2078125
1 0.6328125 0.88046875 0.0859375 0.15390625
1 0.68125 0.94453125 0.06328125 0.10078125
1 0.60234375 0.965625 0.10078125 0.05859375
1 0.55234375 0.90390625 0.08203125 0.1171875
1 0.47421875 0.84296875 0.1265625 0.16484375
1 0.5203125 0.96796875 0.05625 0.053125
1 0.528125 0.74453125 0.0484375 0.1171875
1 0.53515625 0.63046875 0.06328125 0.12265625
1 0.5390625 0.4578125 0.10859375 0.14921875
1 0.54296875 0.3640625 0.0859375 0.090625
1 0.546875 0.303125 0.05625 0.053125
1 0.546875 0.25546875 0.0484375 0.053125
1 0.56875 0.18359375 0.078125 0.10078125
1 0.5484375 0.1140625 0.0375 0.05859375
1 0.51640625 0.0984375 0.04140625 0.04765625
1 0.4703125 0.0640625 0.05234375 0.053125
1 0.40859375 0.0640625 0.06328125 0.08515625
1 0.36015625 0.0796875 0.05625 0.08515625
1 0.3265625 0.0984375 0.0484375 0.0375
1 0.27265625 0.11953125 0.0671875 0.090625
1 0.3171875 0.15703125 0.075 0.0796875
1 0.28359375 0.21796875 0.0671875 0.07421875
1 0.23125 0.1890625 0.075 0.0796875
1 0.17734375 0.2234375 0.0484375 0.03203125
1 0.14140625 0.26875 0.059375 0.04765625
1 0.2125 0.26875 0.11171875 0.06953125
1 0.1640625 0.34609375 0.0671875 0.12734375
1 0.21796875 0.36171875 0.04140625 0.09609375
1 0.1171875 0.3484375 0.03359375 0.06953125
1 0.065625 0.43046875 0.07109375 0.10625
1 0.1234375 0.4578125 0.096875 0.12734375
1 0.203125 0.46015625 0.078125 0.11171875
1 0.0390625 0.534375 0.078125 0.11171875
1 0.10859375 0.553125 0.075 0.07421875
1 0.1734375 0.5375 0.0484375 0.0640625
1 0.23125 0.553125 0.08984375 0.12734375
1 0.14140625 0.63046875 0.096875 0.15390625
1 0.08359375 0.62734375 0.05625 0.10625
1 0.0296875 0.6359375 0.059375 0.11171875
1 0.03203125 0.73671875 0.06328125 0.10078125
1 0.0875 0.7390625 0.10078125 0.1171875
1 0.16953125 0.72109375 0.078125 0.12265625
1 0.22578125 0.69921875 0.10078125 0.1328125
1 0.2578125 0.62265625 0.1046875 0.1171875
1 0.31875 0.5640625 0.05625 0.07421875
1 0.3359375 0.6890625 0.0671875 0.10078125
1 0.309375 0.78203125 0.1046875 0.13828125
1 0.3265625 0.87734375 0.10078125 0.10625
1 0.32265625 0.9546875 0.05625 0.0796875
1 0.39375 0.928125 0.0859375 0.11171875
1 0.4515625 0.94921875 0.1046875 0.090625
1 0.41015625 0.7921875 0.08984375 0.159375
1 0.45546875 0.696875 0.11171875 0.13828125
1 0.2515625 0.9578125 0.0859375 0.07421875
1 0.25546875 0.89609375 0.06328125 0.090625
1 0.2390625 0.81953125 0.059375 0.10625
1 0.18125 0.8484375 0.10078125 0.14375
1 0.1546875 0.94140625 0.07109375 0.10625
1 0.15703125 0.9390625 0.11171875 0.10078125
1 0.09921875 0.840625 0.0859375 0.13828125
1 0.06328125 0.93359375 0.08203125 0.12265625
1 0.04140625 0.84609375 0.04453125 0.08515625
1 0.3953125 0.6328125 0.1046875 0.14921875
1 0.47734375 0.5453125 0.096875 0.15390625
1 0.43828125 0.39609375 0.115625 0.16484375
1 0.37890625 0.5 0.115625 0.14921875
1 0.3078125 0.465625 0.115625 0.17578125
1 0.259375 0.3640625 0.10078125 0.15390625
1 0.36015625 0.3140625 0.115625 0.159375
1 0.3453125 0.21015625 0.02578125 0.06953125
1 0.403125 0.2078125 0.1046875 0.12734375
1 0.48515625 0.2578125 0.096875 0.1328125
1 0.45703125 0.12734375 0.04140625 0.0640625
1 0.49609375 0.16484375 0.08984375 0.09609375
1 0.403125 0.125 0.059375 0.05859375