1 0.45625 0.16484375 0.384375 0.25390625
1 0.6171875 0.2296875 0.2453125 0.2109375
1 0.7640625 0.18125 0.18671875 0.14609375
1 0.7546875 0.4296875 0.3078125 0.2109375
1 0.734375 0.6 0.253125 0.19453125
1 0.88671875 0.55703125 0.12421875 0.11875
1 0.8734375 0.6671875 0.171875 0.14609375
1 0.6796875 0.71875 0.28203125 0.2484375
1 0.76953125 0.79453125 0.33671875 0.140625
1 0.4765625 0.72421875 0.3 0.31328125
1 0.25078125 0.74609375 0.2453125 0.22734375
1 0.41796875 0.821875 0.1171875 0.11875
1 0.2640625 0.52421875 0.2125 0.421875
1 0.37890625 0.52734375 0.14296875 0.2328125
1 0.11875 0.41640625 0.2015625 0.4
1 0.26171875 0.421875 0.31875 0.4
1 0.4890625 0.4625 0.9265625 0.8375