1 0.77109375 0.72421875 0.146875 0.15078125
1 0.70703125 0.784375 0.2046875 0.2265625
1 0.2109375 0.63984375 0.2265625 0.284375
1 0.44453125 0.821875 0.30234375 0.284375
1 0.48203125 0.76640625 0.2625 0.1734375
1 0.5265625 0.6890625 0.1734375 0.16015625
1 0.38671875 0.6 0.13359375 0.16875
1 0.50703125 0.45546875 0.23984375 0.24453125
1 0.6 0.52890625 0.221875 0.16875
1 0.6578125 0.53984375 0.18671875 0.15546875
1 0.69296875 0.56875 0.221875 0.23984375
1 0.6640625 0.415625 0.1640625 0.1640625
1 0.6734375 0.321875 0.19140625 0.10234375
1 0.65546875 0.3421875 0.21796875 0.221875
1 0.66015625 0.2265625 0.2265625 0.09765625
1 0.6046875 0.1375 0.32890625 0.1953125
1 0.47578125 0.24921875 0.1421875 0.18671875
1 0.40859375 0.2375 0.07109375 0.29765625
1 0.378125 0.27578125 0.0890625 0.3203125
1 0.37109375 0.12421875 0.18203125 0.04453125
1 0.2 0.115625 0.16015625 0.16875
1 0.2796875 0.221875 0.15078125 0.15078125
1 0.23984375 0.284375 0.2578125 0.10703125
1 0.321875 0.4109375 0.1203125 0.19140625
1 0.21328125 0.4046875 0.16015625 0.1953125