1 0.1875 0.4234375 0.375 0.30078125
1 0.48046875 0.54921875 0.403125 0.18203125
1 0.13359375 0.5875 0.2671875 0.18203125
1 0.14765625 0.721875 0.2953125 0.12265625
1 0.53125 0.3546875 0.3125 0.1921875
1 0.79296875 0.22578125 0.3125 0.2484375
1 0.9546875 0.2328125 0.0796875 0.178125
1 0.88671875 0.0703125 0.215625 0.13984375
1 0.65 0.0765625 0.3 0.153125
1 0.46875 0.20078125 0.32421875 0.17109375
1 0.22421875 0.2375 0.403125 0.175
1 0.1703125 0.14140625 0.25 0.13671875
1 0.3921875 0.0734375 0.26171875 0.146875