1 0.84453125 0.74765625 0.303125 0.49453125
1 0.96875 0.96171875 0.0546875 0.06484375
1 0.65703125 0.88828125 0.27734375 0.21171875
1 0.70625 0.59765625 0.2296875 0.39140625
1 0.9 0.39140625 0.19375 0.34765625
1 0.92890625 0.11953125 0.13515625 0.2390625
1 0.68046875 0.25 0.259375 0.36953125
1 0.7296875 0.04921875 0.2625 0.09765625
1 0.50703125 0.06015625 0.23359375 0.11953125
1 0.32109375 0.21484375 0.2921875 0.353125
1 0.4984375 0.68203125 0.3609375 0.56015625
1 0.36328125 0.5953125 0.2078125 0.4078125
1 0.35390625 0.91328125 0.3359375 0.16328125
1 0.184375 0.5078125 0.3171875 0.45078125
1 0.11328125 0.81796875 0.2265625 0.353125
1 0.034375 0.48125 0.06875 0.353125
1 0.02578125 0.040625 0.05078125 0.08125