1 0.4890625 0.53515625 0.2 0.1859375
1 0.6796875 0.54375 0.24765625 0.19140625
1 0.7109375 0.44296875 0.20703125 0.2078125
1 0.534375 0.346875 0.334375 0.18046875
1 0.6671875 0.28125 0.12734375 0.12578125
1 0.55625 0.23203125 0.1234375 0.08203125
1 0.4671875 0.240625 0.1421875 0.2625
1 0.34375 0.2515625 0.1203125 0.1421875
1 0.3125 0.31953125 0.18203125 0.19140625
1 0.33125 0.4890625 0.11640625 0.20234375
1 0.409375 0.69921875 0.178125 0.2625
1 0.534375 0.57890625 0.7421875 0.74296875
1 0.090625 0.49921875 0.18125 0.5078125
1 0.1890625 0.67734375 0.1453125 0.21875
1 0.12734375 0.75703125 0.2546875 0.16953125
1 0.15234375 0.625 0.3046875 0.69375