1 0.19609375 0.65625 0.10234375 0.15625
1 0.121875 0.61953125 0.0453125 0.08359375
1 0.09296875 0.7265625 0.06484375 0.06796875
1 0.04921875 0.6484375 0.06875 0.05703125
1 0.31171875 0.15625 0.36484375 0.3125
1 0.39921875 0.28359375 0.334375 0.390625
1 0.3140625 0.40625 0.0265625 0.10390625
1 0.27734375 0.41640625 0.0453125 0.09375
1 0.26015625 0.44765625 0.0421875 0.0625
1 0.296875 0.47421875 0.03828125 0.05234375
1 0.2015625 0.16953125 0.06875 0.046875
1 0.16171875 0.20859375 0.06484375 0.05234375
1 0.19609375 0.23203125 0.05703125 0.06796875
1 0.16953125 0.2734375 0.034375 0.05703125
1 0.19765625 0.29140625 0.02265625 0.0625
1 0.4828125 0.11171875 0.02265625 0.03671875
1 0.5171875 0.109375 0.03828125 0.05234375
1 0.7203125 0.17734375 0.05703125 0.04140625
1 0.8421875 0.18515625 0.17109375 0.078125
1 0.95234375 0.23203125 0.0875 0.09921875
1 0.93515625 0.25546875 0.06875 0.09375
1 0.7984375 0.2421875 0.06875 0.08828125
1 0.69609375 0.2890625 0.121875 0.11953125
1 0.7109375 0.21640625 0.121875 0.03671875
1 0.55546875 0.28359375 0.08359375 0.08828125
1 0.62578125 0.2578125 0.06484375 0.078125
1 0.509375 0.31796875 0.07578125 0.05234375
1 0.51171875 0.36484375 0.1328125 0.08359375
1 0.52265625 0.5390625 0.12578125 0.078125
1 0.5421875 0.6328125 0.1859375 0.21328125
1 0.95078125 0.71328125 0.09140625 0.125
1 0.878125 0.81796875 0.2359375 0.27109375
1 0.94296875 0.88828125 0.10625 0.16171875
1 0.85 0.93515625 0.12578125 0.06796875
1 0.84765625 0.85703125 0.1671875 0.140625
1 0.90859375 0.75546875 0.175 0.14609375
1 0.71484375 0.84921875 0.14453125 0.17734375
1 0.80390625 0.72890625 0.22421875 0.11484375
1 0.81171875 0.68515625 0.16328125 0.16171875
1 0.92421875 0.59921875 0.14453125 0.09375
1 0.93359375 0.50546875 0.12578125 0.125
1 0.8671875 0.52890625 0.1140625 0.078125
1 0.63125 0.81796875 0.0453125 0.15625
1 0.65390625 0.640625 0.1140625 0.27109375
1 0.62578125 0.70859375 0.05703125 0.11484375
1 0.571875 0.703125 0.05703125 0.1875
1 0.5609375 0.80703125 0.10234375 0.0625
1 0.7296875 0.54140625 0.159375 0.17734375
1 0.80390625 0.51015625 0.0953125 0.16640625
1 0.84375 0.44296875 0.09140625 0.08359375
1 0.94296875 0.38515625 0.10625 0.13515625
1 0.91796875 0.32265625 0.15625 0.09375
1 0.790625 0.39609375 0.296875 0.125
1 0.62734375 0.37734375 0.121875 0.078125
1 0.684375 0.4296875 0.175 0.078125
1 0.46796875 0.47109375 0.13671875 0.078125
1 0.69765625 0.55703125 0.596875 0.82265625