1 0.81484375 0.634375 0.36328125 0.55703125
1 0.95 0.9046875 0.09296875 0.18046875
1 0.65625 0.9046875 0.3859375 0.18046875
1 0.38984375 0.7265625 0.35546875 0.4640625
1 0.26796875 0.95625 0.28984375 0.07734375
1 0.11015625 0.76015625 0.2203125 0.4484375
1 0.16640625 0.3734375 0.33203125 0.45859375
1 0.08828125 0.115625 0.1765625 0.23125
1 0.33203125 0.1265625 0.30078125 0.25234375
1 0.54453125 0.33515625 0.39375 0.515625
1 0.853125 0.1984375 0.278125 0.38671875
1 0.640625 0.07734375 0.2703125 0.1546875