1 0.95 0.57578125 0.09140625 0.25546875
1 0.98828125 0.83046875 0.015625 0.13046875
1 0.97734375 0.39296875 0.03828125 0.15078125
1 0.871875 0.43984375 0.1796875 0.24453125
1 0.80546875 0.328125 0.15234375 0.1875
1 0.6625 0.52109375 0.18671875 0.26015625
1 0.559375 0.42421875 0.1640625 0.22421875
1 0.53984375 0.71640625 0.20234375 0.30703125
1 0.3109375 0.70859375 0.225 0.30234375
1 0.3453125 0.44765625 0.225 0.20859375
1 0.30703125 0.38515625 0.1796875 0.22890625
1 0.38203125 0.2734375 0.17578125 0.171875
1 0.52109375 0.23671875 0.14140625 0.171875
1 0.4578125 0.10703125 0.1375 0.140625
1 0.36640625 0.16171875 0.1296875 0.125
1 0.32265625 0.0625 0.11796875 0.125
1 0.1734375 0.1015625 0.12578125 0.140625
1 0.171875 0.23671875 0.22109375 0.13046875
1 0.14140625 0.03125 0.10703125 0.0625
1 0.78046875 0.0390625 0.103125 0.078125
1 0.73671875 0.09609375 0.190625 0.09921875
1 0.8671875 0.04921875 0.08125 0.0984375
1 0.71015625 0.03359375 0.0609375 0.0671875
1 0.47421875 0.01796875 0.1328125 0.0359375