1 0.89296875 0.109375 0.20625 0.21796875
1 0.89140625 0.36171875 0.209375 0.234375
1 0.89296875 0.609375 0.20625 0.22890625
1 0.90625 0.87265625 0.1796875 0.24453125
1 0.63828125 0.61171875 0.28828125 0.24453125
1 0.64453125 0.35390625 0.284375 0.2390625
1 0.60703125 0.1140625 0.12734375 0.11171875
1 0.58515625 0.02890625 0.1390625 0.0578125
1 0.6890625 0.0453125 0.1125 0.090625
1 0.72109375 0.10078125 0.10078125 0.09609375
1 0.5390625 0.1171875 0.08203125 0.07421875
1 0.52421875 0.17578125 0.0453125 0.053125
1 0.58984375 0.18359375 0.10859375 0.05859375
1 0.6703125 0.178125 0.0671875 0.06953125
1 0.74140625 0.1515625 0.08203125 0.10078125
1 0.5859375 0.86171875 0.09375 0.053125
1 0.67265625 0.89375 0.0859375 0.0640625
1 0.76953125 0.85078125 0.04140625 0.10625
1 0.725 0.8640625 0.05625 0.12265625
1 0.753125 0.9625 0.06015625 0.0640625
1 0.690625 0.9546875 0.0859375 0.0796875
1 0.5296875 0.909375 0.06328125 0.08515625
1 0.64765625 0.875 0.2921875 0.2390625
1 0.35234375 0.875 0.2921875 0.2390625
1 0.09765625 0.109375 0.19453125 0.21796875
1 0.36171875 0.10625 0.265625 0.2125
1 0.47734375 0.36953125 0.03359375 0.12265625
1 0.46640625 0.2765625 0.05625 0.0640625
1 0.2625 0.28203125 0.08203125 0.0640625
1 0.23984375 0.41484375 0.06015625 0.12734375
1 0.44921875 0.4390625 0.08203125 0.0796875
1 0.3875 0.3484375 0.05625 0.11171875
1 0.31640625 0.3640625 0.06328125 0.090625
1 0.35546875 0.34296875 0.0375 0.0796875
1 0.37109375 0.4390625 0.0453125 0.0796875
1 0.35234375 0.359375 0.27734375 0.22890625
1 0.34609375 0.5640625 0.0484375 0.07421875
1 0.3859375 0.5265625 0.0453125 0.053125
1 0.43828125 0.53984375 0.0671875 0.06953125
1 0.4734375 0.61171875 0.03359375 0.0640625
1 0.48125 0.55078125 0.01875 0.090625
1 0.434375 0.60625 0.0453125 0.0640625
1 0.415625 0.55859375 0.0375 0.0421875
1 0.3859375 0.60625 0.06015625 0.0640625
1 0.3875 0.65703125 0.05625 0.05859375
1 0.3859375 0.69921875 0.0671875 0.0375
1 0.44765625 0.69140625 0.04140625 0.0640625
1 0.47578125 0.678125 0.0453125 0.0796875
1 0.340625 0.61171875 0.05234375 0.07421875
1 0.25078125 0.52890625 0.0375 0.05859375
1 0.27734375 0.55546875 0.0375 0.06953125
1 0.31484375 0.5265625 0.0453125 0.0640625
1 0.29765625 0.5984375 0.04140625 0.06953125
1 0.3390625 0.6140625 0.0484375 0.05859375
1 0.2625 0.609375 0.06015625 0.05859375
1 0.253125 0.64921875 0.0484375 0.053125
1 0.24921875 0.69453125 0.05625 0.05859375
1 0.2828125 0.6890625 0.03359375 0.0796875
1 0.3125 0.678125 0.04140625 0.0796875
1 0.0953125 0.36171875 0.190625 0.234375
1 0.10703125 0.6171875 0.21328125 0.25546875
1 0.0953125 0.875 0.190625 0.2390625