1 0.478125 0.6109375 0.315625 0.29765625
1 0.5359375 0.70859375 0.20859375 0.1109375
1 0.7578125 0.64921875 0.27109375 0.18671875
1 0.90859375 0.5890625 0.146875 0.15546875
1 0.92890625 0.50234375 0.13359375 0.2578125
1 0.7421875 0.50703125 0.2578125 0.12421875
1 0.6 0.4375 0.26640625 0.19140625
1 0.60859375 0.40703125 0.0796875 0.1109375
1 0.80234375 0.378125 0.1734375 0.178125
1 0.9421875 0.27578125 0.10703125 0.23125
1 0.73125 0.24921875 0.084375 0.15078125
1 0.6421875 0.24921875 0.1109375 0.18671875
1 0.7578125 0.1953125 0.24453125 0.178125
1 0.76640625 0.0890625 0.07578125 0.0796875
1 0.56015625 0.1796875 0.09765625 0.084375
1 0.546875 0.30234375 0.21328125 0.1953125
1 0.4359375 0.36015625 0.0890625 0.0796875
1 0.446875 0.421875 0.06640625 0.053125
1 0.36015625 0.5046875 0.21328125 0.1640625
1 0.32421875 0.353125 0.284375 0.253125
1 0.20703125 0.315625 0.09296875 0.16015625
1 0.1359375 0.284375 0.1109375 0.178125
1 0.2625 0.16015625 0.221875 0.16875
1 0.4265625 0.16015625 0.12421875 0.16015625
1 0.54921875 0.13984375 0.1375 0.1734375
1 0.678125 0.10234375 0.12890625 0.115625
1 0.7046875 0.0375 0.0578125 0.06640625
1 0.62890625 0.0265625 0.084375 0.053125
1 0.51015625 0.0375 0.1515625 0.075
1 0.36640625 0.01328125 0.1375 0.0265625
1 0.3953125 0.053125 0.178125 0.0890625
1 0.215625 0.0359375 0.10234375 0.07109375
1 0.3421875 0.05546875 0.1953125 0.10234375
1 0.084375 0.0625 0.09765625 0.04453125
1 0.078125 0.15546875 0.0578125 0.10703125
1 0.1578125 0.14453125 0.1375 0.1109375
1 0.5109375 0.3796875 0.96875 0.759375