1 0.85625 0.83046875 0.2796875 0.328125
1 0.821875 0.68828125 0.34921875 0.61171875
1 0.85234375 0.4921875 0.17109375 0.30625
1 0.92890625 0.47265625 0.134375 0.6609375
1 0.97265625 0.66953125 0.04765625 0.27890625
1 0.7890625 0.19140625 0.1890625 0.284375
1 0.921875 0.0953125 0.14921875 0.18046875
1 0.85546875 0.03515625 0.1640625 0.0703125
1 0.73046875 0.02421875 0.0953125 0.0484375
1 0.59921875 0.19921875 0.2109375 0.3984375
1 0.565625 0.0765625 0.15625 0.153125
1 0.44375 0.15 0.1890625 0.23515625
1 0.37734375 0.04609375 0.2265625 0.0921875
1 0.621875 0.39609375 0.2109375 0.25703125
1 0.61796875 0.66953125 0.2546875 0.37734375
1 0.5796875 0.84453125 0.33828125 0.30078125
1 0.3328125 0.7265625 0.16328125 0.284375
1 0.42578125 0.7375 0.24765625 0.459375
1 0.1875 0.7265625 0.18515625 0.284375
1 0.09453125 0.55703125 0.1890625 0.35
1 0.17109375 0.85 0.334375 0.28984375
1 0.07109375 0.36328125 0.1421875 0.33359375
1 0.2109375 0.346875 0.2765625 0.5515625
1 0.234375 0.15546875 0.18515625 0.24609375
1 0.1671875 0.1203125 0.16015625 0.240625