1 0.5015625 0.37421875 0.21484375 0.34140625
1 0.82109375 0.31171875 0.20546875 0.33515625
1 0.73359375 0.50625 0.15546875 0.1859375
1 0.75625 0.79375 0.1953125 0.365625
1 0.6078125 0.8625 0.18203125 0.26328125
1 0.48828125 0.70390625 0.20859375 0.3171875
1 0.6046875 0.56875 0.115625 0.2515625
1 0.6359375 0.27578125 0.15859375 0.31171875
1 0.4953125 0.1046875 0.2546875 0.209375
1 0.4453125 0.27265625 0.115625 0.1859375
1 0.29140625 0.3171875 0.1921875 0.2875
1 0.3875 0.578125 0.17890625 0.3171875
1 0.26171875 0.79921875 0.21171875 0.353125
1 0.42578125 0.87421875 0.1625 0.23984375