1 0.578125 0.71875 0.3421875 0.46484375
1 0.82578125 0.4453125 0.21796875 0.69375
1 0.834375 0.35234375 0.23671875 0.5296875
1 0.7203125 0.109375 0.1890625 0.21875
1 0.621875 0.32265625 0.1890625 0.4921875
1 0.47109375 0.35 0.21484375 0.66640625
1 0.38203125 0.56015625 0.21796875 0.540625
1 0.26328125 0.671875 0.29453125 0.64453125
1 0.1421875 0.64453125 0.18203125 0.54609375
1 0.28359375 0.29765625 0.18203125 0.31171875
1 0.31484375 0.08203125 0.27265625 0.1640625
1 0.40703125 0.09296875 0.15234375 0.1421875