1 0.890625 0.890625 0.2109375 0.2078125
1 0.87109375 0.67734375 0.134375 0.21875
1 0.96328125 0.71015625 0.065625 0.1640625
1 0.96171875 0.803125 0.06875 0.0765625
1 0.95078125 0.54921875 0.090625 0.18046875
1 0.93828125 0.434375 0.09453125 0.11484375
1 0.98359375 0.4015625 0.02578125 0.13671875
1 0.86171875 0.28984375 0.16015625 0.2078125
1 0.92734375 0.35546875 0.0796875 0.109375
1 0.97265625 0.27578125 0.04765625 0.15859375
1 0.921875 0.22421875 0.1125 0.1640625
1 0.98359375 0.07109375 0.02578125 0.1421875
1 0.8125 0.2046875 0.0984375 0.08203125
1 0.76875 0.04921875 0.1203125 0.0984375
1 0.6375 0.08984375 0.15 0.1796875
1 0.70703125 0.22109375 0.12734375 0.19140625
1 0.76875 0.346875 0.090625 0.15859375
1 0.7453125 0.51640625 0.109375 0.16953125
1 0.84921875 0.4890625 0.1203125 0.19140625
1 0.7671875 0.67734375 0.1015625 0.196875
1 0.7671875 0.84453125 0.09453125 0.16953125
1 0.76171875 0.96171875 0.0546875 0.065625
1 0.6890625 0.86875 0.1203125 0.1859375
1 0.6890625 0.97578125 0.1125 0.03828125
1 0.678125 0.7703125 0.0765625 0.065625
1 0.68203125 0.67734375 0.06875 0.1640625
1 0.64375 0.5734375 0.109375 0.175
1 0.6765625 0.40703125 0.11640625 0.20234375
1 0.6421875 0.3390625 0.08359375 0.109375
1 0.6671875 0.2484375 0.06171875 0.11484375
1 0.565625 0.24609375 0.12734375 0.1640625
1 0.56328125 0.346875 0.065625 0.07109375
1 0.56875 0.4921875 0.1203125 0.21875
1 0.578125 0.72421875 0.1671875 0.21328125
1 0.59609375 0.89375 0.109375 0.18046875
1 0.56328125 0.96171875 0.0875 0.065625
1 0.50703125 0.86640625 0.0984375 0.14765625
1 0.41796875 0.696875 0.13828125 0.15859375
1 0.4796875 0.628125 0.13125 0.2078125
1 0.47265625 0.5078125 0.065625 0.0765625
1 0.490625 0.39921875 0.11640625 0.1640625
1 0.46875 0.2703125 0.0578125 0.11484375
1 0.50546875 0.13671875 0.1671875 0.1640625
1 0.42890625 0.10625 0.1671875 0.18046875
1 0.4171875 0.01328125 0.09375 0.0265625
1 0.53125 0.0109375 0.0796875 0.021875
1 0.31640625 0.03828125 0.109375 0.0765625
1 0.29609375 0.13671875 0.1203125 0.13125
1 0.33125 0.28125 0.1234375 0.21328125
1 0.40703125 0.28671875 0.109375 0.18046875
1 0.36875 0.4921875 0.15625 0.2515625
1 0.36875 0.6171875 0.08359375 0.0765625
1 0.3015625 0.72109375 0.109375 0.153125
1 0.3234375 0.87734375 0.13828125 0.18046875
1 0.43828125 0.93203125 0.14921875 0.12578125
1 0.30703125 0.97578125 0.10546875 0.03828125
1 0.20390625 0.91015625 0.1234375 0.16953125
1 0.25078125 0.825 0.05078125 0.065625
1 0.07265625 0.87734375 0.13125 0.18046875
1 0.121875 0.9671875 0.08359375 0.0546875
1 0.01484375 0.8359375 0.02890625 0.1640625
1 0.06171875 0.71875 0.1234375 0.15859375
1 0.2328125 0.7265625 0.0796875 0.1421875
1 0.19296875 0.60625 0.09453125 0.153125
1 0.27109375 0.55703125 0.1125 0.1640625
1 0.0984375 0.5765625 0.109375 0.19140625
1 0.2109375 0.39609375 0.13125 0.20234375
1 0.1890625 0.52421875 0.07265625 0.065625
1 0.121875 0.41796875 0.06875 0.15859375
1 0.0453125 0.47265625 0.090625 0.11484375
1 0.01484375 0.57890625 0.02890625 0.109375
1 0.03984375 0.5734375 0.03671875 0.109375
1 0.02578125 0.34453125 0.05078125 0.1421875
1 0.065625 0.33046875 0.0875 0.20234375
1 0.11484375 0.2921875 0.04765625 0.15859375
1 0.15625 0.12578125 0.1671875 0.2515625
1 0.2328125 0.22109375 0.1015625 0.09296875
1 0.21796875 0.31953125 0.1234375 0.10390625
1 0.1671875 0.04921875 0.20390625 0.0984375
1 0.03828125 0.04375 0.0765625 0.0875
1 0.05234375 0.16875 0.1046875 0.21875