1 0.56875 0.79375 0.36015625 0.2609375
1 0.4234375 0.72578125 0.03984375 0.06015625
1 0.38515625 0.69296875 0.0578125 0.0921875
1 0.34765625 0.728125 0.04765625 0.07578125
1 0.3765625 0.77421875 0.06875 0.08125
1 0.3765625 0.8671875 0.0984375 0.103125
1 0.69609375 0.33671875 0.0765625 0.10859375
1 0.68203125 0.41875 0.090625 0.06484375
1 0.6203125 0.41328125 0.03984375 0.04375
1 0.61484375 0.375 0.02890625 0.0328125
1 0.58203125 0.39921875 0.03671875 0.04921875
1 0.565625 0.43203125 0.0328125 0.01640625
1 0.5453125 0.41015625 0.02890625 0.03828125
1 0.56328125 0.37734375 0.03671875 0.02734375
1 0.65234375 0.26875 0.1421875 0.18984375
1 0.68203125 0.2390625 0.16328125 0.228125
1 0.58203125 0.26640625 0.09453125 0.07578125
1 0.54921875 0.21171875 0.04375 0.15234375
1 0.5875 0.31484375 0.06875 0.08671875
1 0.50546875 0.3453125 0.109375 0.125
1 0.509375 0.16328125 0.19609375 0.2390625
1 0.42734375 0.25234375 0.090625 0.125
1 0.3546875 0.29921875 0.15625 0.16328125
1 0.46015625 0.38828125 0.0984375 0.103125
1 0.40703125 0.40234375 0.05078125 0.06484375
1 0.35625 0.375 0.0796875 0.08671875
1 0.33671875 0.41328125 0.08359375 0.04375
1 0.33828125 0.16328125 0.03671875 0.17421875
1 0.36875 0.1875 0.02578125 0.08125
1 0.32734375 0.1578125 0.021875 0.18515625
1 0.32734375 0.1984375 0.04375 0.125
1 0.3125 0.21171875 0.04375 0.10859375