1 0.115625 0.7296875 0.22421875 0.4828125
1 0.3171875 0.7125 0.20703125 0.56328125
1 0.29453125 0.34765625 0.2515625 0.2703125
1 0.42734375 0.29921875 0.15859375 0.31015625
1 0.12578125 0.3765625 0.23125 0.36171875
1 0.0859375 0.67421875 0.171875 0.5796875
1 0.6015625 0.6296875 0.37578125 0.7296875
1 0.48828125 0.18125 0.36875 0.36171875
1 0.33984375 0.15546875 0.134375 0.29921875
1 0.73125 0.1953125 0.1171875 0.1609375
1 0.85859375 0.1265625 0.27578125 0.253125
1 0.8484375 0.53125 0.296875 0.925