1 0.88203125 0.8796875 0.22890625 0.228125
1 0.9390625 0.66953125 0.11640625 0.42578125
1 0.93515625 0.33671875 0.12265625 0.33984375
1 0.86328125 0.1328125 0.2484375 0.265625
1 0.77421875 0.45078125 0.2 0.3828125
1 0.53203125 0.478125 0.23203125 0.45078125
1 0.68359375 0.75 0.23203125 0.41328125
1 0.66640625 0.975 0.12578125 0.03671875
1 0.61953125 0.3703125 0.11640625 0.33359375
1 0.67578125 0.1484375 0.16484375 0.29609375
1 0.503125 0.17578125 0.18671875 0.265625
1 0.53203125 0.05546875 0.1609375 0.1109375
1 0.403125 0.03984375 0.109375 0.0796875
1 0.3953125 0.1390625 0.11328125 0.240625
1 0.33046875 0.3484375 0.08671875 0.21640625
1 0.3984375 0.4046875 0.16484375 0.30234375
1 0.296875 0.728125 0.27734375 0.51875
1 0.4609375 0.81484375 0.2390625 0.3578125
1 0.16953125 0.93828125 0.17734375 0.1109375
1 0.04375 0.92265625 0.08671875 0.1421875
1 0.08671875 0.67890625 0.16796875 0.32109375
1 0.17734375 0.40703125 0.2390625 0.41953125
1 0.26953125 0.15703125 0.1578125 0.30234375
1 0.18515625 0.1015625 0.0546875 0.203125
1 0.08046875 0.0953125 0.1609375 0.190625
1 0.096875 0.275 0.1546875 0.253125
1 0.009375 0.2921875 0.01875 0.253125