1 0.84453125 0.521875 0.08125 0.1078125
1 0.85546875 0.61796875 0.06640625 0.075
1 0.73359375 0.47578125 0.11875 0.18828125
1 0.73671875 0.6640625 0.1109375 0.18828125
1 0.6015625 0.4921875 0.10703125 0.16640625
1 0.5984375 0.65859375 0.10703125 0.15625
1 0.471875 0.4890625 0.11484375 0.1609375
1 0.47578125 0.64765625 0.10703125 0.15625
1 0.33515625 0.48671875 0.11484375 0.16640625
1 0.33671875 0.65078125 0.1109375 0.171875
1 0.18671875 0.4515625 0.14453125 0.22578125
1 0.190625 0.68046875 0.1515625 0.2203125