1 0.9640625 0.87421875 0.06328125 0.17109375
1 0.6875 0.871875 0.18203125 0.15546875
1 0.84765625 0.8265625 0.29609375 0.21640625
1 0.0609375 0.859375 0.11484375 0.2109375
1 0.0828125 0.74140625 0.1578125 0.1359375
1 0.053125 0.60078125 0.0984375 0.15546875
1 0.178125 0.61796875 0.165625 0.13046875
1 0.2921875 0.5953125 0.1421875 0.12578125
1 0.4109375 0.58828125 0.11875 0.13046875
1 0.45625 0.48984375 0.090625 0.165625
1 0.38359375 0.4296875 0.07890625 0.08515625
1 0.39296875 0.33671875 0.075 0.10078125
1 0.29609375 0.45 0.09453125 0.08515625
1 0.34609375 0.53515625 0.12265625 0.0953125
1 0.18203125 0.39921875 0.165625 0.2359375
1 0.1484375 0.54296875 0.15390625 0.090625
1 0.05703125 0.42734375 0.10703125 0.20078125
1 0.6046875 0.6328125 0.08671875 0.10078125
1 0.53359375 0.54296875 0.06328125 0.08046875
1 0.54765625 0.4953125 0.059375 0.0453125
1 0.4921875 0.63046875 0.0671875 0.0953125
1 0.5375 0.6484375 0.05546875 0.10078125
1 0.49375 0.75390625 0.05546875 0.05
1 0.47421875 0.69375 0.07890625 0.05
1 0.42265625 0.65546875 0.05546875 0.0453125
1 0.38515625 0.70859375 0.19375 0.18125
1 0.3046875 0.76875 0.1578125 0.18125
1 0.23515625 0.87421875 0.2328125 0.24140625
1 0.46015625 0.896875 0.28828125 0.17578125
1 0.871875 0.6859375 0.24921875 0.15546875
1 0.70390625 0.43984375 0.15 0.2359375
1 0.76484375 0.49765625 0.090625 0.15078125
1 0.86953125 0.54765625 0.1421875 0.2609375
1 0.96015625 0.4375 0.07109375 0.321875
1 0.84375 0.21875 0.27265625 0.42734375
1 0.82421875 0.1734375 0.34375 0.346875
1 0.57734375 0.31640625 0.2453125 0.31171875
1 0.67421875 0.6109375 0.64453125 0.578125
1 0.31796875 0.20859375 0.34375 0.4171875
1 0.1234375 0.09765625 0.178125 0.1953125
1 0.07109375 0.22578125 0.1421875 0.22109375
1 0.603125 0.10546875 0.26484375 0.2109375