1 0.8234375 0.0671875 0.23671875 0.07109375
1 0.8859375 0.046875 0.15625 0.03125
1 0.94609375 0.140625 0.0359375 0.1296875
1 0.921875 0.25703125 0.07578125 0.04921875
1 0.91328125 0.31484375 0.09375 0.08515625
1 0.90859375 0.4421875 0.10234375 0.17890625
1 0.82578125 0.63359375 0.25859375 0.2234375
1 0.92421875 0.52890625 0.07109375 0.13828125
1 0.75 0.86171875 0.10703125 0.0890625
1 0.88203125 0.8125 0.14765625 0.32109375
1 0.7546875 0.73671875 0.125 0.1609375
1 0.6609375 0.76328125 0.07109375 0.13359375
1 0.68046875 0.9015625 0.09375 0.04453125
1 0.6875 0.93984375 0.07109375 0.04921875
1 0.6203125 0.93046875 0.0359375 0.0671875
1 0.640625 0.85703125 0.07578125 0.05390625
1 0.671875 0.859375 0.03984375 0.02265625
1 0.56015625 0.91953125 0.08515625 0.0890625
1 0.5515625 0.87734375 0.09375 0.08515625
1 0.46171875 0.89296875 0.09375 0.0890625
1 0.41328125 0.91953125 0.09375 0.0890625
1 0.484375 0.9578125 0.0671875 0.03125
1 0.33671875 0.89765625 0.1296875 0.125
1 0.27265625 0.94453125 0.05390625 0.03984375
1 0.14921875 0.9015625 0.08515625 0.0625
1 0.140625 0.71015625 0.15625 0.125
1 0.22734375 0.734375 0.07109375 0.04921875
1 0.28984375 0.734375 0.0625 0.0578125
1 0.375 0.7296875 0.07109375 0.07578125
1 0.359375 0.6359375 0.1203125 0.09375
1 0.4578125 0.796875 0.26328125 0.09375
1 0.56484375 0.70546875 0.09375 0.0890625
1 0.47734375 0.74296875 0.07109375 0.11171875
1 0.4171875 0.74140625 0.09375 0.125
1 0.49140625 0.640625 0.1515625 0.11171875
1 0.50859375 0.5671875 0.0984375 0.0890625
1 0.61796875 0.65625 0.14765625 0.1515625
1 0.1453125 0.8484375 0.1828125 0.07109375
1 0.19609375 0.63203125 0.17890625 0.1296875
1 0.3171875 0.58046875 0.0984375 0.08046875
1 0.27265625 0.48203125 0.17890625 0.1875
1 0.4484375 0.4734375 0.17421875 0.17890625
1 0.421875 0.58671875 0.0671875 0.04921875
1 0.61640625 0.49296875 0.17890625 0.15625
1 0.77890625 0.46640625 0.15625 0.1296875
1 0.77265625 0.1296875 0.125 0.10703125
1 0.859375 0.19453125 0.16484375 0.15625
1 0.85703125 0.27265625 0.0359375 0.0359375
1 0.8328125 0.296875 0.0671875 0.0671875
1 0.7765625 0.25 0.07109375 0.05390625
1 0.734375 0.21640625 0.0671875 0.0578125
1 0.68515625 0.25 0.0578125 0.05390625
1 0.6765625 0.21015625 0.03984375 0.05390625
1 0.64765625 0.17890625 0.07109375 0.0265625
1 0.63203125 0.13359375 0.0578125 0.07109375
1 0.671875 0.1453125 0.03984375 0.04921875
1 0.61640625 0.07109375 0.07109375 0.0625
1 0.671875 0.0625 0.08515625 0.05390625
1 0.67890625 0.10703125 0.04453125 0.0359375
1 0.5625 0.06484375 0.0984375 0.0671875
1 0.7859375 0.34140625 0.14296875 0.1296875
1 0.7390625 0.28359375 0.04921875 0.03984375
1 0.57578125 0.42890625 0.07109375 0.05390625
1 0.50703125 0.36640625 0.08515625 0.0890625
1 0.41328125 0.36796875 0.09375 0.07578125
1 0.46171875 0.3125 0.1203125 0.08046875
1 0.5421875 0.26328125 0.0578125 0.0625
1 0.63359375 0.3171875 0.16953125 0.1609375
1 0.859375 0.390625 0.04921875 0.04921875
1 0.57578125 0.265625 0.05390625 0.04921875
1 0.61640625 0.21171875 0.08046875 0.0671875
1 0.546875 0.18515625 0.0578125 0.0671875
1 0.57578125 0.15859375 0.04453125 0.04921875
1 0.5890625 0.1296875 0.0359375 0.0625
1 0.5515625 0.11640625 0.04921875 0.05390625
1 0.50859375 0.12734375 0.0890625 0.0671875
1 0.4890625 0.0984375 0.0578125 0.04453125
1 0.47734375 0.0625 0.08046875 0.0625
1 0.4375 0.10078125 0.0359375 0.03984375
1 0.41328125 0.1140625 0.0578125 0.03984375
1 0.35703125 0.14296875 0.07109375 0.07109375
1 0.34609375 0.08671875 0.07578125 0.0578125
1 0.44453125 0.20078125 0.16484375 0.13359375
1 0.35078125 0.27421875 0.0578125 0.04921875
1 0.31484375 0.296875 0.03125 0.03984375
1 0.33046875 0.34140625 0.0625 0.0578125
1 0.33046875 0.39296875 0.0625 0.05390625
1 0.28125 0.35078125 0.04453125 0.0578125
1 0.171875 0.46015625 0.04921875 0.08046875
1 0.16484375 0.5359375 0.04453125 0.04453125
1 0.08515625 0.3953125 0.11640625 0.5046875
1 0.2765625 0.2234375 0.07109375 0.04453125
1 0.2765625 0.16953125 0.0625 0.0359375
1 0.22734375 0.12265625 0.16953125 0.08515625
1 0.140625 0.109375 0.03984375 0.04921875
1 0.05546875 0.0578125 0.04921875 0.05390625
1 0.21875 0.30390625 0.1515625 0.30390625
1 0.234375 0.05546875 0.28984375 0.0578125
1 0.39765625 0.0515625 0.07109375 0.04921875
1 0.49296875 0.49765625 0.9328125 0.95078125