1 0.90390625 0.78125 0.18515625 0.3828125
1 0.9328125 0.97265625 0.1265625 0.04375
1 0.98515625 0.5625 0.021875 0.0984375
1 0.89296875 0.5078125 0.20625 0.2296875
1 0.98515625 0.37734375 0.021875 0.13125
1 0.875 0.37421875 0.17734375 0.18046875
1 0.9296875 0.29765625 0.134375 0.19140625
1 0.9296875 0.171875 0.134375 0.20234375
1 0.98359375 0.0765625 0.025 0.0984375
1 0.8171875 0.16953125 0.090625 0.0984375
1 0.84609375 0.22109375 0.03984375 0.09296875
1 0.78984375 0.284375 0.1234375 0.1421875
1 0.72265625 0.36875 0.1265625 0.10390625
1 0.70859375 0.47265625 0.16328125 0.18046875
1 0.740625 0.59296875 0.17734375 0.14765625
1 0.703125 0.80078125 0.2609375 0.38828125
1 0.5703125 0.78125 0.090625 0.2953125
1 0.45078125 0.77578125 0.228125 0.35
1 0.51640625 0.9453125 0.20625 0.0984375
1 0.31015625 0.93203125 0.1921875 0.12578125
1 0.3390625 0.85 0.025 0.04921875
1 0.35 0.65859375 0.1703125 0.27890625
1 0.48515625 0.5109375 0.159375 0.23515625
1 0.59453125 0.57890625 0.1375 0.1640625
1 0.54921875 0.39609375 0.134375 0.20234375
1 0.490625 0.29765625 0.1046875 0.09296875
1 0.43828125 0.39609375 0.08671875 0.11484375
1 0.3296875 0.4453125 0.13046875 0.16953125
1 0.65390625 0.33046875 0.134375 0.19140625
1 0.603125 0.25703125 0.08359375 0.0984375
1 0.65546875 0.215625 0.02890625 0.04921875
1 0.72265625 0.19375 0.09765625 0.11484375
1 0.7296875 0.2625 0.07578125 0.109375
1 0.1375 0.64453125 0.16640625 0.196875
1 0.2609375 0.69921875 0.115625 0.240625
1 0.26640625 0.5625 0.0328125 0.0546875
1 0.2171875 0.75703125 0.16640625 0.15859375
1 0.2296875 0.87734375 0.20625 0.22421875
1 0.0796875 0.90703125 0.159375 0.1640625
1 0.07265625 0.78984375 0.1453125 0.19140625
1 0.06875 0.671875 0.1375 0.175
1 0.12890625 0.52734375 0.11953125 0.07109375
1 0.21953125 0.5296875 0.090625 0.109375
1 0.2484375 0.434375 0.06171875 0.10390625
1 0.159375 0.41796875 0.1015625 0.13671875
1 0.04375 0.50234375 0.08671875 0.0546875
1 0.02890625 0.5515625 0.0578125 0.0875
1 0.05625 0.4046875 0.1125 0.1421875
1 0.08125 0.31953125 0.06171875 0.07109375
1 0.025 0.296875 0.05 0.08125
1 0.1578125 0.2953125 0.08359375 0.0984375
1 0.225 0.35546875 0.0796875 0.0984375
1 0.25546875 0.28671875 0.06171875 0.07109375
1 0.31328125 0.29765625 0.08359375 0.10390625
1 0.37890625 0.36328125 0.046875 0.04921875
1 0.42578125 0.27578125 0.07578125 0.11484375
1 0.3734375 0.284375 0.0359375 0.0875
1 0.4890625 0.2296875 0.07265625 0.0546875
1 0.55625 0.20234375 0.06875 0.109375
1 0.5890625 0.11171875 0.06875 0.09296875
1 0.63203125 0.16953125 0.06875 0.0765625
1 0.5109375 0.1203125 0.06484375 0.065625
1 0.4796875 0.1640625 0.07578125 0.0765625
1 0.478125 0.0875 0.0578125 0.0875
1 0.42578125 0.175 0.06171875 0.0875
1 0.41875 0.2734375 0.06171875 0.109375
1 0.38203125 0.19921875 0.06171875 0.06015625
1 0.3546875 0.12265625 0.09453125 0.09296875
1 0.32421875 0.21015625 0.08359375 0.09296875
1 0.2828125 0.18828125 0.04375 0.06015625
1 0.22265625 0.19375 0.07578125 0.08203125
1 0.24296875 0.2296875 0.08671875 0.065625
1 0.146875 0.2265625 0.07578125 0.06015625
1 0.08515625 0.2734375 0.0546875 0.0328125
1 0.29140625 0.11171875 0.06171875 0.09296875
1 0.259375 0.0734375 0.046875 0.07109375
1 0.2171875 0.0984375 0.0578125 0.0546875
1 0.22265625 0.13671875 0.07578125 0.04375
1 0.1609375 0.12265625 0.046875 0.07109375
1 0.15 0.16953125 0.06171875 0.0328125
1 0.11015625 0.14765625 0.06171875 0.065625
1 0.09765625 0.18828125 0.0578125 0.03828125
1 0.11015625 0.2265625 0.046875 0.06015625
1 0.07421875 0.22421875 0.046875 0.0546875
1 0.03046875 0.209375 0.0609375 0.103125
1 0.06875 0.1421875 0.05078125 0.04375