1 0.4296875 0.76796875 0.33203125 0.25546875
1 0.70234375 0.71875 0.2671875 0.35390625
1 0.88203125 0.7734375 0.22890625 0.24453125
1 0.83046875 0.46640625 0.33203125 0.61953125
1 0.73125 0.51796875 0.13359375 0.25546875
1 0.5515625 0.54921875 0.21015625 0.265625
1 0.12421875 0.80234375 0.2484375 0.19765625
1 0.2171875 0.79453125 0.0765625 0.078125
1 0.23125 0.86953125 0.05 0.0625
1 0.27265625 0.7265625 0.07265625 0.08828125
1 0.059375 0.5703125 0.11796875 0.28671875
1 0.1890625 0.61171875 0.31640625 0.34921875
1 0.08359375 0.3953125 0.1671875 0.290625
1 0.103125 0.26015625 0.20625 0.36484375
1 0.20390625 0.57734375 0.4078125 0.3953125
1 0.1203125 0.125 0.240625 0.25
1 0.33359375 0.05234375 0.1640625 0.10390625
1 0.44296875 0.14609375 0.16796875 0.29140625
1 0.5625 0.11171875 0.15 0.2234375
1 0.6640625 0.21875 0.18359375 0.28125
1 0.85703125 0.17421875 0.2171875 0.21328125
1 0.6203125 0.36484375 0.31640625 0.27109375
1 0.97109375 0.1171875 0.05 0.234375
1 0.896875 0.05234375 0.1984375 0.10390625
1 0.7140625 0.0546875 0.1984375 0.109375
1 0.39140625 0.58828125 0.08046875 0.10390625
1 0.44296875 0.54140625 0.06875 0.08359375
1 0.39921875 0.47890625 0.07265625 0.10390625
1 0.43515625 0.43984375 0.0609375 0.09921875
1 0.33203125 0.53125 0.08359375 0.10390625
1 0.2921875 0.4296875 0.07265625 0.109375
1 0.35078125 0.40859375 0.06875 0.08828125
1 0.39921875 0.37265625 0.05703125 0.078125
1 0.265625 0.46640625 0.05703125 0.08828125
1 0.22734375 0.37734375 0.034375 0.06796875
1 0.265625 0.34140625 0.08046875 0.09921875
1 0.3375 0.30703125 0.07265625 0.11484375
1 0.39296875 0.29140625 0.0609375 0.08359375
1 0.39296875 0.20859375 0.0609375 0.09375
1 0.3359375 0.19765625 0.06875 0.10390625
1 0.33984375 0.13828125 0.053125 0.03671875
1 0.31640625 0.1171875 0.06875 0.078125
1 0.265625 0.1640625 0.0875 0.09921875
1 0.240625 0.2421875 0.0765625 0.08828125
1 0.20390625 0.1796875 0.05703125 0.078125
1 0.18515625 0.26796875 0.08046875 0.08828125
1 0.13515625 0.04453125 0.06484375 0.06796875
1 0.1984375 0.046875 0.053125 0.04140625
1 0.22109375 0.10390625 0.06875 0.0625
1 0.4984375 0.45078125 0.99609375 0.90078125