1 0.740625 0.27890625 0.2828125 0.34921875
1 0.83984375 0.51796875 0.121875 0.15078125
1 0.9234375 0.53359375 0.0609375 0.08828125
1 0.93515625 0.4765625 0.09921875 0.078125
1 0.93671875 0.61484375 0.103125 0.10390625
1 0.8796875 0.65390625 0.13359375 0.140625
1 0.715625 0.5 0.12578125 0.10390625
1 0.6203125 0.515625 0.14140625 0.15625
1 0.68671875 0.72890625 0.17578125 0.1875
1 0.734375 0.7109375 0.1109375 0.203125
1 0.7828125 0.73984375 0.03828125 0.09375
1 0.7234375 0.84609375 0.103125 0.15078125
1 0.66015625 0.88046875 0.10703125 0.10390625
1 0.6203125 0.7109375 0.11796875 0.18203125
1 0.6375 0.625 0.09921875 0.05234375
1 0.6796875 0.59375 0.10703125 0.07265625
1 0.740625 0.61953125 0.09140625 0.16640625
1 0.7828125 0.61484375 0.0765625 0.20859375
1 0.56328125 0.64609375 0.0953125 0.10390625
1 0.54375 0.7109375 0.07265625 0.06796875
1 0.56875 0.78671875 0.0765625 0.0625
1 0.55 0.83359375 0.10703125 0.11484375
1 0.44453125 0.78671875 0.1109375 0.10390625
1 0.90859375 0.1015625 0.17578125 0.203125
1 0.80078125 0.04140625 0.0453125 0.0828125
1 0.22734375 0.22890625 0.25546875 0.35390625
1 0.06328125 0.37734375 0.12578125 0.44296875
1 0.078125 0.11171875 0.15625 0.2234375