1 0.90859375 0.78125 0.17578125 0.21875
1 0.91015625 0.6015625 0.171875 0.27578125
1 0.84765625 0.32578125 0.29765625 0.38046875
1 0.94296875 0.17421875 0.10703125 0.30703125
1 0.828125 0.12734375 0.16796875 0.203125
1 0.9296875 0.06015625 0.13359375 0.11953125
1 0.6546875 0.12265625 0.20234375 0.22421875
1 0.59140625 0.38515625 0.1375 0.30234375
1 0.70234375 0.49765625 0.275 0.33828125
1 0.64296875 0.75234375 0.309375 0.28671875
1 0.75390625 0.82578125 0.1640625 0.140625
1 0.66015625 0.765625 0.44296875 0.26015625
1 0.5078125 0.71328125 0.1296875 0.19765625
1 0.484375 0.484375 0.22890625 0.55234375
1 0.5859375 0.37265625 0.1640625 0.31796875
1 0.45390625 0.16640625 0.2515625 0.3328125
1 0.59765625 0.03359375 0.0421875 0.0671875
1 0.1109375 0.5078125 0.22109375 0.34921875
1 0.1625 0.76015625 0.25546875 0.27109375
1 0.2171875 0.75703125 0.434375 0.2859375
1 0.5265625 0.57265625 0.09140625 0.07265625
1 0.4578125 0.84609375 0.08359375 0.11953125
1 0.3015625 0.578125 0.15234375 0.21875
1 0.31875 0.48984375 0.08046875 0.1875
1 0.18125 0.34609375 0.3625 0.25546875
1 0.3 0.10390625 0.15625 0.2078125
1 0.3609375 0.1171875 0.103125 0.234375
1 0.1890625 0.24453125 0.18671875 0.10390625
1 0.07421875 0.2046875 0.1484375 0.15
1 0.1640625 0.12734375 0.11484375 0.140625
1 0.15859375 0.03125 0.06484375 0.0625
1 0.06484375 0.078125 0.1296875 0.15625