1 0.82265625 0.67734375 0.103125 0.14609375
1 0.70625 0.5703125 0.1296875 0.19296875
1 0.71171875 0.703125 0.171875 0.16640625
1 0.7765625 0.8828125 0.240625 0.22421875
1 0.5765625 0.390625 0.11484375 0.10390625
1 0.6109375 0.46640625 0.04609375 0.078125
1 0.65625 0.43515625 0.04609375 0.046875
1 0.6734375 0.47890625 0.05 0.07265625
1 0.7140625 0.50234375 0.03828125 0.078125
1 0.73671875 0.52109375 0.03046875 0.08359375
1 0.70390625 0.57265625 0.12578125 0.17734375
1 0.63515625 0.80703125 0.13359375 0.17734375
1 0.6375 0.9140625 0.03046875 0.046875
1 0.6296875 0.96875 0.04609375 0.05234375
1 0.5875 0.9453125 0.0765625 0.09921875
1 0.559375 0.85703125 0.0875 0.11953125
1 0.51875 0.73984375 0.09921875 0.09375
1 0.55 0.74453125 0.0609375 0.0625
1 0.5328125 0.77890625 0.07265625 0.06796875
1 0.5359375 0.875 0.07265625 0.17734375
1 0.484375 0.79453125 0.03828125 0.140625
1 0.3953125 0.78125 0.12578125 0.11484375
1 0.44296875 0.76796875 0.03828125 0.06796875
1 0.43515625 0.85703125 0.09921875 0.140625
1 0.4734375 0.86171875 0.04609375 0.06796875
1 0.484375 0.94296875 0.06875 0.0625
1 0.484375 0.97109375 0.1296875 0.046875
1 0.34375 0.90390625 0.16796875 0.06796875
1 0.303125 0.8828125 0.12578125 0.109375
1 0.3625 0.859375 0.04609375 0.03125
1 0.26875 0.84375 0.103125 0.07265625
1 0.30703125 0.81796875 0.14140625 0.05234375
1 0.2765625 0.7890625 0.2171875 0.078125
1 0.265625 0.73203125 0.0875 0.05703125
1 0.22734375 0.88828125 0.06484375 0.109375
1 0.21953125 0.8359375 0.08046875 0.05703125
1 0.275 0.84609375 0.09140625 0.046875
1 0.3359375 0.9609375 0.16796875 0.06796875
1 0.49453125 0.97890625 0.103125 0.03125
1 0.22109375 0.98203125 0.053125 0.02578125
1 0.17734375 0.9375 0.07265625 0.10390625
1 0.14921875 0.95546875 0.0609375 0.078125
1 0.15234375 0.85390625 0.053125 0.0625
1 0.14296875 0.80703125 0.05703125 0.0625
1 0.196875 0.75546875 0.05 0.0625
1 0.20390625 0.69765625 0.05 0.05234375
1 0.16640625 0.6875 0.034375 0.04140625
1 0.1640625 0.73671875 0.04609375 0.05703125
1 0.12421875 0.70078125 0.05 0.046875
1 0.11640625 0.75546875 0.05703125 0.08359375
1 0.0875 0.8046875 0.04609375 0.05703125
1 0.09921875 0.859375 0.053125 0.08359375
1 0.053125 0.7890625 0.04609375 0.06796875
1 0.0515625 0.734375 0.0265625 0.02109375
1 0.08203125 0.74765625 0.034375 0.05703125
1 0.0765625 0.63515625 0.15234375 0.19765625
1 0.2578125 0.3671875 0.1109375 0.13046875
1 0.225 0.26796875 0.09921875 0.05703125
1 0.465625 0.23671875 0.0765625 0.06796875
1 0.47109375 0.296875 0.0875 0.11484375
1 0.4828125 0.328125 0.06484375 0.08359375
1 0.48828125 0.40078125 0.053125 0.04140625
1 0.37421875 0.28125 0.10703125 0.04140625
1 0.1375 0.33046875 0.1296875 0.27578125
1 0.05 0.3515625 0.09921875 0.078125
1 0.03984375 0.528125 0.0796875 0.13125
1 0.3109375 0.73984375 0.0265625 0.04140625
1 0.33203125 0.7109375 0.02265625 0.03671875
1 0.35703125 0.70078125 0.01875 0.02578125
1 0.37578125 0.71328125 0.0265625 0.03125
1 0.41015625 0.70078125 0.0265625 0.02578125
1 0.43125 0.6953125 0.015625 0.02578125
1 0.44453125 0.7109375 0.034375 0.02578125
1 0.45625 0.6796875 0.0265625 0.03671875
1 0.47734375 0.68203125 0.02265625 0.02109375
1 0.4921875 0.68515625 0.015625 0.015625
1 0.51875 0.69765625 0.03828125 0.03125
1 0.54609375 0.71328125 0.02265625 0.03125
1 0.56328125 0.6953125 0.0265625 0.03671875
1 0.5859375 0.72109375 0.0265625 0.03671875
1 0.59921875 0.69296875 0.02265625 0.03125
1 0.60859375 0.7109375 0.0265625 0.03671875
1 0.60078125 0.66640625 0.01875 0.03125
1 0.621875 0.67734375 0.02265625 0.03125
1 0.284375 0.7265625 0.01875 0.03671875
1 0.30703125 0.70546875 0.0265625 0.02578125
1 0.26171875 0.71875 0.01171875 0.03125
1 0.275 0.70078125 0.02265625 0.03671875
1 0.29375 0.66171875 0.02265625 0.03125
1 0.31640625 0.66171875 0.02265625 0.03125
1 0.3359375 0.65390625 0.015625 0.02578125
1 0.3609375 0.67734375 0.0265625 0.04140625
1 0.42734375 0.64609375 0.03046875 0.04140625
1 0.45 0.5625 0.02265625 0.03125
1 0.45390625 0.59921875 0.02265625 0.03125
1 0.515625 0.55703125 0.02265625 0.03125
1 0.36484375 0.5546875 0.0265625 0.03671875
1 0.32421875 0.53671875 0.03046875 0.04140625
1 0.1125 0.52890625 0.0421875 0.03671875
1 0.1453125 0.546875 0.053125 0.0625
1 0.1640625 0.50234375 0.11484375 0.078125
1 0.28046875 0.4609375 0.14140625 0.08828125
1 0.35859375 0.43515625 0.121875 0.06796875
1 0.38515625 0.47421875 0.16796875 0.07265625
1 0.46171875 0.56796875 0.0765625 0.26015625
1 0.5703125 0.60703125 0.2328125 0.19296875
1 0.5359375 0.484375 0.07265625 0.05234375
1 0.40625 0.5859375 0.11796875 0.234375
1 0.303125 0.59140625 0.15625 0.21328125
1 0.26328125 0.59375 0.22109375 0.14609375