1 0.925 0.7734375 0.103125 0.07109375
1 0.93203125 0.85390625 0.103125 0.1609375
1 0.9734375 0.94375 0.046875 0.1015625
1 0.896875 0.94375 0.10703125 0.1015625
1 0.83671875 0.8421875 0.09296875 0.17265625
1 0.796875 0.9375 0.09296875 0.11328125
1 0.71328125 0.9609375 0.08671875 0.065625
1 0.953125 0.5234375 0.08671875 0.11875
1 0.91640625 0.48828125 0.06640625 0.10703125
1 0.9734375 0.42890625 0.046875 0.10703125
1 0.94296875 0.38125 0.0796875 0.11875
1 0.91015625 0.35390625 0.0734375 0.11328125
1 0.8796875 0.45859375 0.053125 0.07109375
1 0.8515625 0.41640625 0.05 0.0953125
1 0.878125 0.315625 0.05703125 0.10703125
1 0.93359375 0.24140625 0.0734375 0.125
1 0.971875 0.2828125 0.05 0.1609375
1 0.8953125 0.13671875 0.0703125 0.0953125
1 0.925 0.059375 0.0765625 0.10703125
1 0.85859375 0.06875 0.0703125 0.11328125
1 0.89296875 0.01171875 0.06015625 0.0234375
1 0.828125 0.01171875 0.0703125 0.0234375
1 0.76015625 0.01484375 0.06640625 0.0296875
1 0.703125 0.01484375 0.053125 0.0296875
1 0.721875 0.065625 0.0703125 0.11875
1 0.79296875 0.05625 0.06640625 0.1015625
1 0.65703125 0.059375 0.06640625 0.11875
1 0.68359375 0.13671875 0.06640625 0.07109375
1 0.71484375 0.29453125 0.05703125 0.23203125
1 0.76796875 0.29140625 0.06328125 0.0953125
1 0.6546875 0.23203125 0.0703125 0.11875
1 0.68359375 0.35390625 0.06015625 0.17265625
1 0.63203125 0.3984375 0.05 0.10703125
1 0.6265625 0.30078125 0.046875 0.1015625
1 0.61640625 0.38359375 0.03359375 0.13671875
1 0.56796875 0.44375 0.0703125 0.125
1 0.3765625 0.0953125 0.06015625 0.190625
1 0.3 0.07421875 0.06640625 0.1484375
1 0.325 0.1609375 0.05703125 0.0953125
1 0.26015625 0.1609375 0.06015625 0.11875
1 0.2296875 0.07421875 0.06640625 0.1484375
1 0.196875 0.17890625 0.06015625 0.0953125
1 0.128125 0.1609375 0.0703125 0.0953125
1 0.1546875 0.0625 0.06328125 0.125
1 0.06640625 0.07734375 0.0734375 0.1546875
1 0.1046875 0.0328125 0.05 0.065625
1 0.13828125 0.23828125 0.0703125 0.0953125
1 0.06015625 0.2171875 0.0734375 0.0890625
1 0.0296875 0.25859375 0.059375 0.1015625
1 0.06640625 0.31875 0.09296875 0.11328125
1 0.0984375 0.42578125 0.08984375 0.125
1 0.16328125 0.4765625 0.06640625 0.10703125
1 0.128125 0.54140625 0.08984375 0.11875
1 0.04140625 0.54453125 0.0703125 0.125
1 0.003125 0.55546875 0.00625 0.1015625
1 0.028125 0.43359375 0.05625 0.1421875
1 0.01015625 0.31875 0.0203125 0.07734375
1 0.146875 0.36015625 0.06640625 0.11328125
1 0.1953125 0.4140625 0.05 0.065625
1 0.20859375 0.378125 0.05 0.065625
1 0.21640625 0.33359375 0.03984375 0.04765625
1 0.175 0.29453125 0.06328125 0.0890625
1 0.2765625 0.35703125 0.08671875 0.14296875
1 0.3296875 0.36328125 0.0203125 0.08359375
1 0.375 0.35390625 0.08359375 0.1484375
1 0.43671875 0.35390625 0.046875 0.07734375
1 0.428125 0.4703125 0.08359375 0.14296875
1 0.3296875 0.4734375 0.08671875 0.1484375
1 0.24140625 0.49140625 0.096875 0.1484375
1 0.28359375 0.61015625 0.1 0.1609375
1 0.3765625 0.5953125 0.08671875 0.1546875
1 0.46171875 0.61328125 0.08984375 0.1546875
1 0.48671875 0.50625 0.03984375 0.07109375
1 0.4765625 0.45546875 0.0203125 0.04140625
1 0.521875 0.56875 0.0296875 0.07734375
1 0.51796875 0.48828125 0.0296875 0.07109375
1 0.51015625 0.75 0.08671875 0.17890625
1 0.421875 0.73203125 0.08984375 0.17890625
1 0.45703125 0.85390625 0.08671875 0.1015625
1 0.36328125 0.85390625 0.08671875 0.1015625
1 0.328125 0.74140625 0.08984375 0.17265625
1 0.23984375 0.75 0.09296875 0.16640625
1 0.2765625 0.86875 0.08671875 0.11875
1 0.33828125 0.9375 0.103125 0.11328125
1 0.33515625 0.98203125 0.05703125 0.0234375
1 0.2484375 0.95234375 0.0765625 0.08359375
1 0.16796875 0.95546875 0.0765625 0.07734375
1 0.0765625 0.94609375 0.1 0.0953125
1 0.65859375 0.49140625 0.04296875 0.17265625
1 0.746875 0.4703125 0.11328125 0.13125
1 0.7734375 0.42578125 0.0796875 0.13671875
1 0.7984375 0.4015625 0.05703125 0.065625
1 0.61171875 0.5296875 0.05703125 0.1546875
1 0.56484375 0.51484375 0.03671875 0.0890625
1 0.59140625 0.51171875 0.05703125 0.14296875
1 0.56796875 0.63359375 0.04296875 0.11328125
1 0.5765625 0.76171875 0.053125 0.11875
1 0.6015625 0.86015625 0.06328125 0.125
1 0.61796875 0.6609375 0.04296875 0.17890625
1 0.63671875 0.753125 0.0796875 0.1484375
1 0.671875 0.85390625 0.0765625 0.13671875
1 0.70703125 0.67578125 0.053125 0.2203125
1 0.65859375 0.621875 0.05703125 0.20859375
1 0.728125 0.8359375 0.096875 0.17265625
1 0.76640625 0.75625 0.06015625 0.16640625
1 0.74140625 0.565625 0.103125 0.1546875
1 0.78203125 0.66640625 0.08984375 0.17890625
1 0.84140625 0.70234375 0.0703125 0.14296875
1 0.83828125 0.5296875 0.0703125 0.1546875
1 0.821875 0.57734375 0.06328125 0.13125