1 0.546875 0.81796875 0.13359375 0.171875
1 0.4328125 0.7546875 0.1734375 0.15625
1 0.56328125 0.64609375 0.11796875 0.10078125
1 0.5671875 0.528125 0.14921875 0.18671875
1 0.67734375 0.57578125 0.10234375 0.14140625
1 0.71640625 0.446875 0.12578125 0.16640625
1 0.61796875 0.43203125 0.07890625 0.10625
1 0.48046875 0.590625 0.11015625 0.20234375
1 0.4015625 0.56328125 0.10234375 0.196875
1 0.54296875 0.35078125 0.14140625 0.16640625
1 0.6296875 0.29765625 0.10234375 0.16171875
1 0.5078125 0.1390625 0.13359375 0.13671875
1 0.40390625 0.2046875 0.0984375 0.09609375
1 0.48203125 0.225 0.090625 0.10625
1 0.41953125 0.35390625 0.121875 0.18203125
1 0.3625 0.46484375 0.07109375 0.10078125
1 0.3328125 0.31796875 0.0828125 0.14140625
1 0.2640625 0.43671875 0.11796875 0.16640625
1 0.2734375 0.29296875 0.1140625 0.1515625
1 0.37578125 0.16171875 0.10625 0.13125