1 0.859375 0.68828125 0.12734375 0.1703125
1 0.89375 0.48203125 0.13515625 0.14921875
1 0.78125 0.0796875 0.165625 0.159375
1 0.86484375 0.1390625 0.115625 0.103125
1 0.8359375 0.234375 0.15078125 0.18046875
1 0.7859375 0.40234375 0.15078125 0.175
1 0.87421875 0.3609375 0.05 0.0828125
1 0.7953125 0.5796875 0.08515625 0.18046875
1 0.7375 0.5875 0.1390625 0.16484375
1 0.66953125 0.68828125 0.14296875 0.16015625
1 0.640625 0.5234375 0.13125 0.16015625
1 0.58125 0.45078125 0.08125 0.09765625
1 0.728125 0.47421875 0.08125 0.0828125
1 0.72578125 0.28359375 0.09296875 0.09296875
1 0.65078125 0.353125 0.14296875 0.190625
1 0.55234375 0.20078125 0.146875 0.2375
1 0.47265625 0.38125 0.15078125 0.2578125
1 0.5328125 0.60546875 0.1625 0.21171875
1 0.378125 0.575 0.146875 0.2734375
1 0.3859375 0.74453125 0.1390625 0.12890625
1 0.4921875 0.81953125 0.11953125 0.19609375
1 0.83203125 0.821875 0.228125 0.3453125
1 0.69296875 0.971875 0.11953125 0.04609375
1 0.78203125 0.9484375 0.065625 0.09296875
1 0.596875 0.87890625 0.38203125 0.23203125
1 0.36875 0.896875 0.13515625 0.134375
1 0.328125 0.84765625 0.1234375 0.07734375
1 0.25703125 0.6234375 0.0890625 0.134375
1 0.29140625 0.678125 0.0734375 0.07734375
1 0.20234375 0.77578125 0.14296875 0.221875
1 0.3046875 0.7625 0.06171875 0.103125
1 0.25703125 0.90703125 0.0734375 0.103125
1 0.16796875 0.9046875 0.11171875 0.11875
1 0.1296875 0.7734375 0.0578125 0.14453125
1 0.18125 0.61875 0.06953125 0.103125
1 0.21640625 0.5234375 0.1078125 0.1390625
1 0.1484375 0.51015625 0.08125 0.11328125
1 0.0984375 0.40234375 0.11171875 0.103125
1 0.06015625 0.48203125 0.11171875 0.11875
1 0.096875 0.60078125 0.115625 0.11875
1 0.121875 0.68828125 0.0578125 0.05703125
1 0.05234375 0.73984375 0.10390625 0.16015625
1 0.065625 0.853125 0.115625 0.11875
1 0.03671875 0.60078125 0.0421875 0.11875
1 0.4 0.13671875 0.24296875 0.25234375
1 0.65234375 0.146875 0.23203125 0.20078125
1 0.31953125 0.14921875 0.2328125 0.2984375
1 0.30859375 0.19609375 0.19296875 0.278125
1 0.2390625 0.134375 0.1234375 0.175
1 0.25703125 0.20390625 0.28984375 0.38671875
1 0.221875 0.2296875 0.25859375 0.365625
1 0.38203125 0.4171875 0.06171875 0.06171875
1 0.096875 0.1234375 0.1078125 0.16484375
1 0.22578125 0.29375 0.2046875 0.3609375
1 0.16796875 0.30703125 0.28984375 0.4484375
1 0.10625 0.2703125 0.12734375 0.16015625
1 0.15078125 0.353125 0.1625 0.20078125