1 0.778125 0.66640625 0.175 0.37421875
1 0.91484375 0.6875 0.1390625 0.1546875
1 0.8890625 0.79140625 0.21171875 0.19296875
1 0.7296875 0.86875 0.0875 0.06171875
1 0.64921875 0.8125 0.14453125 0.196875
1 0.56953125 0.7203125 0.25234375 0.228125
1 0.64453125 0.5578125 0.16484375 0.15859375
1 0.51796875 0.56953125 0.20078125 0.25078125
1 0.44296875 0.72421875 0.1859375 0.2125
1 0.3453125 0.85546875 0.21640625 0.08125
1 0.51796875 0.86328125 0.12890625 0.0734375
1 0.12890625 0.80859375 0.2578125 0.15078125
1 0.21875 0.70625 0.3453125 0.115625
1 0.3328125 0.65625 0.0671875 0.06171875
1 0.1546875 0.5984375 0.309375 0.1234375
1 0.075 0.6484375 0.1390625 0.07734375
1 0.17265625 0.49609375 0.10859375 0.10390625
1 0.3171875 0.540625 0.190625 0.16953125
1 0.396875 0.48828125 0.0828125 0.0578125
1 0.2625 0.43046875 0.14453125 0.12734375
1 0.365625 0.42890625 0.0828125 0.1078125
1 0.51796875 0.42265625 0.3140625 0.11953125
1 0.79609375 0.4 0.2421875 0.2125
1 0.90234375 0.46328125 0.134375 0.06953125
1 0.80390625 0.34921875 0.26796875 0.096875
1 0.8890625 0.4109375 0.05703125 0.0421875
1 0.8171875 0.26484375 0.12890625 0.08125
1 0.7265625 0.21015625 0.103125 0.0734375
1 0.6828125 0.26640625 0.14921875 0.09296875
1 0.559375 0.23515625 0.14921875 0.06953125
1 0.55390625 0.3109375 0.3140625 0.11953125
1 0.5078125 0.31875 0.190625 0.096875
1 0.38125 0.31640625 0.1234375 0.115625
1 0.39453125 0.21640625 0.20078125 0.1
1 0.24453125 0.23203125 0.10859375 0.06171875
1 0.21640625 0.3375 0.19609375 0.196875
1 0.175 0.43046875 0.071875 0.0578125
1 0.01015625 0.2875 0.0203125 0.034375
1 0.03125 0.35703125 0.06171875 0.10390625
1 0.00546875 0.4265625 0.01015625 0.01953125