1 0.90390625 0.90234375 0.18515625 0.18515625
1 0.98203125 0.87734375 0.02890625 0.146875
1 0.93671875 0.6328125 0.1203125 0.353125
1 0.97421875 0.38046875 0.04375 0.16328125
1 0.94921875 0.19296875 0.09453125 0.23359375
1 0.88203125 0.30703125 0.17109375 0.26640625
1 0.93984375 0.43515625 0.03984375 0.11953125
1 0.790625 0.4453125 0.265625 0.36953125
1 0.8109375 0.73671875 0.17421875 0.24453125
1 0.73984375 0.92109375 0.17109375 0.146875
1 0.68359375 0.82578125 0.05078125 0.08671875
1 0.73671875 0.80703125 0.06875 0.0921875
1 0.62890625 0.63828125 0.1890625 0.29921875
1 0.50703125 0.4921875 0.221875 0.375
1 0.56171875 0.85625 0.22890625 0.27734375
1 0.3328125 0.8203125 0.23671875 0.34765625
1 0.33828125 0.9453125 0.24765625 0.09765625
1 0.1015625 0.953125 0.203125 0.08125
1 0.10703125 0.78515625 0.2140625 0.4078125
1 0.23671875 0.68203125 0.11640625 0.16875
1 0.4421875 0.6796875 0.17109375 0.1953125
1 0.2984375 0.49453125 0.2109375 0.31484375
1 0.0765625 0.4296875 0.15234375 0.3046875
1 0.17421875 0.48125 0.13828125 0.27734375
1 0.16875 0.18984375 0.19296875 0.29375
1 0.3421875 0.1796875 0.19609375 0.32578125
1 0.3796875 0.39140625 0.0765625 0.09765625
1 0.47109375 0.26640625 0.1203125 0.18515625
1 0.6421875 0.209375 0.27265625 0.3421875
1 0.74765625 0.23125 0.06875 0.125
1 0.78515625 0.21171875 0.0875 0.10859375
1 0.86015625 0.084375 0.18515625 0.16875
1 0.98359375 0.040625 0.02578125 0.08125
1 0.69296875 0.05703125 0.17109375 0.1140625
1 0.5 0.084375 0.221875 0.16875
1 0.3109375 0.0328125 0.17109375 0.06484375
1 0.2 0.0328125 0.0796875 0.06484375
1 0.0796875 0.084375 0.159375 0.16875
1 0.03828125 0.21171875 0.0765625 0.14140625