1 0.85 0.8296875 0.184375 0.11328125
1 0.7984375 0.7296875 0.1734375 0.20078125
1 0.94453125 0.8015625 0.10390625 0.12890625
1 0.66953125 0.63125 0.2078125 0.25234375
1 0.509375 0.8015625 0.18046875 0.16015625
1 0.23828125 0.7703125 0.1765625 0.21171875
1 0.33828125 0.8296875 0.1234375 0.1234375
1 0.159375 0.5640625 0.21953125 0.221875
1 0.3421875 0.65234375 0.1921875 0.221875
1 0.5 0.61328125 0.16953125 0.20625
1 0.64609375 0.3765625 0.2078125 0.31953125
1 0.775 0.41015625 0.21953125 0.12890625
1 0.88671875 0.68046875 0.21953125 0.38125
1 0.35546875 0.4796875 0.1421875 0.175
1 0.13046875 0.353125 0.2609375 0.190625
1 0.184375 0.2140625 0.1078125 0.12890625
1 0.36171875 0.3140625 0.1234375 0.1546875
1 0.48671875 0.39921875 0.11953125 0.18046875
1 0.5078125 0.20078125 0.1234375 0.14453125
1 0.5578125 0.2625 0.084375 0.09296875
1 0.6234375 0.2265625 0.084375 0.0515625
1 0.66328125 0.175 0.10390625 0.09296875
1 0.7421875 0.28125 0.084375 0.12890625
1 0.7484375 0.14453125 0.08046875 0.071875
1 0.7484375 0.1984375 0.065625 0.07734375
1 0.8171875 0.06953125 0.10390625 0.12890625
1 0.96328125 0.0671875 0.065625 0.1234375
1 0.38671875 0.08984375 0.08828125 0.10859375
1 0.21171875 0.0828125 0.084375 0.11328125
1 0.0828125 0.09296875 0.09609375 0.11328125