1 0.9 0.784375 0.134375 0.31171875
1 0.82734375 0.5078125 0.2578125 0.4484375
1 0.87109375 0.19375 0.03984375 0.15859375
1 0.790625 0.175 0.04765625 0.2078125
1 0.7203125 0.171875 0.05078125 0.22421875
1 0.61484375 0.21015625 0.09453125 0.13671875
1 0.6109375 0.4015625 0.109375 0.12578125
1 0.46171875 0.48671875 0.03671875 0.04375
1 0.4578125 0.54375 0.04375 0.03828125
1 0.45078125 0.58203125 0.021875 0.03828125
1 0.41484375 0.45625 0.021875 0.04921875
1 0.39296875 0.5 0.02890625 0.04921875
1 0.41484375 0.521875 0.03671875 0.04921875
1 0.4125 0.57109375 0.03984375 0.03828125
1 0.42578125 0.61484375 0.04375 0.06015625
1 0.621875 0.63125 0.109375 0.16953125
1 0.678125 0.7703125 0.1125 0.153125
1 0.56328125 0.7625 0.1015625 0.15859375
1 0.41484375 0.77890625 0.1015625 0.13671875
1 0.42890625 0.2515625 0.19609375 0.2625
1 0.29453125 0.7078125 0.13125 0.46484375
1 0.1125 0.83359375 0.02890625 0.32265625
1 0.12890625 0.88515625 0.02578125 0.21875
1 0.15078125 0.86640625 0.02578125 0.25703125
1 0.17109375 0.8828125 0.03671875 0.22421875
1 0.190625 0.87421875 0.0328125 0.240625
1 0.078125 0.86640625 0.03984375 0.25703125
1 0.16328125 0.3984375 0.3265625 0.796875