1 0.90234375 0.8796875 0.18828125 0.2296875
1 0.953125 0.65546875 0.08671875 0.35
1 0.97109375 0.4015625 0.05078125 0.18046875
1 0.93515625 0.54609375 0.09453125 0.1640625
1 0.88046875 0.41796875 0.13046875 0.32265625
1 0.9203125 0.28125 0.15234375 0.19140625
1 0.91328125 0.171875 0.13046875 0.13671875
1 0.9453125 0.06015625 0.1015625 0.1203125
1 0.98359375 0.15546875 0.025 0.10390625
1 0.81328125 0.24609375 0.08359375 0.1203125
1 0.7953125 0.10390625 0.1703125 0.2078125
1 0.8765625 0.0546875 0.0359375 0.109375
1 0.70859375 0.153125 0.0546875 0.1203125
1 0.70546875 0.040625 0.0734375 0.08125
1 0.61796875 0.0984375 0.1703125 0.196875
1 0.63046875 0.25390625 0.115625 0.18046875
1 0.6921875 0.35546875 0.2171875 0.3171875
1 0.76484375 0.5296875 0.15234375 0.175
1 0.79921875 0.4046875 0.0328125 0.0765625
1 0.603125 0.459375 0.06171875 0.109375
1 0.53984375 0.6171875 0.2171875 0.2953125
1 0.63046875 0.7953125 0.40546875 0.38828125
1 0.58125 0.91796875 0.17734375 0.1203125
1 0.62109375 0.9046875 0.22109375 0.09296875
1 0.61796875 0.96171875 0.19921875 0.065625
1 0.8296875 0.9234375 0.25390625 0.1421875
1 0.3640625 0.715625 0.14140625 0.1203125
1 0.453125 0.8140625 0.07265625 0.1421875
1 0.4984375 0.459375 0.17734375 0.240625
1 0.53984375 0.259375 0.07265625 0.22421875
1 0.47109375 0.23203125 0.1234375 0.28984375
1 0.43515625 0.29765625 0.06484375 0.11484375
1 0.38515625 0.0953125 0.1546875 0.190625
1 0.484375 0.0515625 0.115625 0.103125
1 0.54609375 0.02421875 0.0578125 0.0484375
1 0.259375 0.13671875 0.1125 0.175
1 0.3421875 0.4015625 0.1921875 0.5625
1 0.23515625 0.4265625 0.17421875 0.240625
1 0.24453125 0.6421875 0.228125 0.20234375
1 0.13046875 0.8390625 0.2609375 0.23515625
1 0.34765625 0.846875 0.2171875 0.2953125
1 0.31328125 0.96484375 0.14140625 0.06015625
1 0.1015625 0.890625 0.18125 0.2078125
1 0.20078125 0.91796875 0.1125 0.153125
1 0.0703125 0.73125 0.140625 0.065625
1 0.06484375 0.58359375 0.1296875 0.2515625
1 0.14296875 0.50234375 0.07578125 0.1640625
1 0.08515625 0.34140625 0.1703125 0.24609375
1 0.1828125 0.303125 0.06171875 0.09296875
1 0.21953125 0.23515625 0.06171875 0.1421875
1 0.09609375 0.2046875 0.1921875 0.23515625
1 0.13203125 0.109375 0.1125 0.109375
1 0.03984375 0.05703125 0.0796875 0.1140625
1 0.18515625 0.06015625 0.26796875 0.1203125
1 0.4984375 0.49765625 0.99609375 0.99453125