1 0.55078125 0.51328125 0.26640625 0.24453125
1 0.48203125 0.76015625 0.2890625 0.27578125
1 0.65078125 0.79296875 0.084375 0.1109375
1 0.79140625 0.66875 0.221875 0.1734375
1 0.946875 0.615625 0.09765625 0.1109375
1 0.7640625 0.4796875 0.178125 0.221875
1 0.90234375 0.4953125 0.10703125 0.1734375
1 0.715625 0.22890625 0.16875 0.2359375
1 0.4953125 0.14453125 0.2359375 0.18203125
1 0.51796875 0.32890625 0.21796875 0.16015625
1 0.33984375 0.5265625 0.15546875 0.19140625
1 0.1625 0.53359375 0.2359375 0.1953125
1 0.2953125 0.7109375 0.1375 0.12421875
1 0.278125 0.2953125 0.1203125 0.1734375
1 0.39296875 0.35078125 0.12890625 0.16015625
1 0.846875 0.2796875 0.1203125 0.18671875
1 0.92890625 0.353125 0.13359375 0.19140625
1 0.96875 0.20703125 0.053125 0.1109375
1 0.67578125 0.08671875 0.12421875 0.084375
1 0.84453125 0.1734375 0.16015625 0.115625
1 0.38203125 0.1796875 0.115625 0.1375
1 0.1796875 0.20859375 0.1734375 0.16015625
1 0.1421875 0.3625 0.18671875 0.1375
1 0.0640625 0.43671875 0.128125 0.1734375
1 0.29140625 0.43359375 0.1640625 0.10234375
1 0.2890625 0.63984375 0.2578125 0.07109375