1 0.86328125 0.59296875 0.22421875 0.2828125
1 0.83125 0.8984375 0.18984375 0.1921875
1 0.8140625 0.765625 0.1125 0.14140625
1 0.74921875 0.84765625 0.05234375 0.07890625
1 0.9 0.6328125 0.19296875 0.21484375
1 0.93515625 0.7515625 0.12265625 0.090625
1 0.93125 0.7796875 0.1296875 0.07890625
1 0.93671875 0.82734375 0.11953125 0.03984375
1 0.79453125 0.70078125 0.0453125 0.07890625
1 0.9171875 0.47421875 0.1015625 0.146875
1 0.93359375 0.43203125 0.10546875 0.14140625
1 0.92109375 0.3359375 0.10859375 0.11875
1 0.9 0.2515625 0.059375 0.0734375
1 0.94375 0.2375 0.10546875 0.4296875
1 0.83671875 0.39296875 0.09453125 0.1296875
1 0.83125 0.27421875 0.11953125 0.14140625
1 0.828125 0.15546875 0.10546875 0.11875
1 0.84765625 0.08203125 0.1015625 0.1640625
1 0.684375 0.9296875 0.1265625 0.1296875
1 0.50859375 0.83359375 0.0984375 0.15234375
1 0.50546875 0.94609375 0.0703125 0.09609375
1 0.6546875 0.8984375 0.13671875 0.1921875
1 0.6296875 0.8703125 0.15078125 0.2484375
1 0.60859375 0.8109375 0.16484375 0.25390625
1 0.615625 0.7203125 0.12265625 0.18671875
1 0.6140625 0.6890625 0.11953125 0.2375
1 0.715625 0.66640625 0.07734375 0.16953125
1 0.74765625 0.72578125 0.0703125 0.209375
1 0.72421875 0.5140625 0.1296875 0.1359375
1 0.728125 0.39296875 0.0734375 0.11875
1 0.77578125 0.4234375 0.02109375 0.0453125
1 0.77890625 0.353125 0.04921875 0.09609375
1 0.715625 0.290625 0.06328125 0.10703125
1 0.76484375 0.2203125 0.0703125 0.12421875
1 0.75625 0.1359375 0.03828125 0.05625
1 0.715625 0.05625 0.1125 0.1125
1 0.77578125 0.0453125 0.0421875 0.090625
1 0.36328125 0.9265625 0.1015625 0.1359375
1 0.43359375 0.90703125 0.05234375 0.1296875
1 0.44375 0.9375 0.059375 0.11328125
1 0.3875 0.78828125 0.1015625 0.175
1 0.4140625 0.87578125 0.05625 0.1015625
1 0.4453125 0.69453125 0.0984375 0.16953125
1 0.49296875 0.70625 0.08046875 0.1359375
1 0.48046875 0.56796875 0.09140625 0.1296875
1 0.51953125 0.46640625 0.0703125 0.1296875
1 0.540625 0.5765625 0.028125 0.090625
1 0.56328125 0.6609375 0.059375 0.146875
1 0.60703125 0.56796875 0.05625 0.09609375
1 0.63828125 0.52265625 0.0421875 0.09609375
1 0.5546875 0.30234375 0.1125 0.18671875
1 0.60546875 0.35 0.08046875 0.1359375
1 0.5859375 0.47734375 0.06328125 0.14140625
1 0.6578125 0.38984375 0.06640625 0.1578125
1 0.66484375 0.2375 0.08046875 0.146875
1 0.68984375 0.15234375 0.0875 0.11328125
1 0.56328125 0.1015625 0.1578125 0.203125
1 0.56875 0.0625 0.16875 0.12421875
1 0.52421875 0.178125 0.09453125 0.1296875
1 0.44375 0.06484375 0.08046875 0.1296875
1 0.37890625 0.059375 0.11953125 0.11875
1 0.38046875 0.02265625 0.06640625 0.0453125
1 0.43671875 0.48046875 0.1296875 0.22578125
1 0.4140625 0.3109375 0.1125 0.2375
1 0.4453125 0.234375 0.11953125 0.28828125
1 0.371875 0.16640625 0.03515625 0.0734375
1 0.315625 0.14375 0.11953125 0.15234375
1 0.3 0.059375 0.06640625 0.05078125
1 0.2703125 0.02265625 0.1125 0.0453125
1 0.2828125 0.03671875 0.059375 0.05078125
1 0.240625 0.0703125 0.059375 0.0625
1 0.23671875 0.11875 0.059375 0.06796875
1 0.24375 0.22890625 0.08046875 0.1640625
1 0.30546875 0.3078125 0.06328125 0.175
1 0.3265625 0.2515625 0.07734375 0.11875
1 0.4015625 0.31640625 0.14375 0.26015625
1 0.284375 0.39296875 0.0984375 0.19765625
1 0.21953125 0.36171875 0.08046875 0.12421875
1 0.16328125 0.05078125 0.06640625 0.1015625
1 0.13828125 0.1296875 0.1015625 0.1015625
1 0.19140625 0.1328125 0.0453125 0.03984375
1 0.1859375 0.1921875 0.03515625 0.1359375
1 0.13671875 0.23125 0.10546875 0.21484375
1 0.33515625 0.6640625 0.14375 0.2765625
1 0.34765625 0.49140625 0.0703125 0.1015625
1 0.16484375 0.80234375 0.16875 0.22578125
1 0.228125 0.8703125 0.2171875 0.12421875
1 0.2578125 0.89296875 0.1859375 0.11328125
1 0.26640625 0.9234375 0.13359375 0.084375
1 0.27578125 0.96328125 0.0734375 0.0625
1 0.2578125 0.67265625 0.08046875 0.1578125
1 0.29140625 0.77421875 0.07734375 0.1015625
1 0.1984375 0.66640625 0.05234375 0.090625
1 0.18984375 0.584375 0.06328125 0.10703125
1 0.24765625 0.55078125 0.09453125 0.1296875
1 0.2015625 0.471875 0.0875 0.11875
1 0.171875 0.44609375 0.05625 0.1578125
1 0.096875 0.471875 0.12265625 0.24296875
1 0.0859375 0.66640625 0.15078125 0.1359375
1 0.09296875 0.7203125 0.1859375 0.2203125
1 0.03828125 0.53359375 0.0765625 0.2203125
1 0.06484375 0.29375 0.0453125 0.11328125
1 0.15078125 0.3390625 0.140625 0.18046875
1 0.0453125 0.30703125 0.090625 0.1984375