1 0.79765625 0.36171875 0.2109375 0.234375
1 0.80625 0.37109375 0.109375 0.1125
1 0.9328125 0.43203125 0.1265625 0.28203125
1 0.88203125 0.53984375 0.17734375 0.103125
1 0.83359375 0.5703125 0.10546875 0.0609375
1 0.88828125 0.5984375 0.06328125 0.0609375
1 0.9515625 0.68515625 0.08828125 0.20625
1 0.75546875 0.159375 0.278125 0.26328125
1 0.74609375 0.1875 0.4984375 0.375
1 0.31875 0.12890625 0.35859375 0.2203125
1 0.26796875 0.16640625 0.46015625 0.32421875
1 0.35234375 0.05625 0.38359375 0.1125
1 0.32890625 0.06796875 0.51484375 0.1359375
1 0.03828125 0.0890625 0.07578125 0.178125
1 0.02734375 0.23671875 0.0546875 0.1078125
1 0.0609375 0.29609375 0.10546875 0.1125
1 0.08046875 0.4109375 0.16015625 0.1546875
1 0.07578125 0.56328125 0.1515625 0.196875
1 0.2046875 0.49296875 0.10546875 0.20625
1 0.2109375 0.29140625 0.1265625 0.1875
1 0.32265625 0.24375 0.1390625 0.16875
1 0.66484375 0.46015625 0.25703125 0.62890625
1 0.55078125 0.621875 0.24921875 0.27734375
1 0.39453125 0.5375 0.13046875 0.1265625
1 0.33515625 0.4671875 0.08828125 0.1359375
1 0.28046875 0.4390625 0.0546875 0.0703125
1 0.271875 0.5328125 0.096875 0.1265625
1 0.20859375 0.54453125 0.08828125 0.103125
1 0.32734375 0.3828125 0.13046875 0.0796875
1 0.45546875 0.434375 0.17734375 0.1828125
1 0.5125 0.2515625 0.04609375 0.0609375
1 0.50859375 0.33125 0.06328125 0.0515625
1 0.44296875 0.29140625 0.109375 0.121875
1 0.90703125 0.75625 0.07578125 0.09375
1 0.88359375 0.67578125 0.06328125 0.065625
1 0.83359375 0.63828125 0.06328125 0.05625
1 0.83125 0.70390625 0.0671875 0.065625
1 0.8796875 0.89453125 0.06328125 0.1921875
1 0.946875 0.8875 0.096875 0.20625
1 0.8125 0.81484375 0.1390625 0.1453125
1 0.778125 0.93671875 0.13046875 0.1171875
1 0.6875 0.85234375 0.109375 0.0984375
1 0.1921875 0.68515625 0.08046875 0.15
1 0.08046875 0.775 0.16015625 0.215625
1 0.32890625 0.70859375 0.228125 0.25390625
1 0.6984375 0.9109375 0.04609375 0.075
1 0.71953125 0.971875 0.071875 0.046875
1 0.65625 0.9296875 0.03828125 0.09375
1 0.61640625 0.8359375 0.0421875 0.075
1 0.52734375 0.859375 0.059375 0.084375
1 0.603125 0.80078125 0.0421875 0.0515625
1 0.5609375 0.79140625 0.0421875 0.0515625
1 0.4640625 0.75390625 0.03359375 0.0234375
1 0.4328125 0.74609375 0.03828125 0.046875
1 0.3796875 0.74140625 0.05078125 0.05625
1 0.37109375 0.80078125 0.0421875 0.0796875
1 0.41328125 0.79609375 0.05078125 0.0703125
1 0.46640625 0.775 0.04609375 0.075
1 0.2765625 0.9671875 0.071875 0.05625
1 0.28046875 0.9203125 0.03828125 0.05625
1 0.32265625 0.9109375 0.0546875 0.075
1 0.30390625 0.8640625 0.05078125 0.05625
1 0.32734375 0.821875 0.04609375 0.046875
1 0.35625 0.87109375 0.06328125 0.0703125
1 0.41953125 0.8546875 0.06328125 0.065625
1 0.45546875 0.8875 0.05078125 0.05625
1 0.409375 0.9203125 0.05078125 0.075
1 0.4046875 0.97421875 0.05078125 0.0421875
1 0.44921875 0.95078125 0.04609375 0.0703125
1 0.3484375 0.94609375 0.06328125 0.0703125
1 0.5609375 0.94609375 0.0421875 0.0984375
1 0.53203125 0.94375 0.025 0.05625
1 0.61171875 0.9578125 0.059375 0.065625
1 0.61171875 0.9015625 0.059375 0.05625