1 0.89296875 0.32421875 0.1203125 0.375
1 0.94296875 0.371875 0.10703125 0.29140625
1 0.93671875 0.48828125 0.1203125 0.11875
1 0.83984375 0.5234375 0.0796875 0.13125
1 0.88359375 0.61015625 0.06640625 0.1015625
1 0.84140625 0.625 0.06328125 0.08359375
1 0.78671875 0.559375 0.06640625 0.11875
1 0.7453125 0.5359375 0.04296875 0.07109375
1 0.80703125 0.125 0.3 0.25
1 0.8515625 0.35390625 0.06328125 0.25625
1 0.78203125 0.309375 0.11015625 0.23828125
1 0.83203125 0.36640625 0.05703125 0.07734375
1 0.81640625 0.44921875 0.1 0.1015625
1 0.79296875 0.64296875 0.03359375 0.04765625
1 0.746875 0.61875 0.06640625 0.10703125
1 0.703125 0.5625 0.06015625 0.0890625
1 0.66015625 0.58359375 0.06640625 0.07109375
1 0.66484375 0.628125 0.06328125 0.07734375
1 0.70703125 0.6515625 0.0265625 0.0296875
1 0.60859375 0.63359375 0.05 0.065625
1 0.5984375 0.58359375 0.05703125 0.07109375
1 0.58203125 0.49375 0.0765625 0.10703125
1 0.53203125 0.559375 0.08359375 0.0953125
1 0.53984375 0.63984375 0.0796875 0.125
1 0.51328125 0.72890625 0.0734375 0.0890625
1 0.48984375 0.66953125 0.046875 0.1015625
1 0.75703125 0.69609375 0.38671875 0.08359375
1 0.7453125 0.76796875 0.46328125 0.10703125
1 0.68671875 0.82734375 0.4203125 0.0953125
1 0.6984375 0.9046875 0.4765625 0.17890625
1 0.253125 0.70859375 0.4265625 0.11875
1 0.4046875 0.76171875 0.14296875 0.059375
1 0.3265625 0.79140625 0.453125 0.059375
1 0.28359375 0.86328125 0.3203125 0.07109375
1 0.41796875 0.57734375 0.26328125 0.17890625
1 0.3296875 0.5859375 0.0796875 0.1015625
1 0.4203125 0.54140625 0.13359375 0.14296875
1 0.5 0.44921875 0.09296875 0.125
1 0.46484375 0.35703125 0.25 0.17890625
1 0.5546875 0.29140625 0.1296875 0.1546875
1 0.6234375 0.25 0.053125 0.10703125
1 0.6796875 0.25859375 0.09296875 0.1609375
1 0.74140625 0.27109375 0.03671875 0.05390625
1 0.74296875 0.3421875 0.0734375 0.1015625
1 0.5765625 0.14296875 0.08671875 0.10703125
1 0.63359375 0.121875 0.06015625 0.0890625
1 0.65703125 0.07734375 0.03984375 0.04765625
1 0.54296875 0.08359375 0.053125 0.059375
1 0.496875 0.13125 0.0734375 0.0953125
1 0.34453125 0.0890625 0.2890625 0.178125
1 0.41171875 0.14296875 0.08984375 0.11875
1 0.4546875 0.23203125 0.096875 0.10703125
1 0.30703125 0.23515625 0.20703125 0.24375
1 0.10703125 0.33046875 0.21328125 0.6015625
1 0.13515625 0.42578125 0.1296875 0.2203125
1 0.221875 0.5890625 0.15 0.23828125
1 0.0796875 0.61015625 0.13984375 0.23203125
1 0.3765625 0.41953125 0.13984375 0.17265625
1 0.26640625 0.3515625 0.1203125 0.11875
1 0.33828125 0.35703125 0.0765625 0.10703125
1 0.275 0.44921875 0.08984375 0.125