1 0.82421875 0.9671875 0.1265625 0.0546875
1 0.88046875 0.9453125 0.09453125 0.0984375
1 0.9453125 0.9671875 0.07265625 0.0546875
1 0.91640625 0.90703125 0.159375 0.175
1 0.9671875 0.89609375 0.0578125 0.1203125
1 0.965625 0.82265625 0.06171875 0.08203125
1 0.92421875 0.81171875 0.0359375 0.06015625
1 0.93515625 0.74609375 0.06484375 0.06015625
1 0.98359375 0.6390625 0.025 0.065625
1 0.81328125 0.78671875 0.09765625 0.153125
1 0.784375 0.88828125 0.07578125 0.10390625
1 0.7171875 0.77890625 0.1015625 0.16953125
1 0.6234375 0.959375 0.1234375 0.07109375
1 0.69765625 0.95625 0.06171875 0.0765625
1 0.87109375 0.41015625 0.2140625 0.21875
1 0.896875 0.30859375 0.17734375 0.09296875
1 0.9640625 0.4046875 0.06484375 0.1859375
1 0.73359375 0.39375 0.03984375 0.04375
1 0.7515625 0.41015625 0.03984375 0.0546875
1 0.784375 0.39609375 0.025 0.01640625
1 0.78984375 0.4375 0.04375 0.04375
1 0.8203125 0.41796875 0.0328125 0.03828125
1 0.82578125 0.46171875 0.05078125 0.03828125
1 0.8546875 0.43984375 0.0359375 0.03828125
1 0.89140625 0.46171875 0.0359375 0.03828125
1 0.86796875 0.50234375 0.03984375 0.0546875
1 0.9 0.51640625 0.0328125 0.04921875
1 0.92421875 0.5078125 0.0359375 0.04375
1 0.67578125 0.41796875 0.046875 0.06015625
1 0.72109375 0.44296875 0.05078125 0.04375
1 0.7515625 0.47265625 0.0546875 0.04921875
1 0.81875 0.50234375 0.05078125 0.0765625
1 0.82421875 0.565625 0.06171875 0.06015625
1 0.78046875 0.5296875 0.046875 0.065625
1 0.7375 0.565625 0.046875 0.03828125
1 0.77890625 0.60078125 0.0578125 0.04375
1 0.725 0.5078125 0.06484375 0.065625
1 0.68671875 0.478125 0.0546875 0.07109375
1 0.6359375 0.46484375 0.0546875 0.0765625
1 0.95078125 0.240625 0.090625 0.0984375
1 0.58125 0.57890625 0.27890625 0.2296875
1 0.44921875 0.56796875 0.0578125 0.109375
1 0.48359375 0.58203125 0.03984375 0.09296875
1 0.5015625 0.57890625 0.025 0.021875
1 0.42421875 0.5734375 0.06484375 0.109375
1 0.45078125 0.57890625 0.03984375 0.0765625
1 0.41484375 0.58984375 0.06875 0.1421875
1 0.40546875 0.60078125 0.0796875 0.13125
1 0.3859375 0.60390625 0.06875 0.13671875
1 0.35703125 0.60625 0.046875 0.1203125
1 0.328125 0.57890625 0.0328125 0.0546875
1 0.5703125 0.66640625 0.07578125 0.0875
1 0.5671875 0.675 0.1125 0.11484375
1 0.5109375 0.671875 0.07265625 0.109375
1 0.578125 0.72109375 0.0546875 0.04375
1 0.49609375 0.675 0.07265625 0.10390625
1 0.475 0.69375 0.08671875 0.0984375
1 0.56015625 0.74609375 0.1046875 0.04921875
1 0.54921875 0.75703125 0.1046875 0.03828125
1 0.4453125 0.71328125 0.1015625 0.10390625
1 0.4296875 0.73515625 0.1265625 0.13671875
1 0.50390625 0.78671875 0.06484375 0.0546875
1 0.28828125 0.5984375 0.06875 0.03828125
1 0.29140625 0.65 0.06875 0.0875
1 0.3421875 0.653125 0.046875 0.09296875
1 0.3203125 0.69375 0.03984375 0.0328125
1 0.37890625 0.74296875 0.03984375 0.0984375
1 0.409375 0.759375 0.0359375 0.065625
1 0.41640625 0.83046875 0.04375 0.065625
1 0.4453125 0.825 0.021875 0.0328125
1 0.38046875 0.84140625 0.0578125 0.065625
1 0.35703125 0.87734375 0.03984375 0.04921875
1 0.33359375 0.846875 0.04375 0.0546875
1 0.28984375 0.83046875 0.05078125 0.0765625
1 0.34453125 0.92109375 0.07265625 0.06015625
1 0.27734375 0.78125 0.09765625 0.0765625
1 0.296875 0.73203125 0.05078125 0.0546875
1 0.2171875 0.67734375 0.1453125 0.1421875
1 0.2296875 0.62578125 0.06171875 0.07109375
1 0.21953125 0.740625 0.06171875 0.06015625
1 0.19921875 0.76484375 0.225 0.2734375
1 0.203125 0.8140625 0.17421875 0.240625
1 0.24609375 0.9046875 0.05078125 0.10390625
1 0.225 0.8828125 0.07265625 0.13671875
1 0.1359375 0.8578125 0.271875 0.2734375
1 0.97109375 0.15546875 0.05078125 0.06015625
1 0.0359375 0.540625 0.04375 0.065625
1 0.01484375 0.5 0.02890625 0.09296875
1 0.0109375 0.565625 0.021875 0.04921875
1 0.04921875 0.16953125 0.0546875 0.0875
1 0.01640625 0.18046875 0.0328125 0.0875
1 0.01796875 0.10625 0.0359375 0.09296875
1 0.02890625 0.065625 0.0359375 0.04375
1 0.0671875 0.06015625 0.03984375 0.0765625
1 0.1046875 0.04921875 0.0359375 0.0765625
1 0.13046875 0.0546875 0.021875 0.0328125
1 0.159375 0.0515625 0.0359375 0.06015625
1 0.18125 0.06796875 0.021875 0.03828125
1 0.19765625 0.10078125 0.0328125 0.06015625
1 0.13203125 0.1203125 0.0328125 0.065625
1 0.16640625 0.11484375 0.0359375 0.0546875
1 0.19921875 0.15546875 0.04375 0.04921875
1 0.2265625 0.15 0.0328125 0.04921875
1 0.1609375 0.1640625 0.0328125 0.04375
1 0.125 0.16953125 0.03984375 0.0328125
1 0.1 0.15 0.03984375 0.04921875
1 0.0671875 0.11484375 0.046875 0.04375
1 0.103125 0.10625 0.025 0.02734375
1 0.759375 0.23203125 0.0328125 0.06015625
1 0.77734375 0.2703125 0.025 0.01640625
1 0.759375 0.2703125 0.01796875 0.02734375
1 0.73515625 0.2703125 0.021875 0.02734375
1 0.725 0.2265625 0.02890625 0.04921875
1 0.74609375 0.23203125 0.01484375 0.03828125
1 0.73203125 0.18828125 0.02890625 0.02734375
1 0.7046875 0.19921875 0.01796875 0.02734375
1 0.703125 0.175 0.02890625 0.021875
1 0.6796875 0.19375 0.0328125 0.03828125
1 0.6703125 0.1640625 0.02890625 0.0328125
1 0.6828125 0.25390625 0.06875 0.08203125
1 0.634375 0.2921875 0.0796875 0.10390625
1 0.53828125 0.28984375 0.090625 0.0984375
1 0.55625 0.171875 0.090625 0.10390625
1 0.61953125 0.1828125 0.06484375 0.10390625
1 0.4765625 0.21875 0.07578125 0.109375
1 0.1265625 0.42265625 0.253125 0.2359375
1 0.18828125 0.32265625 0.07265625 0.0984375
1 0.25546875 0.37734375 0.06875 0.0875
1 0.28828125 0.4375 0.06875 0.065625
1 0.30625 0.36640625 0.0546875 0.0765625
1 0.34609375 0.3578125 0.0328125 0.07109375
1 0.38984375 0.36328125 0.06171875 0.06015625
1 0.38984375 0.41015625 0.046875 0.0546875
1 0.34609375 0.4265625 0.06171875 0.0546875
1 0.35703125 0.2625 0.06171875 0.1203125
1 0.41640625 0.2625 0.04375 0.0546875
1 0.40234375 0.303125 0.021875 0.04921875
1 0.42421875 0.30078125 0.02890625 0.065625
1 0.4640625 0.28125 0.06484375 0.04921875
1 0.4640625 0.31953125 0.0578125 0.06015625
1 0.43984375 0.35546875 0.025 0.065625
1 0.465625 0.3609375 0.0328125 0.0328125
1 0.47265625 0.39375 0.0328125 0.04375
1 0.453125 0.39921875 0.02890625 0.04375
1 0.509375 0.36875 0.03984375 0.04921875
1 0.53046875 0.3578125 0.0328125 0.02734375
1 0.22109375 0.27578125 0.04375 0.03828125
1 0.2625 0.26796875 0.03984375 0.04375
1 0.28828125 0.25703125 0.01796875 0.0328125
1 0.2296875 0.3171875 0.0328125 0.04375
1 0.2609375 0.303125 0.0359375 0.03828125
1 0.29921875 0.29765625 0.03984375 0.02734375
1 0.27734375 0.3171875 0.025 0.0328125
1 0.61796875 0.1171875 0.03984375 0.03828125
1 0.65234375 0.12265625 0.04375 0.04921875
1 0.68125 0.1171875 0.021875 0.06015625
1 0.70859375 0.1421875 0.025 0.0546875
1 0.73203125 0.12578125 0.02890625 0.04375
1 0.74609375 0.1640625 0.02890625 0.0546875
1 0.728125 0.16953125 0.02890625 0.0328125
1 0.759375 0.11171875 0.025 0.02734375
1 0.775 0.1609375 0.0359375 0.06015625
1 0.80234375 0.153125 0.025 0.04375
1 0.8078125 0.19140625 0.0359375 0.04375
1 0.8390625 0.18828125 0.01796875 0.03828125
1 0.85703125 0.22109375 0.01796875 0.03828125
1 0.83671875 0.2265625 0.021875 0.03828125
1 0.8078125 0.2296875 0.0359375 0.0328125
1 0.78046875 0.2078125 0.025 0.04375
1 0.93828125 0.12265625 0.02890625 0.04921875
1 0.9796875 0.0875 0.0328125 0.0875
1 0.94375 0.0546875 0.046875 0.109375
1 0.92578125 0.0625 0.03984375 0.10390625
1 0.8875 0.1203125 0.02890625 0.0328125
1 0.8515625 0.10078125 0.02890625 0.01640625
1 0.86796875 0.12265625 0.025 0.03828125
1 0.9109375 0.12265625 0.01796875 0.02734375
1 0.91640625 0.16640625 0.01484375 0.03828125
1 0.9328125 0.175 0.01796875 0.04375
1 0.89140625 0.15859375 0.02890625 0.021875
1 0.89296875 0.21328125 0.03984375 0.04375
1 0.88046875 0.18828125 0.04375 0.04921875
1 0.8515625 0.12265625 0.05078125 0.06015625
1 0.85234375 0.01328125 0.0609375 0.0265625
1 0.7828125 0.021875 0.08671875 0.04375
1 0.73515625 0.04609375 0.021875 0.02734375
1 0.71171875 0.01328125 0.0546875 0.0265625
1 0.6765625 0.01328125 0.021875 0.0265625
1 0.6703125 0.04921875 0.0359375 0.0328125
1 0.69921875 0.04375 0.021875 0.0328125
1 0.7140625 0.04609375 0.01484375 0.03828125
1 0.6484375 0.01875 0.04375 0.0375
1 0.60703125 0.01640625 0.046875 0.0328125
1 0.62890625 0.05703125 0.046875 0.04921875
1 0.5890625 0.05703125 0.046875 0.04921875
1 0.56015625 0.02421875 0.0546875 0.0484375
1 0.53828125 0.0625 0.046875 0.09296875
1 0.50546875 0.02734375 0.06171875 0.0546875
1 0.490625 0.0734375 0.046875 0.08203125
1 0.44375 0.084375 0.0546875 0.07109375
1 0.453125 0.02734375 0.05078125 0.0546875
1 0.3984375 0.0546875 0.0578125 0.0765625
1 0.40546875 0.021875 0.04375 0.04375
1 0.3453125 0.02421875 0.075 0.0484375
1 0.38046875 0.0953125 0.06484375 0.07109375
1 0.33671875 0.10078125 0.0578125 0.07109375
1 0.284375 0.1171875 0.06875 0.06015625
1 0.24453125 0.08984375 0.046875 0.04921875
1 0.2046875 0.0546875 0.0328125 0.0328125
1 0.240625 0.0328125 0.06171875 0.065625
1 0.2859375 0.0546875 0.06484375 0.0765625
1 0.2953125 0.0109375 0.046875 0.021875
1 0.19375 0.021875 0.03984375 0.04375
1 0.12265625 0.01328125 0.1015625 0.0265625