1 0.96171875 0.83828125 0.06875 0.11484375
1 0.828125 0.59140625 0.3359375 0.46328125
1 0.9296875 0.33359375 0.13359375 0.4375
1 0.95 0.06015625 0.09140625 0.11953125
1 0.709375 0.21328125 0.38125 0.4265625
1 0.47890625 0.4921875 0.378125 0.49453125
1 0.43359375 0.79921875 0.3546875 0.19296875
1 0.66640625 0.80234375 0.19453125 0.1875
1 0.84140625 0.8671875 0.15625 0.06796875
1 0.27109375 0.77578125 0.17578125 0.25
1 0.1046875 0.8140625 0.209375 0.1625
1 0.15234375 0.4 0.3046875 0.678125
1 0.375 0.13515625 0.309375 0.2703125
1 0.1984375 0.12265625 0.10703125 0.08828125
1 0.103125 0.05703125 0.20625 0.1140625
1 0.4984375 0.45078125 0.99609375 0.90078125