1 0.87734375 0.809375 0.2375 0.153125
1 0.6453125 0.76953125 0.234375 0.2328125
1 0.4578125 0.78125 0.2375 0.21015625
1 0.24140625 0.81796875 0.21640625 0.125
1 0.15546875 0.64765625 0.3109375 0.465625
1 0.33046875 0.55390625 0.2203125 0.36953125
1 0.44375 0.346875 0.24453125 0.36328125
1 0.61171875 0.496875 0.2515625 0.32421875
1 0.72890625 0.6078125 0.09453125 0.1703125
1 0.85703125 0.58828125 0.15390625 0.32421875
1 0.94921875 0.61953125 0.09453125 0.39765625
1 0.78515625 0.41484375 0.2203125 0.35234375
1 0.46171875 0.565625 0.06328125 0.096875
1 0.93515625 0.3578125 0.12265625 0.1703125
1 0.9265625 0.27578125 0.09765625 0.08515625
1 0.7765625 0.2359375 0.2234375 0.2328125
1 0.50859375 0.19296875 0.15703125 0.22734375
1 0.61875 0.26953125 0.0703125 0.1078125
1 0.65703125 0.221875 0.08359375 0.13671875
1 0.7203125 0.13046875 0.11171875 0.06796875
1 0.634375 0.190625 0.06640625 0.0625
1 0.603125 0.153125 0.03125 0.13671875
1 0.31640625 0.11328125 0.1921875 0.2265625
1 0.38125 0.22421875 0.1609375 0.25546875
1 0.21875 0.2671875 0.17109375 0.30703125
1 0.115625 0.30390625 0.23046875 0.3125
1 0.06640625 0.08203125 0.1328125 0.1640625
1 0.16796875 0.0796875 0.11171875 0.125