1 0.796875 0.53125 0.278125 0.43125
1 0.96640625 0.69765625 0.06015625 0.40546875
1 0.85703125 0.88125 0.278125 0.2265625
1 0.69375 0.765625 0.20703125 0.384375
1 0.5640625 0.91328125 0.1953125 0.16328125
1 0.4828125 0.68671875 0.28203125 0.40546875
1 0.26484375 0.89453125 0.3421875 0.2
1 0.16953125 0.734375 0.25546875 0.36328125
1 0.06171875 0.8859375 0.1234375 0.20625
1 0.08828125 0.45234375 0.1765625 0.56875
1 0.30859375 0.34765625 0.33828125 0.46328125
1 0.5640625 0.51015625 0.203125 0.2421875
1 0.871875 0.21328125 0.2484375 0.4265625
1 0.5828125 0.184375 0.278125 0.36875
1 0.80078125 0.08671875 0.13515625 0.1734375
1 0.75546875 0.24453125 0.1203125 0.16328125
1 0.4375 0.0734375 0.190625 0.146875
1 0.16953125 0.09765625 0.3234375 0.19453125
1 0.0734375 0.14453125 0.146875 0.20546875