1 0.3875 0.325 0.37421875 0.19140625
1 0.30546875 0.35546875 0.6109375 0.175
1 0.35234375 0.54375 0.58203125 0.37734375
1 0.43125 0.696875 0.64375 0.5953125
1 0.36875 0.9234375 0.0984375 0.1421875
1 0.50390625 0.84453125 0.15625 0.30078125
1 0.47265625 0.65546875 0.0578125 0.0984375
1 0.5234375 0.6421875 0.02890625 0.06015625
1 0.66171875 0.80078125 0.07265625 0.31171875
1 0.55703125 0.1390625 0.8765625 0.278125
1 0.80703125 0.21328125 0.378125 0.2625
1 0.81640625 0.32265625 0.36015625 0.153125
1 0.86875 0.4484375 0.2546875 0.2515625
1 0.878125 0.66953125 0.0546875 0.23515625
1 0.96015625 0.63671875 0.07265625 0.22421875
1 0.78359375 0.653125 0.0328125 0.11484375