1 0.634375 0.34140625 0.1109375 0.134375
1 0.8078125 0.58046875 0.08828125 0.13984375
1 0.78203125 0.6828125 0.12578125 0.13984375
1 0.51640625 0.6078125 0.14765625 0.15078125
1 0.6015625 0.559375 0.0734375 0.12890625
1 0.37421875 0.6234375 0.1515625 0.19375
1 0.24375 0.65078125 0.11796875 0.13984375
1 0.20703125 0.5484375 0.13984375 0.21484375
1 0.33359375 0.4921875 0.13671875 0.25234375
1 0.41875 0.4515625 0.03359375 0.12890625
1 0.5015625 0.4328125 0.1546875 0.209375
1 0.56796875 0.37109375 0.06640625 0.06484375
1 0.55546875 0.31171875 0.07734375 0.075
1 0.47578125 0.3171875 0.1109375 0.1078125
1 0.36328125 0.34140625 0.1140625 0.134375
1 0.40625 0.2609375 0.08828125 0.06953125
1 0.603125 0.45703125 0.0625 0.11796875
1 0.65703125 0.459375 0.06640625 0.09140625