1 0.378125 0.621875 0.16875 0.24921875
1 0.68671875 0.90859375 0.2359375 0.1640625
1 0.9109375 0.76875 0.16875 0.16015625
1 0.78671875 0.75546875 0.0890625 0.115625
1 0.85546875 0.64453125 0.1375 0.1421875
1 0.6359375 0.74921875 0.2046875 0.15546875
1 0.74921875 0.6578125 0.1375 0.16015625
1 0.94921875 0.61796875 0.09296875 0.16875
1 0.82421875 0.85078125 0.18203125 0.09296875
1 0.37578125 0.8796875 0.315625 0.23125
1 0.546875 0.8890625 0.16875 0.21328125
1 0.24921875 0.8578125 0.15078125 0.16015625
1 0.09765625 0.8 0.12421875 0.12421875
1 0.1734375 0.7890625 0.1421875 0.09296875
1 0.15078125 0.9 0.115625 0.146875
1 0.2203125 0.653125 0.1734375 0.2046875
1 0.07109375 0.65078125 0.1421875 0.18203125
1 0.1375 0.6203125 0.1421875 0.2359375
1 0.29765625 0.47578125 0.24921875 0.16015625
1 0.48203125 0.46640625 0.1203125 0.115625
1 0.515625 0.58671875 0.10703125 0.09765625
1 0.56015625 0.67578125 0.18671875 0.18671875
1 0.6109375 0.50859375 0.19140625 0.1734375
1 0.72890625 0.40703125 0.178125 0.24453125
1 0.753125 0.55078125 0.12890625 0.15078125
1 0.90703125 0.5640625 0.178125 0.2578125
1 0.9203125 0.4046875 0.15078125 0.13359375
1 0.8890625 0.29296875 0.13359375 0.115625
1 0.8265625 0.22421875 0.2046875 0.12890625
1 0.7578125 0.1359375 0.1640625 0.1375
1 0.59765625 0.07109375 0.1640625 0.12421875
1 0.43125 0.084375 0.178125 0.12421875
1 0.415625 0.24921875 0.18203125 0.284375
1 0.58203125 0.3421875 0.2578125 0.1953125
1 0.615625 0.19140625 0.21796875 0.12421875
1 0.2625 0.19140625 0.16875 0.16875
1 0.184375 0.26875 0.2 0.1203125
1 0.10234375 0.378125 0.178125 0.21328125
1 0.09296875 0.478125 0.1859375 0.2
1 0.3 0.421875 0.2890625 0.24921875