1 0.17890625 0.75 0.21015625 0.14296875
1 0.22734375 0.7046875 0.4546875 0.115625
1 0.28984375 0.5609375 0.4546875 0.1640625
1 0.73046875 0.56640625 0.33515625 0.19609375
1 0.85546875 0.41796875 0.278125 0.2765625
1 0.465625 0.36875 0.4203125 0.234375
1 0.1109375 0.40703125 0.221875 0.19921875
1 0.34375 0.21640625 0.4375 0.29375
1 0.78671875 0.21328125 0.41484375 0.2515625
1 0.65078125 0.090625 0.3578125 0.18125
1 0.91484375 0.06328125 0.159375 0.12578125
1 0.30078125 0.071875 0.3296875 0.14296875
1 0.090625 0.178125 0.18125 0.203125