1 0.0984375 0.3421875 0.196875 0.48828125
1 0.19140625 0.59765625 0.12734375 0.1953125
1 0.0640625 0.6921875 0.12734375 0.2125
1 0.28125 0.5375 0.134375 0.2125
1 0.234375 0.31640625 0.165625 0.36796875
1 0.26171875 0.20703125 0.165625 0.321875
1 0.346875 0.43125 0.0859375 0.253125
1 0.38125 0.503125 0.07265625 0.20078125
1 0.396875 0.66640625 0.06875 0.103125
1 0.446875 0.6234375 0.05859375 0.09765625
1 0.51015625 0.64921875 0.06875 0.11484375
1 0.57578125 0.61484375 0.06875 0.11484375
1 0.6328125 0.66640625 0.07265625 0.1265625
1 0.746875 0.71015625 0.0796875 0.13203125
1 0.8140625 0.603125 0.165625 0.2875
1 0.90859375 0.496875 0.0859375 0.1203125
1 0.9203125 0.64375 0.07578125 0.1265625
1 0.94296875 0.60078125 0.0796875 0.109375
1 0.95859375 0.39375 0.07578125 0.32734375
1 0.9328125 0.2703125 0.0859375 0.34453125
1 0.98125 0.215625 0.03125 0.2703125
1 0.75859375 0.1609375 0.47578125 0.321875
1 0.7796875 0.3015625 0.26171875 0.3390625
1 0.73828125 0.47421875 0.096875 0.14375
1 0.66171875 0.5546875 0.14453125 0.2125
1 0.5640625 0.5578125 0.07265625 0.103125
1 0.64453125 0.38515625 0.07578125 0.1265625
1 0.54296875 0.4140625 0.14140625 0.21875
1 0.48125 0.17265625 0.16171875 0.34453125
1 0.5359375 0.08359375 0.09296875 0.16640625
1 0.26171875 0.14921875 0.3515625 0.2984375