1 0.35078125 0.184375 0.16484375 0.1734375
1 0.5109375 0.26875 0.13828125 0.146875
1 0.37265625 0.48203125 0.27265625 0.378125
1 0.33671875 0.5046875 0.40625 0.30703125
1 0.56015625 0.3890625 0.41484375 0.41328125
1 0.6828125 0.55546875 0.125 0.12421875
1 0.84375 0.61328125 0.13359375 0.13359375
1 0.6765625 0.70703125 0.1296875 0.13359375
1 0.5359375 0.6640625 0.1515625 0.1375
1 0.421875 0.82421875 0.20078125 0.20859375
1 0.28359375 0.7203125 0.14765625 0.15078125
1 0.13828125 0.6796875 0.125 0.10703125