1 0.8828125 0.76796875 0.08515625 0.184375
1 0.896875 0.61484375 0.078125 0.16796875
1 0.79609375 0.51953125 0.09609375 0.16796875
1 0.7265625 0.5390625 0.0421875 0.128125
1 0.6828125 0.60078125 0.08125 0.15078125
1 0.7875 0.70390625 0.10625 0.12265625
1 0.7765625 0.81015625 0.134375 0.16796875
1 0.68046875 0.86328125 0.134375 0.128125
1 0.634375 0.7234375 0.09921875 0.1953125
1 0.6578125 0.4578125 0.11015625 0.2125
1 0.65234375 0.33828125 0.134375 0.13984375
1 0.5640625 0.2625 0.1203125 0.18984375
1 0.603125 0.315625 0.05703125 0.08359375
1 0.49296875 0.2734375 0.07109375 0.0671875
1 0.49453125 0.36015625 0.07421875 0.128125
1 0.38828125 0.32109375 0.13125 0.128125
1 0.39375 0.371875 0.1421875 0.15078125
1 0.42578125 0.503125 0.14921875 0.16796875
1 0.54453125 0.49140625 0.1171875 0.234375
1 0.47890625 0.65390625 0.10625 0.18984375
1 0.56015625 0.81015625 0.0921875 0.18984375
1 0.553125 0.64765625 0.07109375 0.12265625
1 0.484375 0.865625 0.11015625 0.2125
1 0.4234375 0.7234375 0.08125 0.16171875
1 0.39921875 0.840625 0.0671875 0.128125
1 0.3546875 0.7484375 0.0640625 0.10078125
1 0.3296875 0.63671875 0.10625 0.15625
1 0.29453125 0.39921875 0.07109375 0.10625
1 0.28359375 0.4640625 0.0921875 0.16796875
1 0.20546875 0.46640625 0.09921875 0.1953125
1 0.24609375 0.684375 0.09609375 0.2515625
1 0.3015625 0.85234375 0.134375 0.184375
1 0.18046875 0.8046875 0.09921875 0.20078125
1 0.1328125 0.74296875 0.103125 0.2125
1 0.08828125 0.5671875 0.15625 0.1953125
1 0.09765625 0.66796875 0.16640625 0.20703125
1 0.0765625 0.815625 0.11015625 0.2125