1 0.9359375 0.78671875 0.090625 0.0578125
1 0.9359375 0.70234375 0.090625 0.12109375
1 0.94375 0.53671875 0.0828125 0.1265625
1 0.9265625 0.58125 0.04921875 0.07890625
1 0.95859375 0.615625 0.053125 0.0421875
1 0.90390625 0.6265625 0.05625 0.06328125
1 0.89609375 0.56328125 0.04140625 0.0734375
1 0.84921875 0.53125 0.07578125 0.10546875
1 0.8921875 0.484375 0.03359375 0.0734375
1 0.86796875 0.4265625 0.0828125 0.084375
1 0.890625 0.35546875 0.06015625 0.07890625
1 0.90390625 0.29453125 0.0640625 0.06328125
1 0.94921875 0.38671875 0.071875 0.15234375
1 0.96015625 0.2765625 0.04140625 0.0578125
1 0.92265625 0.15546875 0.1171875 0.23671875
1 0.8015625 0.23125 0.1625 0.21015625
1 0.8640625 0.30546875 0.053125 0.06328125
1 0.83359375 0.36015625 0.053125 0.06875
1 0.7921875 0.36328125 0.06015625 0.05234375
1 0.7640625 0.43671875 0.1171875 0.13671875
1 0.79453125 0.53671875 0.05625 0.06328125
1 0.71875 0.5421875 0.109375 0.22109375
1 0.853125 0.634375 0.0453125 0.0578125
1 0.83359375 0.7234375 0.0984375 0.1734375
1 0.76015625 0.75546875 0.12421875 0.13125
1 0.6375 0.51875 0.0984375 0.12109375
1 0.62421875 0.40234375 0.04921875 0.04765625
1 0.6546875 0.36328125 0.09453125 0.18984375
1 0.72265625 0.32890625 0.07890625 0.08984375
1 0.5453125 0.20234375 0.21484375 0.12109375
1 0.7 0.22890625 0.09453125 0.1421875
1 0.74375 0.15546875 0.0375 0.03671875
1 0.83203125 0.115625 0.07890625 0.084375
1 0.7828125 0.07890625 0.2 0.0734375
1 0.6828125 0.05546875 0.07578125 0.04765625
1 0.57734375 0.10234375 0.14375 0.15234375
1 0.46640625 0.12109375 0.12421875 0.16875
1 0.4734375 0.034375 0.04921875 0.0265625
1 0.29609375 0.16875 0.2984375 0.315625
1 0.0828125 0.15234375 0.07578125 0.09453125
1 0.08125 0.07890625 0.04921875 0.06328125
1 0.12421875 0.134375 0.0375 0.0578125
1 0.128125 0.28984375 0.16640625 0.09453125
1 0.153125 0.22890625 0.0640625 0.04765625
1 0.12109375 0.384375 0.15859375 0.16875
1 0.2375 0.3921875 0.16640625 0.1421875
1 0.1890625 0.65 0.29453125 0.36328125
1 0.2015625 0.77890625 0.1546875 0.10546875
1 0.0984375 0.71875 0.10546875 0.184375
1 0.37890625 0.58125 0.0640625 0.07890625
1 0.2734375 0.42890625 0.08671875 0.12109375
1 0.109375 0.50546875 0.0828125 0.09453125
1 0.36953125 0.78984375 0.0828125 0.09453125
1 0.53203125 0.715625 0.38515625 0.22109375
1 0.5984375 0.57890625 0.04921875 0.06328125
1 0.63046875 0.6234375 0.06015625 0.07890625
1 0.67734375 0.56328125 0.04921875 0.06328125
1 0.56796875 0.5421875 0.0640625 0.1265625
1 0.55625 0.45234375 0.071875 0.084375
1 0.571875 0.39453125 0.07890625 0.115625
1 0.546875 0.27890625 0.15078125 0.14765625
1 0.56640625 0.1921875 0.15859375 0.1
1 0.61875 0.28671875 0.053125 0.0578125