1 0.81484375 0.67109375 0.2109375 0.3734375
1 0.7453125 0.81328125 0.09453125 0.1
1 0.7625 0.465625 0.15859375 0.2265625
1 0.85859375 0.4421875 0.04140625 0.084375
1 0.85078125 0.38125 0.04140625 0.06875
1 0.8265625 0.35234375 0.06015625 0.0734375
1 0.86640625 0.29765625 0.04921875 0.06875
1 0.85859375 0.23671875 0.05625 0.06328125
1 0.8375 0.1921875 0.0375 0.04765625
1 0.81875 0.26015625 0.053125 0.06875
1 0.82109375 0.3 0.04140625 0.03125
1 0.76015625 0.315625 0.05625 0.0734375
1 0.7546875 0.26015625 0.0375 0.03671875
1 0.76953125 0.22890625 0.090625 0.12109375
1 0.7078125 0.21875 0.04921875 0.07890625
1 0.71484375 0.3 0.04140625 0.084375
1 0.68671875 0.76328125 0.0828125 0.10546875
1 0.68515625 0.65234375 0.05625 0.115625
1 0.653125 0.565625 0.0453125 0.0578125
1 0.64921875 0.484375 0.07578125 0.09453125
1 0.671875 0.4078125 0.03046875 0.04765625
1 0.61484375 0.3734375 0.0984375 0.13671875
1 0.61484375 0.30234375 0.06015625 0.0578125
1 0.63359375 0.2265625 0.090625 0.10546875
1 0.6734375 0.27109375 0.04140625 0.0578125
1 0.6625 0.31015625 0.03359375 0.0421875
1 0.6921875 0.35 0.05625 0.0578125
1 0.5984375 0.46328125 0.03359375 0.06328125
1 0.53359375 0.44765625 0.08671875 0.115625
1 0.5921875 0.55234375 0.0828125 0.09453125
1 0.609375 0.62109375 0.05625 0.0734375
1 0.6171875 0.66328125 0.1625 0.17890625
1 0.6 0.79453125 0.0984375 0.115625
1 0.63046875 0.715625 0.053125 0.05234375
1 0.528125 0.784375 0.053125 0.0734375
1 0.51484375 0.7265625 0.12421875 0.25234375
1 0.509375 0.58984375 0.0828125 0.084375
1 0.5078125 0.50546875 0.1546875 0.10546875
1 0.4734375 0.40546875 0.16953125 0.14765625
1 0.56640625 0.28671875 0.06796875 0.13125
1 0.528125 0.23125 0.0828125 0.10546875
1 0.57890625 0.18671875 0.04140625 0.0578125
1 0.33359375 0.20234375 0.04140625 0.13125
1 0.3640625 0.18984375 0.04140625 0.084375
1 0.39609375 0.1765625 0.07578125 0.06875
1 0.45859375 0.16875 0.1171875 0.0734375
1 0.428125 0.2421875 0.18515625 0.1265625
1 0.42421875 0.315625 0.1546875 0.06328125
1 0.428125 0.33671875 0.2 0.09453125
1 0.44375 0.68671875 0.1015625 0.1421875
1 0.41875 0.55234375 0.090625 0.1265625
1 0.3890625 0.43984375 0.07578125 0.12109375
1 0.4109375 0.36015625 0.1359375 0.0578125
1 0.4828125 0.33671875 0.11328125 0.05234375
1 0.23984375 0.33671875 0.1625 0.17890625
1 0.28671875 0.4921875 0.06796875 0.1734375
1 0.34140625 0.62109375 0.109375 0.09453125
1 0.3453125 0.7265625 0.13203125 0.26328125
1 0.35078125 0.75 0.0984375 0.2265625
1 0.32265625 0.77109375 0.04921875 0.24765625
1 0.2890625 0.6921875 0.04140625 0.19453125
1 0.27578125 0.72890625 0.0375 0.28984375
1 0.25078125 0.72890625 0.04140625 0.27890625
1 0.21484375 0.73671875 0.0828125 0.2734375
1 0.23046875 0.52109375 0.0375 0.09453125
1 0.228125 0.434375 0.04140625 0.07890625
1 0.2015625 0.4765625 0.03359375 0.06875
1 0.2359375 0.58984375 0.0265625 0.06328125
1 0.18125 0.28671875 0.053125 0.08984375
1 0.1453125 0.25546875 0.07890625 0.0578125
1 0.17890625 0.20234375 0.04921875 0.07890625
1 0.1375 0.18671875 0.03359375 0.0578125
1 0.23046875 0.20234375 0.0453125 0.07890625
1 0.26796875 0.2 0.0453125 0.06328125
1 0.253125 0.26015625 0.0375 0.0578125
1 0.22421875 0.25234375 0.03359375 0.05234375
1 0.1375 0.3078125 0.04921875 0.03671875
1 0.13984375 0.35546875 0.0453125 0.0578125
1 0.2109375 0.3734375 0.2109375 0.14765625
1 0.15625 0.54765625 0.13984375 0.3265625
1 0.13359375 0.6765625 0.13203125 0.2578125
1 0.11875 0.815625 0.09453125 0.115625
1 0.4375 0.79765625 0.06015625 0.07890625
1 0.4015625 0.75 0.04921875 0.07890625
1 0.371875 0.69453125 0.04140625 0.0734375
1 0.3734375 0.61875 0.06015625 0.07890625
1 0.4921875 0.64765625 0.04140625 0.0734375
1 0.33046875 0.46328125 0.1015625 0.22109375