1 0.86171875 0.4125 0.1234375 0.16953125
1 0.92734375 0.5625 0.13828125 0.2625
1 0.72890625 0.48359375 0.265625 0.36640625
1 0.73828125 0.57109375 0.21796875 0.31171875
1 0.58203125 0.54921875 0.109375 0.21328125
1 0.49453125 0.44296875 0.11640625 0.196875
1 0.5328125 0.26484375 0.0546875 0.07109375
1 0.4203125 0.47265625 0.22890625 0.39921875
1 0.4421875 0.5953125 0.3015625 0.3609375
1 0.2421875 0.4015625 0.1203125 0.18046875
1 0.1671875 0.45625 0.30546875 0.34453125
1 0.11640625 0.59296875 0.2328125 0.25703125
1 0.2796875 0.740625 0.04375 0.10390625
1 0.32890625 0.7078125 0.04765625 0.06015625