1 0.68828125 0.775 0.61640625 0.1109375
1 0.71015625 0.70625 0.54921875 0.121875
1 0.86640625 0.89921875 0.259375 0.190625
1 0.63359375 0.9125 0.24453125 0.1640625
1 0.48125 0.9125 0.30078125 0.1640625
1 0.31171875 0.8203125 0.203125 0.24375
1 0.18203125 0.928125 0.3640625 0.13125
1 0.1203125 0.81484375 0.240625 0.190625
1 0.16015625 0.71171875 0.01875 0.0265625
1 0.08828125 0.68515625 0.11640625 0.1109375
1 0.18046875 0.6296875 0.1203125 0.1484375
1 0.2484375 0.6640625 0.15 0.14296875
1 0.37578125 0.66953125 0.22578125 0.10078125
1 0.3625 0.59296875 0.08671875 0.0953125
1 0.48671875 0.60078125 0.1765625 0.13203125
1 0.61484375 0.61875 0.07890625 0.06328125
1 0.72578125 0.6375 0.128125 0.06875
1 0.87421875 0.66171875 0.24453125 0.1375
1 0.96640625 0.5609375 0.06015625 0.12734375
1 0.82109375 0.5609375 0.221875 0.12734375
1 0.640625 0.5421875 0.146875 0.1640625
1 0.5296875 0.4390625 0.15 0.20078125
1 0.5921875 0.4546875 0.05625 0.06328125
1 0.65625 0.39921875 0.1015625 0.14296875
1 0.01328125 0.6875 0.0265625 0.07421875
1 0.0546875 0.603125 0.109375 0.1375
1 0.20703125 0.48671875 0.18828125 0.24375
1 0.1109375 0.52109375 0.13125 0.2484375
1 0.2703125 0.5234375 0.18828125 0.2328125
1 0.41328125 0.3125 0.240625 0.38125
1 0.75546875 0.33828125 0.10546875 0.25390625
1 0.8890625 0.4125 0.2140625 0.1796875
1 0.96015625 0.30703125 0.07109375 0.190625
1 0.6 0.28828125 0.19921875 0.14296875
1 0.01484375 0.53203125 0.0296875 0.0796875
1 0.03984375 0.45234375 0.07890625 0.153125
1 0.09765625 0.32578125 0.14296875 0.2171875
1 0.0203125 0.3328125 0.040625 0.10625
1 0.20703125 0.3171875 0.1125 0.16953125
1 0.21015625 0.20625 0.1125 0.10546875
1 0.30859375 0.278125 0.128125 0.17421875
1 0.27265625 0.12421875 0.19140625 0.13203125
1 0.5 0.17734375 0.2484375 0.13203125
1 0.7671875 0.1875 0.33828125 0.290625