1 0.8828125 0.85078125 0.22578125 0.2515625
1 0.86015625 0.959375 0.21328125 0.07109375
1 0.87265625 0.65625 0.246875 0.2796875
1 0.8453125 0.3859375 0.259375 0.2984375
1 0.815625 0.25859375 0.17578125 0.146875
1 0.63203125 0.165625 0.29296875 0.29375
1 0.60234375 0.440625 0.31796875 0.303125
1 0.63203125 0.6921875 0.3015625 0.24609375
1 0.5875 0.8765625 0.2890625 0.23671875
1 0.35390625 0.940625 0.28046875 0.109375
1 0.39921875 0.7515625 0.246875 0.2796875
1 0.1546875 0.78203125 0.309375 0.32265625
1 0.0625 0.94921875 0.125 0.0890625
1 0.184375 0.959375 0.1171875 0.07109375
1 0.02890625 0.69609375 0.0578125 0.1421875
1 0.0859375 0.49296875 0.171875 0.29375
1 0.315625 0.46484375 0.246875 0.32265625
1 0.41875 0.27734375 0.159375 0.15625
1 0.39453125 0.1015625 0.2640625 0.203125
1 0.184375 0.26796875 0.309375 0.3078125
1 0.221875 0.109375 0.184375 0.09453125
1 0.0484375 0.17734375 0.09609375 0.32734375