1 0.96953125 0.83359375 0.05546875 0.12890625
1 0.9515625 0.9078125 0.04375 0.08828125
1 0.9109375 0.9015625 0.03828125 0.08828125
1 0.90390625 0.81640625 0.0703125 0.1359375
1 0.93984375 0.75546875 0.04921875 0.10859375
1 0.98125 0.70390625 0.03203125 0.12890625
1 0.94453125 0.6703125 0.05859375 0.10234375
1 0.98125 0.5609375 0.03203125 0.14296875
1 0.953125 0.5953125 0.046875 0.08828125
1 0.90390625 0.575 0.0640625 0.12890625
1 0.9375 0.5 0.04375 0.12890625
1 0.8890625 0.69375 0.05234375 0.10859375
1 0.83515625 0.89140625 0.0265625 0.06796875
1 0.8421875 0.921875 0.0234375 0.034375
1 0.865625 0.94921875 0.0234375 0.075
1 0.83984375 0.96953125 0.02890625 0.04765625
1 0.8453125 0.83359375 0.02890625 0.0609375
1 0.83984375 0.765625 0.0171875 0.0609375
1 0.81171875 0.73828125 0.03203125 0.0609375
1 0.8234375 0.771875 0.0203125 0.034375
1 0.81484375 0.79921875 0.03203125 0.0609375
1 0.8046875 0.846875 0.040625 0.075
1 0.8078125 0.9078125 0.0171875 0.0609375
1 0.81796875 0.95546875 0.0265625 0.0609375
1 0.81171875 0.9796875 0.0265625 0.02734375
1 0.77421875 0.728125 0.03828125 0.040625
1 0.75546875 0.7859375 0.0234375 0.10234375
1 0.77578125 0.80625 0.040625 0.08828125
1 0.73359375 0.74453125 0.03203125 0.08828125
1 0.715625 0.80625 0.04375 0.04765625
1 0.74375 0.87109375 0.0234375 0.08125
1 0.7625 0.87421875 0.03203125 0.075
1 0.7171875 0.89453125 0.0234375 0.0609375
1 0.70859375 0.846875 0.0171875 0.034375
1 0.696875 0.87109375 0.0234375 0.06796875
1 0.690625 0.92890625 0.0171875 0.0609375
1 0.7125 0.959375 0.0265625 0.06796875
1 0.74375 0.96953125 0.02890625 0.04765625
1 0.77421875 0.9453125 0.03828125 0.0953125
1 0.6953125 0.9796875 0.0203125 0.02734375
1 0.62109375 0.93515625 0.05234375 0.08828125
1 0.6328125 0.81953125 0.040625 0.115625
1 0.646875 0.85703125 0.03515625 0.0953125
1 0.66484375 0.76171875 0.02890625 0.0953125
1 0.6765625 0.66640625 0.0234375 0.0953125
1 0.64453125 0.68671875 0.046875 0.08125
1 0.634375 0.7515625 0.03828125 0.08828125
1 0.60078125 0.76171875 0.040625 0.10859375
1 0.60078125 0.85 0.02890625 0.08125
1 0.58125 0.925 0.03203125 0.06796875
1 0.55390625 0.9453125 0.046875 0.0953125
1 0.59453125 0.96953125 0.02890625 0.0203125
1 0.54375 0.43515625 0.03828125 0.0953125
1 0.5046875 0.48671875 0.02890625 0.08828125
1 0.5421875 0.49296875 0.03515625 0.0609375
1 0.5203125 0.534375 0.03828125 0.075
1 0.5703125 0.45234375 0.0265625 0.075
1 0.59296875 0.459375 0.0265625 0.075
1 0.62109375 0.496875 0.02890625 0.06796875
1 0.64140625 0.5234375 0.02890625 0.0546875
1 0.6515625 0.57109375 0.04921875 0.08125
1 0.66875 0.60546875 0.03203125 0.06796875
1 0.628125 0.62890625 0.03203125 0.0609375
1 0.625 0.56796875 0.0265625 0.0609375
1 0.60078125 0.52734375 0.040625 0.10234375
1 0.59453125 0.60546875 0.03515625 0.08125
1 0.590625 0.66640625 0.03203125 0.08125
1 0.5625 0.72109375 0.03515625 0.06796875
1 0.546875 0.79921875 0.03828125 0.08828125
1 0.57109375 0.85390625 0.02890625 0.0609375
1 0.5453125 0.88125 0.040625 0.08828125
1 0.51875 0.884375 0.0234375 0.08125
1 0.51640625 0.79609375 0.0234375 0.08125
1 0.51171875 0.7109375 0.0265625 0.075
1 0.53671875 0.72109375 0.0234375 0.08125
1 0.55703125 0.65625 0.03515625 0.075
1 0.5640625 0.57109375 0.04375 0.1359375
1 0.52890625 0.615625 0.03203125 0.12890625
1 0.49453125 0.62578125 0.03203125 0.0953125
1 0.5046875 0.575 0.0234375 0.04765625
1 0.4828125 0.9453125 0.0609375 0.0953125
1 0.7 0.33984375 0.05234375 0.1359375
1 0.653125 0.39453125 0.05234375 0.12265625
1 0.6484375 0.2921875 0.03828125 0.0953125
1 0.675 0.1359375 0.05546875 0.12265625
1 0.64140625 0.2078125 0.040625 0.08828125
1 0.6046875 0.26171875 0.04921875 0.12890625
1 0.6140625 0.36015625 0.04375 0.0546875
1 0.81640625 0.503125 0.09296875 0.16328125
1 0.83125 0.60546875 0.0703125 0.16328125
1 0.75078125 0.60859375 0.1078125 0.12890625
1 0.72890625 0.48984375 0.0875 0.15
1 0.7875 0.39140625 0.05234375 0.115625
1 0.74765625 0.37421875 0.03828125 0.15
1 0.85390625 0.23125 0.02890625 0.0953125
1 0.81015625 0.21796875 0.0640625 0.0953125
1 0.79140625 0.2859375 0.084375 0.0953125
1 0.8296875 0.1125 0.03203125 0.12890625
1 0.8078125 0.153125 0.03515625 0.08828125
1 0.85859375 0.0984375 0.0265625 0.04765625
1 0.853125 0.14609375 0.01484375 0.0609375
1 0.875 0.18046875 0.03515625 0.075
1 0.76953125 0.18359375 0.046875 0.0953125
1 0.77265625 0.115625 0.08125 0.23125
1 0.77890625 0.11875 0.1203125 0.2375
1 0.83515625 0.0375 0.03828125 0.075
1 0.875 0.0375 0.046875 0.075
1 0.75234375 0.06484375 0.0640625 0.115625
1 0.74609375 0.0921875 0.03515625 0.075
1 0.70703125 0.03046875 0.0265625 0.0609375
1 0.68046875 0.034375 0.10234375 0.06796875
1 0.6484375 0.08515625 0.03828125 0.08828125
1 0.62109375 0.115625 0.05234375 0.12265625
1 0.57265625 0.14609375 0.04921875 0.115625
1 0.5484375 0.22421875 0.05234375 0.10859375
1 0.5828125 0.2140625 0.0234375 0.04765625
1 0.55859375 0.3296875 0.05546875 0.115625
1 0.5265625 0.23828125 0.0265625 0.0953125
1 0.53203125 0.08828125 0.0609375 0.12265625
1 0.57890625 0.04453125 0.04921875 0.08828125
1 0.53515625 0.0171875 0.03828125 0.034375
1 0.29609375 0.93203125 0.125 0.12265625
1 0.22734375 0.96953125 0.03515625 0.04765625
1 0.278125 0.534375 0.04375 0.4828125
1 0.321875 0.57109375 0.05546875 0.3265625
1 0.31796875 0.57109375 0.03515625 0.35390625
1 0.240625 0.62265625 0.04921875 0.42890625
1 0.25078125 0.49296875 0.0171875 0.15625
1 0.20859375 0.78203125 0.04375 0.35390625
1 0.18671875 0.63984375 0.0640625 0.39453125
1 0.18359375 0.66015625 0.03515625 0.4625
1 0.178125 0.96953125 0.05859375 0.04765625
1 0.13828125 0.95546875 0.03828125 0.075
1 0.10234375 0.9453125 0.046875 0.0953125
1 0.42734375 0.89140625 0.03203125 0.08125
1 0.42109375 0.80625 0.03203125 0.075
1 0.45078125 0.7890625 0.03828125 0.0953125
1 0.3875 0.85 0.040625 0.06796875
1 0.3875 0.91875 0.040625 0.08125
1 0.346875 0.846875 0.03515625 0.08828125
1 0.3671875 0.8234375 0.02890625 0.06796875
1 0.346875 0.77890625 0.046875 0.04765625
1 0.38359375 0.728125 0.03828125 0.06796875
1 0.3953125 0.7859375 0.03203125 0.0609375
1 0.42421875 0.71796875 0.04921875 0.10234375
1 0.4578125 0.6734375 0.0234375 0.12265625
1 0.415625 0.62578125 0.03828125 0.06796875
1 0.3875 0.65625 0.03515625 0.08828125
1 0.36328125 0.61875 0.0203125 0.08125
1 0.3875 0.58515625 0.03515625 0.08125
1 0.44609375 0.578125 0.040625 0.0953125
1 0.4734375 0.60546875 0.01484375 0.0953125
1 0.4609375 0.51015625 0.040625 0.06796875
1 0.46171875 0.4453125 0.04375 0.075
1 0.4296875 0.47265625 0.0265625 0.075
1 0.4109375 0.51328125 0.03515625 0.10234375
1 0.37890625 0.51015625 0.02890625 0.06796875
1 0.0859375 0.14609375 0.1078125 0.2921875
1 0.03203125 0.20390625 0.0640625 0.4078125
1 0.171875 0.3265625 0.0703125 0.1359375
1 0.15625 0.16640625 0.05546875 0.22421875
1 0.15859375 0.115625 0.03828125 0.190625
1 0.2390625 0.23125 0.0703125 0.10859375
1 0.27578125 0.23828125 0.07265625 0.15
1 0.284375 0.15625 0.04375 0.10859375
1 0.25546875 0.08125 0.03203125 0.1359375
1 0.2859375 0.0609375 0.02890625 0.08125
1 0.31015625 0.02734375 0.04921875 0.0546875
1 0.22578125 0.06796875 0.0265625 0.1359375
1 0.1734375 0.034375 0.0671875 0.06796875
1 0.3875 0.309375 0.05859375 0.23828125
1 0.41953125 0.23125 0.02890625 0.1765625
1 0.44609375 0.33359375 0.0234375 0.10859375
1 0.44921875 0.20078125 0.0234375 0.19765625
1 0.46953125 0.228125 0.040625 0.22421875
1 0.5015625 0.18671875 0.046875 0.14296875
1 0.35 0.234375 0.0875 0.115625
1 0.3453125 0.29921875 0.0671875 0.15
1 0.321875 0.12890625 0.05546875 0.23125
1 0.41328125 0.0234375 0.1390625 0.046875
1 0.3671875 0.10859375 0.040625 0.1359375
1 0.3890625 0.1125 0.03203125 0.14296875
1 0.43125 0.08125 0.046875 0.1359375
1 0.1109375 0.4796875 0.040625 0.18359375
1 0.12265625 0.425 0.0171875 0.14296875
1 0.13828125 0.35390625 0.0203125 0.06796875
1 0.15859375 0.41484375 0.0609375 0.040625
1 0.0625 0.57109375 0.084375 0.16328125
1 0.06015625 0.60546875 0.0203125 0.10859375
1 0.08125 0.6734375 0.03515625 0.20390625
1 0.1265625 0.846875 0.07890625 0.10234375
1 0.10234375 0.93203125 0.02890625 0.12265625
1 0.0625 0.8875 0.03828125 0.2109375
1 0.0265625 0.83984375 0.05234375 0.10234375
1 0.0265625 0.9390625 0.046875 0.10859375
1 0.021875 0.73828125 0.04375 0.19765625
1 0.0890625 0.70390625 0.1078125 0.15625
1 0.125 0.55078125 0.05859375 0.2859375
1 0.09609375 0.421875 0.09921875 0.23125
1 0.04375 0.5375 0.0875 0.25859375