1 0.91796875 0.88125 0.15703125 0.2265625
1 0.98828125 0.85390625 0.01640625 0.184375
1 0.9203125 0.64609375 0.153125 0.30390625
1 0.946875 0.26796875 0.1 0.5359375
1 0.9796875 0.04453125 0.03359375 0.0890625
1 0.90859375 0.4078125 0.11640625 0.20859375
1 0.9234375 0.25625 0.0734375 0.190625
1 0.85 0.25 0.1 0.190625
1 0.79296875 0.4375 0.1265625 0.23203125
1 0.78828125 0.60390625 0.15703125 0.20859375
1 0.80859375 0.82421875 0.11015625 0.20859375
1 0.7453125 0.69921875 0.103125 0.184375
1 0.83515625 0.72890625 0.0765625 0.1015625
1 0.71640625 0.75859375 0.053125 0.11328125
1 0.71015625 0.934375 0.06640625 0.11875
1 0.74140625 0.97890625 0.03671875 0.0296875
1 0.803125 0.9734375 0.053125 0.04140625
1 0.8015625 0.92890625 0.03671875 0.04765625
1 0.84296875 0.9703125 0.046875 0.04765625
1 0.6515625 0.80078125 0.0765625 0.38671875
1 0.6765625 0.63984375 0.06015625 0.13671875
1 0.61484375 0.5265625 0.04296875 0.1015625
1 0.571875 0.63125 0.11015625 0.16640625
1 0.50859375 0.74375 0.0765625 0.11875
1 0.5484375 0.80078125 0.1296875 0.17265625
1 0.6046875 0.878125 0.06328125 0.125
1 0.53984375 0.9140625 0.0796875 0.125
1 0.60703125 0.9640625 0.0796875 0.059375
1 0.54140625 0.98515625 0.05 0.01796875
1 0.5265625 0.8125 0.1734375 0.24375
1 0.375 0.82421875 0.15 0.25625
1 0.446875 0.94609375 0.10703125 0.0953125
1 0.46015625 0.55390625 0.146875 0.2734375
1 0.56328125 0.44609375 0.11328125 0.20234375
1 0.64296875 0.44375 0.046875 0.11328125
1 0.69140625 0.41953125 0.05 0.125
1 0.7 0.50859375 0.0734375 0.07734375
1 0.65859375 0.5328125 0.04296875 0.0890625
1 0.63984375 0.36015625 0.06015625 0.07734375
1 0.675 0.2796875 0.05703125 0.07109375
1 0.71015625 0.3390625 0.053125 0.13125
1 0.7484375 0.2734375 0.0703125 0.0953125
1 0.7515625 0.1875 0.05703125 0.11328125
1 0.6953125 0.17578125 0.05 0.13671875
1 0.63984375 0.27109375 0.06015625 0.1015625
1 0.6453125 0.17265625 0.06328125 0.08359375
1 0.70859375 0.0859375 0.04296875 0.065625
1 0.7078125 0.0265625 0.04375 0.053125
1 0.75703125 0.0390625 0.053125 0.07734375
1 0.76328125 0.11015625 0.053125 0.07734375
1 0.7953125 0.1484375 0.05703125 0.07109375
1 0.81484375 0.0921875 0.05703125 0.0890625
1 0.8734375 0.10390625 0.06015625 0.1015625
1 0.853125 0.0265625 0.146875 0.053125
1 0.625 0.07421875 0.1234375 0.1484375
1 0.521875 0.20859375 0.18359375 0.2734375
1 0.56484375 0.00859375 0.0296875 0.0171875
1 0.43671875 0.1515625 0.03359375 0.07734375
1 0.459375 0.04140625 0.153125 0.0828125
1 0.3203125 0.13125 0.2 0.26171875
1 0.403125 0.33359375 0.1265625 0.2265625
1 0.34140625 0.5296875 0.11015625 0.20234375
1 0.246875 0.6484375 0.13359375 0.23828125
1 0.371875 0.6640625 0.11015625 0.1015625
1 0.2265625 0.85390625 0.146875 0.2203125
1 0.25859375 0.93125 0.11640625 0.125
1 0.33984375 0.94609375 0.11328125 0.0953125
1 0.14140625 0.92265625 0.04296875 0.07109375
1 0.16796875 0.94921875 0.0234375 0.0296875
1 0.1796875 0.9765625 0.0203125 0.0359375
1 0.1484375 0.97890625 0.0296875 0.0296875
1 0.11640625 0.9671875 0.0265625 0.05390625
1 0.1484375 0.940625 0.096875 0.10703125
1 0.11484375 0.8453125 0.21640625 0.29765625
1 0.10859375 0.7796875 0.11640625 0.17890625
1 0.11484375 0.61875 0.14296875 0.2265625
1 0.03515625 0.7859375 0.0703125 0.17890625
1 0.01015625 0.8984375 0.0203125 0.04765625
1 0.0265625 0.9015625 0.0265625 0.05390625
1 0.00703125 0.9640625 0.01328125 0.059375
1 0.00859375 0.8484375 0.01640625 0.065625
1 0.01484375 0.70546875 0.0296875 0.19609375
1 0.021875 0.378125 0.04296875 0.4109375
1 0.0234375 0.559375 0.046875 0.11875
1 0.08828125 0.4078125 0.096875 0.2203125
1 0.1984375 0.44921875 0.1234375 0.23203125
1 0.3296875 0.4046875 0.06015625 0.059375
1 0.325 0.30625 0.03671875 0.1015625
1 0.2703125 0.29140625 0.06015625 0.13125
1 0.2734375 0.4078125 0.053125 0.125
1 0.20703125 0.309375 0.0734375 0.10703125
1 0.221875 0.23828125 0.0296875 0.0359375
1 0.146875 0.3125 0.06640625 0.0890625
1 0.1546875 0.14609375 0.1703125 0.23203125
1 0.1 0.25625 0.03359375 0.0953125
1 0.0453125 0.128125 0.08984375 0.25625
1 0.15390625 0.0265625 0.1765625 0.053125
1 0.4984375 0.496875 0.996875 0.99375