1 0.9328125 0.04375 0.06875 0.0875
1 0.9796875 0.0328125 0.0328125 0.065625
1 0.96328125 0.0953125 0.04375 0.04921875
1 0.9125 0.0953125 0.05078125 0.04921875
1 0.8765625 0.04375 0.04375 0.0765625
1 0.96875 0.24296875 0.0546875 0.09296875
1 0.92578125 0.2046875 0.0765625 0.12578125
1 0.97109375 0.153125 0.05078125 0.04375
1 0.87109375 0.1828125 0.0328125 0.07109375
1 0.865625 0.240625 0.05078125 0.0546875
1 0.91640625 0.2921875 0.0796875 0.06015625
1 0.9765625 0.35 0.03984375 0.0765625
1 0.94921875 0.4125 0.0796875 0.08203125
1 0.98203125 0.50546875 0.02890625 0.07109375
1 0.9578125 0.52421875 0.04765625 0.0765625
1 0.97265625 0.60390625 0.04765625 0.08203125
1 0.978125 0.72109375 0.03671875 0.0765625
1 0.98515625 0.81171875 0.021875 0.08203125
1 0.90390625 0.803125 0.0765625 0.1640625
1 0.94375 0.75390625 0.06875 0.109375
1 0.94765625 0.86328125 0.06875 0.109375
1 0.8796875 0.69921875 0.05078125 0.04375
1 0.83671875 0.73203125 0.04375 0.0765625
1 0.8421875 0.8140625 0.04765625 0.0765625
1 0.87421875 0.8828125 0.06875 0.07109375
1 0.82890625 0.63671875 0.065625 0.07109375
1 0.80546875 0.53828125 0.04765625 0.10390625
1 0.88359375 0.49765625 0.109375 0.0765625
1 0.87109375 0.54375 0.08359375 0.14765625
1 0.9203125 0.60078125 0.02890625 0.1203125
1 0.8890625 0.6390625 0.06171875 0.0546875
1 0.8546875 0.38828125 0.07265625 0.1203125
1 0.8796875 0.42890625 0.04375 0.07109375
1 0.89609375 0.37421875 0.01796875 0.04921875
1 0.7984375 0.35546875 0.03984375 0.0765625
1 0.81484375 0.4234375 0.0578125 0.07109375
1 0.82578125 0.196875 0.05078125 0.1203125
1 0.78359375 0.16640625 0.04765625 0.09296875
1 0.77421875 0.240625 0.03671875 0.0875
1 0.809375 0.2734375 0.02578125 0.04375
1 0.79453125 0.0984375 0.06171875 0.0546875
1 0.8109375 0.03828125 0.0578125 0.0765625
1 0.7578125 0.05703125 0.04765625 0.07109375
1 0.759375 0.01328125 0.0375 0.0265625
1 0.73671875 0.171875 0.03984375 0.08203125
1 0.69609375 0.1390625 0.04765625 0.03828125
1 0.68515625 0.18828125 0.0546875 0.07109375
1 0.71796875 0.240625 0.0546875 0.0765625
1 0.65234375 0.153125 0.04765625 0.0546875
1 0.64921875 0.2078125 0.0328125 0.0875
1 0.66328125 0.24609375 0.0546875 0.04375
1 0.71796875 0.30859375 0.0765625 0.06015625
1 0.66015625 0.3171875 0.03984375 0.065625
1 0.70703125 0.36640625 0.06875 0.0765625
1 0.75234375 0.3578125 0.021875 0.06015625
1 0.7453125 0.41796875 0.0578125 0.07109375
1 0.68515625 0.42890625 0.06171875 0.06015625
1 0.6578125 0.390625 0.05078125 0.09296875
1 0.7234375 0.48671875 0.0578125 0.065625
1 0.77109375 0.55703125 0.0578125 0.0875
1 0.76015625 0.628125 0.05078125 0.0765625
1 0.6984375 0.62578125 0.065625 0.07109375
1 0.71484375 0.5515625 0.06875 0.0875
1 0.67109375 0.50234375 0.0546875 0.0765625
1 0.6578125 0.584375 0.05078125 0.109375
1 0.73984375 0.7734375 0.06875 0.10390625
1 0.79296875 0.77890625 0.05078125 0.08203125
1 0.75078125 0.71015625 0.0546875 0.065625
1 0.69296875 0.715625 0.06171875 0.0875
1 0.6890625 0.803125 0.0546875 0.109375
1 0.71484375 0.87421875 0.0765625 0.0875
1 0.78515625 0.8609375 0.05078125 0.08203125
1 0.6 0.04375 0.04375 0.0765625
1 0.59609375 0.10390625 0.04375 0.0546875
1 0.60390625 0.18046875 0.05078125 0.0984375
1 0.6 0.25390625 0.03671875 0.08203125
1 0.61484375 0.36328125 0.03671875 0.09296875
1 0.60703125 0.434375 0.05078125 0.07109375
1 0.61796875 0.54609375 0.03671875 0.0765625
1 0.6125 0.62578125 0.04765625 0.08203125
1 0.6328125 0.74296875 0.05078125 0.0984375
1 0.63125 0.846875 0.04765625 0.0984375
1 0.590625 0.7921875 0.06171875 0.0875
1 0.5796875 0.71875 0.0546875 0.07109375
1 0.5796875 0.871875 0.06875 0.07109375
1 0.5578125 0.64453125 0.0765625 0.0765625
1 0.57109375 0.56796875 0.0578125 0.0875
1 0.57109375 0.5109375 0.0578125 0.07109375
1 0.55625 0.4453125 0.0578125 0.07109375
1 0.57265625 0.37421875 0.06171875 0.09296875
1 0.5671875 0.31171875 0.04375 0.04375
1 0.56171875 0.2703125 0.04765625 0.04921875
1 0.5578125 0.20234375 0.04765625 0.0765625
1 0.54375 0.10078125 0.0546875 0.06015625
1 0.56015625 0.0328125 0.03671875 0.065625
1 0.52265625 0.02421875 0.0359375 0.0484375
1 0.521875 0.084375 0.03984375 0.06015625
1 0.5203125 0.171875 0.04375 0.08203125
1 0.5234375 0.2515625 0.04375 0.0765625
1 0.5234375 0.33046875 0.0578125 0.08203125
1 0.51484375 0.39921875 0.04765625 0.0765625
1 0.5203125 0.51640625 0.04375 0.06015625
1 0.51796875 0.5953125 0.03984375 0.0875
1 0.534375 0.73515625 0.04375 0.08203125
1 0.5328125 0.8359375 0.06171875 0.109375
1 0.4796875 0.0328125 0.04375 0.065625
1 0.478125 0.09296875 0.03984375 0.065625
1 0.4453125 0.0546875 0.04765625 0.0875
1 0.4015625 0.05703125 0.03984375 0.06015625
1 0.40390625 0.11171875 0.04375 0.04921875
1 0.44765625 0.1203125 0.04375 0.04375
1 0.43828125 0.19921875 0.04765625 0.08203125
1 0.4796875 0.171875 0.03671875 0.06015625
1 0.40546875 0.175 0.04765625 0.065625
1 0.39453125 0.2375 0.04765625 0.08203125
1 0.42578125 0.2734375 0.05078125 0.04375
1 0.465625 0.2703125 0.03671875 0.06015625
1 0.48359375 0.2296875 0.03671875 0.065625
1 0.4765625 0.35 0.03671875 0.0765625
1 0.48203125 0.43203125 0.03984375 0.0984375
1 0.4328125 0.37421875 0.0578125 0.08203125
1 0.421875 0.45625 0.0796875 0.07109375
1 0.390625 0.415625 0.03984375 0.0984375
1 0.3890625 0.346875 0.03671875 0.07109375
1 0.47265625 0.56015625 0.03671875 0.09296875
1 0.42890625 0.51875 0.065625 0.0546875
1 0.4328125 0.58203125 0.0578125 0.08203125
1 0.46015625 0.6390625 0.06171875 0.065625
1 0.4015625 0.64453125 0.06171875 0.0765625
1 0.3796875 0.57109375 0.04765625 0.10390625
1 0.46015625 0.71015625 0.06875 0.065625
1 0.48515625 0.77890625 0.0546875 0.10390625
1 0.47265625 0.871875 0.0578125 0.10390625
1 0.43125 0.79765625 0.06875 0.1203125
1 0.4109375 0.8828125 0.065625 0.07109375
1 0.3796875 0.80625 0.03984375 0.11484375
1 0.390625 0.72421875 0.06171875 0.08203125
1 0.33125 0.81171875 0.0578125 0.11484375
1 0.32734375 0.7265625 0.05078125 0.0765625
1 0.32578125 0.88515625 0.04765625 0.065625
1 0.26875 0.8828125 0.065625 0.09296875
1 0.26875 0.78671875 0.065625 0.0984375
1 0.2875 0.7265625 0.02890625 0.04375
1 0.24921875 0.75703125 0.0546875 0.08203125
1 0.23671875 0.846875 0.05078125 0.0875
1 0.28359375 0.65859375 0.0796875 0.09296875
1 0.33125 0.6171875 0.0578125 0.0984375
1 0.33671875 0.52421875 0.03984375 0.0765625
1 0.29453125 0.52421875 0.065625 0.0875
1 0.26171875 0.5875 0.065625 0.10390625
1 0.2453125 0.65546875 0.0328125 0.065625
1 0.3421875 0.4453125 0.0578125 0.08203125
1 0.34765625 0.36640625 0.0546875 0.0765625
1 0.31640625 0.33046875 0.05078125 0.04921875
1 0.290625 0.371875 0.0578125 0.0875
1 0.26875 0.3359375 0.05078125 0.06015625
1 0.25234375 0.40703125 0.03984375 0.09296875
1 0.2875 0.4484375 0.0578125 0.065625
1 0.31796875 0.26484375 0.0546875 0.08203125
1 0.34765625 0.240625 0.0328125 0.0765625
1 0.35625 0.175 0.04375 0.065625
1 0.30703125 0.2046875 0.04765625 0.07109375
1 0.2984375 0.1640625 0.03671875 0.0328125
1 0.27265625 0.2078125 0.03671875 0.065625
1 0.2765625 0.2734375 0.03671875 0.04375
1 0.32890625 0.11484375 0.0546875 0.065625
1 0.36015625 0.08984375 0.04375 0.07109375
1 0.35703125 0.0296875 0.0265625 0.059375
1 0.31796875 0.0546875 0.04765625 0.0765625
1 0.31640625 0.0109375 0.04375 0.021875
1 0.278125 0.04375 0.0328125 0.0546875
1 0.2875 0.109375 0.05078125 0.0765625
1 0.24140625 0.0296875 0.0390625 0.059375
1 0.20390625 0.01640625 0.05078125 0.0328125
1 0.2 0.065625 0.05078125 0.0765625
1 0.23828125 0.09296875 0.04765625 0.0765625
1 0.209375 0.1171875 0.03984375 0.03828125
1 0.165625 0.109375 0.04765625 0.0546875
1 0.16328125 0.06015625 0.02890625 0.0546875
1 0.234375 0.16953125 0.04765625 0.065625
1 0.2 0.16640625 0.02890625 0.04921875
1 0.18359375 0.2046875 0.06171875 0.08203125
1 0.2328125 0.23203125 0.04375 0.08203125
1 0.20703125 0.2703125 0.0578125 0.07109375
1 0.16171875 0.28125 0.03984375 0.06015625
1 0.13984375 0.23515625 0.02578125 0.0765625
1 0.1578125 0.175 0.0328125 0.04375
1 0.221875 0.38828125 0.04375 0.0765625
1 0.190625 0.3390625 0.06171875 0.0546875
1 0.17109375 0.39375 0.0578125 0.0875
1 0.13671875 0.34140625 0.03984375 0.06015625
1 0.12890625 0.4125 0.03984375 0.09296875
1 0.14375 0.46484375 0.0765625 0.0546875
1 0.209375 0.45390625 0.06171875 0.0765625
1 0.1984375 0.5875 0.0546875 0.08203125
1 0.1875 0.5296875 0.04765625 0.0546875
1 0.14375 0.56015625 0.06875 0.10390625
1 0.10703125 0.5953125 0.03984375 0.0546875
1 0.1109375 0.66640625 0.0546875 0.0875
1 0.17109375 0.65546875 0.065625 0.0875
1 0.1796875 0.740625 0.06171875 0.06015625
1 0.121875 0.740625 0.0546875 0.06015625
1 0.11640625 0.825 0.0875 0.109375
1 0.1796875 0.82265625 0.06171875 0.10390625
1 0.14921875 0.89921875 0.07265625 0.09296875
1 0.0890625 0.88828125 0.06171875 0.09296875
1 0.0796875 0.80078125 0.02890625 0.06015625
1 0.05078125 0.65 0.065625 0.0984375
1 0.0125 0.671875 0.025 0.065625
1 0.03828125 0.75703125 0.06171875 0.09296875
1 0.0328125 0.825 0.065625 0.0875
1 0.01484375 0.89921875 0.02890625 0.08203125
1 0.01796875 0.6 0.0359375 0.065625
1 0.0578125 0.5625 0.05078125 0.0875
1 0.0234375 0.5375 0.046875 0.059375
1 0.0546875 0.4671875 0.0578125 0.06015625
1 0.01640625 0.46484375 0.0328125 0.065625
1 0.03125 0.4046875 0.06171875 0.0875
1 0.08203125 0.42109375 0.0546875 0.0765625
1 0.0875 0.34140625 0.0578125 0.07109375
1 0.03125 0.35 0.04765625 0.04375
1 0.065625 0.2921875 0.0578125 0.07109375
1 0.10390625 0.26796875 0.03984375 0.0875
1 0.10703125 0.1859375 0.0546875 0.065625
1 0.06171875 0.215625 0.05078125 0.06015625
1 0.0234375 0.27890625 0.046875 0.0765625
1 0.02578125 0.215625 0.03671875 0.06015625