1 0.89765625 0.89921875 0.16640625 0.190625
1 0.9828125 0.93046875 0.02734375 0.12890625
1 0.934375 0.76796875 0.1234375 0.1859375
1 0.8265625 0.66484375 0.1625 0.2375
1 0.934375 0.60546875 0.1078125 0.1703125
1 0.990625 0.63671875 0.01171875 0.11875
1 0.8703125 0.4359375 0.15078125 0.21171875
1 0.965625 0.4640625 0.06171875 0.1546875
1 0.84375 0.24453125 0.15859375 0.1703125
1 0.9515625 0.30390625 0.0890625 0.21640625
1 0.92890625 0.0953125 0.13515625 0.190625
1 0.8515625 0.14453125 0.0734375 0.06171875
1 0.83671875 0.0796875 0.1234375 0.159375
1 0.71015625 0.04375 0.1 0.0875
1 0.70234375 0.178125 0.1546875 0.18046875
1 0.746875 0.325 0.11953125 0.14453125
1 0.69296875 0.43828125 0.1734375 0.175
1 0.640625 0.59765625 0.17734375 0.2265625
1 0.75078125 0.9171875 0.1734375 0.1546875
1 0.6484375 0.80703125 0.1 0.11875
1 0.51328125 0.778125 0.16953125 0.20625
1 0.49609375 0.9328125 0.11171875 0.1234375
1 0.621875 0.90703125 0.16953125 0.175
1 0.4 0.9328125 0.11953125 0.1234375
1 0.26796875 0.88671875 0.1734375 0.21640625
1 0.096875 0.9125 0.17734375 0.16484375
1 0.1546875 0.721875 0.18515625 0.2375
1 0.3046875 0.76796875 0.115625 0.134375
1 0.38828125 0.7265625 0.11171875 0.19609375
1 0.4984375 0.6109375 0.115625 0.1390625
1 0.52890625 0.49765625 0.146875 0.23203125
1 0.39765625 0.53359375 0.13125 0.221875
1 0.26796875 0.4921875 0.15859375 0.23203125
1 0.23515625 0.64140625 0.115625 0.14921875
1 0.1234375 0.53359375 0.1390625 0.16015625
1 0.02109375 0.54921875 0.0421875 0.1390625
1 0.02890625 0.365625 0.0578125 0.2265625
1 0.12734375 0.38125 0.1546875 0.24765625
1 0.30078125 0.3765625 0.1078125 0.11328125
1 0.38828125 0.28828125 0.15859375 0.2265625
1 0.2875 0.234375 0.12734375 0.18046875
1 0.36875 0.0953125 0.13515625 0.16015625
1 0.23359375 0.14453125 0.12734375 0.1859375
1 0.11015625 0.1671875 0.16640625 0.20078125
1 0.0171875 0.16015625 0.034375 0.1859375
1 0.0171875 0.04140625 0.034375 0.0828125
1 0.08671875 0.01796875 0.12734375 0.0359375
1 0.1890625 0.0515625 0.146875 0.103125
1 0.3921875 0.01796875 0.096875 0.0359375
1 0.5078125 0.04375 0.15859375 0.0875
1 0.6 0.1390625 0.096875 0.1546875
1 0.48828125 0.175 0.16640625 0.1859375
1 0.6234375 0.29921875 0.11953125 0.16484375
1 0.53125 0.3171875 0.15859375 0.1390625