1 0.825 0.69765625 0.34140625 0.43046875
1 0.80390625 0.4125 0.20859375 0.21015625
1 0.56015625 0.4640625 0.32109375 0.384375
1 0.51875 0.76640625 0.3375 0.2921875
1 0.81640625 0.16953125 0.30859375 0.2875
1 0.68359375 0.25390625 0.25859375 0.16953125
1 0.51640625 0.22578125 0.14140625 0.15390625
1 0.32890625 0.36171875 0.175 0.2
1 0.275 0.59765625 0.28359375 0.33359375
1 0.1375 0.3921875 0.21640625 0.28203125
1 0.075 0.58203125 0.15 0.28203125
1 0.28359375 0.81796875 0.56640625 0.18984375
1 0.3 0.24375 0.30859375 0.24140625
1 0.45234375 0.11796875 0.1125 0.15390625
1 0.54609375 0.09765625 0.05 0.1125
1 0.60234375 0.1125 0.10390625 0.14375
1 0.63359375 0.0921875 0.34140625 0.184375
1 0.30625 0.2234375 0.6125 0.44609375
1 0.12890625 0.15390625 0.05 0.06171875
1 0.2125 0.084375 0.14140625 0.11796875
1 0.27109375 0.0359375 0.075 0.071875
1 0.07265625 0.14140625 0.09609375 0.1484375