1 0.91640625 0.66015625 0.11640625 0.2515625
1 0.83828125 0.7390625 0.13515625 0.2953125
1 0.8015625 0.540625 0.11328125 0.11328125
1 0.83984375 0.490625 0.06328125 0.10078125
1 0.88828125 0.509375 0.040625 0.08828125
1 0.93671875 0.4875 0.06328125 0.09453125
1 0.93203125 0.41796875 0.046875 0.09453125
1 0.90390625 0.42109375 0.034375 0.06328125
1 0.87421875 0.44375 0.0375 0.06953125
1 0.87109375 0.36484375 0.04375 0.07578125
1 0.83671875 0.38046875 0.03125 0.06953125
1 0.83046875 0.440625 0.04375 0.05
1 0.8046875 0.43671875 0.025 0.05625
1 0.81484375 0.38984375 0.025 0.06328125
1 0.88984375 0.34296875 0.05 0.06953125
1 0.84140625 0.2890625 0.059375 0.08828125
1 0.86171875 0.2421875 0.13203125 0.18203125
1 0.746875 0.2140625 0.10390625 0.08828125
1 0.79375 0.2859375 0.034375 0.06953125
1 0.81328125 0.31796875 0.034375 0.05625
1 0.784375 0.33984375 0.040625 0.05
1 0.7515625 0.453125 0.10078125 0.17578125
1 0.75 0.32109375 0.040625 0.07578125
1 0.721875 0.33984375 0.034375 0.06328125
1 0.728125 0.2796875 0.034375 0.06953125
1 0.7515625 0.2453125 0.03125 0.06328125
1 0.7703125 0.2984375 0.01875 0.04375
1 0.7578125 0.59453125 0.0375 0.10703125
1 0.76875 0.59765625 0.028125 0.06328125
1 0.740625 0.58515625 0.040625 0.12578125
1 0.7296875 0.60078125 0.025 0.06953125
1 0.7390625 0.6921875 0.05625 0.12578125
1 0.753125 0.7953125 0.07265625 0.10703125
1 0.7 0.68203125 0.040625 0.15703125
1 0.7359375 0.15703125 0.11953125 0.11328125
1 0.64609375 0.15703125 0.06640625 0.0375
1 0.68203125 0.2140625 0.07578125 0.08828125
1 0.66171875 0.2265625 0.08515625 0.08828125
1 0.7359375 0.06328125 0.08203125 0.11328125
1 0.59140625 0.07265625 0.09453125 0.10703125
1 0.4703125 0.10078125 0.053125 0.10078125
1 0.50078125 0.05625 0.0921875 0.1125
1 0.37734375 0.09140625 0.13203125 0.16953125
1 0.315625 0.040625 0.115625 0.08125
1 0.253125 0.16640625 0.11640625 0.14453125
1 0.17890625 0.08515625 0.10703125 0.16953125
1 0.11953125 0.2046875 0.08203125 0.11953125
1 0.1921875 0.2203125 0.08828125 0.12578125
1 0.12421875 0.34609375 0.12890625 0.16328125
1 0.190625 0.3015625 0.059375 0.10078125
1 0.209375 0.3015625 0.06640625 0.10078125
1 0.61484375 0.66953125 0.059375 0.15703125
1 0.66015625 0.65703125 0.04375 0.14453125
1 0.67421875 0.7484375 0.034375 0.08828125
1 0.64296875 0.7890625 0.028125 0.09453125
1 0.57578125 0.86484375 0.16328125 0.2203125
1 0.5265625 0.7015625 0.16640625 0.2328125
1 0.68046875 0.2984375 0.046875 0.10703125
1 0.67890625 0.37109375 0.025 0.05
1 0.690625 0.38359375 0.015625 0.025
1 0.67578125 0.42421875 0.01875 0.03125
1 0.6921875 0.43046875 0.0125 0.03125
1 0.68515625 0.465625 0.01875 0.0375
1 0.703125 0.5125 0.034375 0.05625
1 0.67578125 0.521875 0.025 0.05
1 0.6953125 0.56953125 0.03125 0.04375
1 0.66953125 0.57890625 0.025 0.06328125
1 0.64609375 0.57265625 0.028125 0.05
1 0.62890625 0.56953125 0.025 0.05625
1 0.59921875 0.56328125 0.028125 0.05625
1 0.61328125 0.521875 0.0125 0.025
1 0.63046875 0.509375 0.034375 0.05
1 0.64921875 0.4875 0.015625 0.04375
1 0.64140625 0.32421875 0.05625 0.11953125
1 0.63359375 0.453125 0.028125 0.05
1 0.60546875 0.42109375 0.028125 0.05
1 0.58671875 0.45 0.021875 0.03125
1 0.60703125 0.446875 0.0125 0.025
1 0.58984375 0.49375 0.034375 0.05625
1 0.61484375 0.4875 0.021875 0.04375
1 0.57109375 0.39921875 0.021875 0.04375
1 0.56484375 0.36484375 0.021875 0.0375
1 0.55 0.33359375 0.01875 0.0375
1 0.5328125 0.37109375 0.021875 0.05
1 0.54375 0.40546875 0.0375 0.05625
1 0.58984375 0.32109375 0.053125 0.08828125
1 0.540625 0.2703125 0.025 0.0375
1 0.528125 0.2171875 0.0125 0.04375
1 0.5390625 0.2015625 0.009375 0.025
1 0.5265625 0.2046875 0.046875 0.08203125
1 0.5015625 0.15078125 0.040625 0.05
1 0.45 0.16953125 0.0375 0.0375
1 0.440625 0.2421875 0.05 0.08203125
1 0.4515625 0.2234375 0.009375 0.01875
1 0.39609375 0.3109375 0.01875 0.03125
1 0.40703125 0.34609375 0.053125 0.10078125
1 0.50625 0.471875 0.03125 0.12578125
1 0.5359375 0.528125 0.034375 0.12578125
1 0.56953125 0.59453125 0.025 0.09453125
1 0.5546875 0.5 0.053125 0.11953125
1 0.4984375 0.57890625 0.046875 0.08828125
1 0.4625 0.66328125 0.04375 0.09453125
1 0.4640625 0.7890625 0.034375 0.10703125
1 0.43671875 0.83984375 0.05 0.09453125
1 0.37734375 0.86484375 0.07578125 0.11953125
1 0.2984375 0.87734375 0.07578125 0.14453125
1 0.203125 0.85234375 0.14765625 0.2703125
1 0.11328125 0.7703125 0.11953125 0.2328125
1 0.253125 0.56328125 0.15390625 0.1953125
1 0.25 0.6921875 0.12265625 0.2515625
1 0.296875 0.7359375 0.028125 0.06328125
1 0.3078125 0.7921875 0.025 0.025
1 0.32109375 0.7546875 0.025 0.0375
1 0.31328125 0.66640625 0.015625 0.08828125
1 0.32421875 0.6984375 0.0125 0.07578125
1 0.34140625 0.68515625 0.021875 0.08828125
1 0.36015625 0.66015625 0.034375 0.07578125
1 0.36484375 0.61640625 0.05625 0.08828125
1 0.36171875 0.7703125 0.025 0.05625
1 0.36640625 0.7171875 0.028125 0.0375
1 0.40703125 0.7859375 0.059375 0.08828125
1 0.39453125 0.7046875 0.028125 0.07578125
1 0.42109375 0.7109375 0.03125 0.06328125
1 0.41171875 0.62890625 0.03125 0.06328125
1 0.43203125 0.66328125 0.028125 0.04375
1 0.4453125 0.66015625 0.034375 0.0125
1 0.42109375 0.57265625 0.03125 0.06328125
1 0.4640625 0.540625 0.028125 0.05
1 0.43359375 0.50625 0.025 0.05625
1 0.4625 0.5 0.025 0.05625
1 0.4703125 0.453125 0.021875 0.0375
1 0.4921875 0.41796875 0.028125 0.05625
1 0.471875 0.38671875 0.01875 0.05625
1 0.4515625 0.37421875 0.028125 0.04375
1 0.4515625 0.33984375 0.021875 0.0375
1 0.48125 0.34609375 0.03125 0.06328125
1 0.43203125 0.446875 0.040625 0.06328125
1 0.440625 0.41171875 0.01875 0.03125
1 0.4984375 0.2890625 0.028125 0.06328125
1 0.48125 0.2640625 0.025 0.05
1 0.37890625 0.490625 0.028125 0.0375
1 0.39140625 0.440625 0.021875 0.05
1 0.36171875 0.37421875 0.025 0.04375
1 0.35078125 0.2921875 0.12265625 0.10703125
1 0.38828125 0.1953125 0.08515625 0.13828125
1 0.31484375 0.2515625 0.08828125 0.08828125
1 0.3078125 0.2671875 0.07578125 0.10703125
1 0.2953125 0.2234375 0.08203125 0.08203125
1 0.36953125 0.44375 0.028125 0.04375
1 0.36484375 0.41171875 0.025 0.03125
1 0.34140625 0.41796875 0.028125 0.04375
1 0.35078125 0.45625 0.028125 0.03125
1 0.34765625 0.4875 0.028125 0.03125
1 0.32265625 0.496875 0.021875 0.0375
1 0.31484375 0.53125 0.01875 0.04375
1 0.303125 0.484375 0.015625 0.025
1 0.284375 0.475 0.015625 0.04375
1 0.2640625 0.4625 0.025 0.04375
1 0.275 0.42109375 0.015625 0.0375
1 0.2890625 0.43359375 0.0125 0.025
1 0.3046875 0.40546875 0.03125 0.04375
1 0.3015625 0.44375 0.01875 0.03125
1 0.32265625 0.440625 0.015625 0.0375
1 0.33828125 0.42109375 0.015625 0.0375
1 0.33828125 0.38046875 0.028125 0.03125
1 0.3015625 0.35546875 0.0375 0.06953125
1 0.2359375 0.440625 0.025 0.05
1 0.253125 0.39921875 0.040625 0.06953125
1 0.2703125 0.35546875 0.05 0.06953125
1 0.221875 0.33046875 0.040625 0.05625
1 0.25625 0.2921875 0.034375 0.05625
1 0.2140625 0.37109375 0.04375 0.0375
1 0.17890625 0.37109375 0.025 0.0375
1 0.2046875 0.45 0.05625 0.14453125
1 0.14453125 0.41484375 0.06328125 0.07578125
1 0.15078125 0.63203125 0.0375 0.06953125
1 0.17890625 0.61953125 0.03125 0.08203125
1 0.18203125 0.546875 0.03125 0.05
1 0.15703125 0.56953125 0.03125 0.04375
1 0.15546875 0.515625 0.040625 0.06328125
1 0.15078125 0.4625 0.05625 0.05625
1 0.12734375 0.57265625 0.028125 0.06328125
1 0.13046875 0.509375 0.015625 0.0375
1 0.11640625 0.5 0.03125 0.08203125
1 0.11171875 0.43671875 0.028125 0.04375
1 0.08203125 0.49375 0.04375 0.11953125
1 0.09296875 0.59765625 0.021875 0.0375
1 0.11328125 0.63828125 0.03125 0.04375
1 0.08203125 0.56640625 0.025 0.0375
1 0.0546875 0.60078125 0.021875 0.04375
1 0.07265625 0.61015625 0.025 0.0375
1 0.08203125 0.64765625 0.025 0.05
1 0.053125 0.65078125 0.025 0.04375
1 0.06484375 0.68515625 0.040625 0.05
1 0.0296875 0.65390625 0.028125 0.05