1 0.940625 0.75546875 0.1109375 0.19765625
1 0.95390625 0.6015625 0.08359375 0.13046875
1 0.9671875 0.484375 0.05703125 0.10390625
1 0.89921875 0.48203125 0.1109375 0.171875
1 0.90078125 0.39296875 0.10703125 0.09921875
1 0.84921875 0.30703125 0.0953125 0.07265625
1 0.7671875 0.3203125 0.11484375 0.109375
1 0.79375 0.39609375 0.09140625 0.10390625
1 0.784375 0.52578125 0.14921875 0.17734375
1 0.85703125 0.640625 0.14140625 0.13515625
1 0.79609375 0.75234375 0.1640625 0.140625
1 0.784375 0.88828125 0.1796875 0.18203125
1 0.6546875 0.66640625 0.1640625 0.20859375
1 0.68359375 0.4296875 0.121875 0.21328125
1 0.57421875 0.49765625 0.14921875 0.203125
1 0.5875 0.3046875 0.1375 0.19296875
1 0.6546875 0.27109375 0.0421875 0.125
1 0.70234375 0.28671875 0.053125 0.07265625
1 0.48125 0.40078125 0.08359375 0.14609375
1 0.484375 0.26015625 0.09140625 0.14609375
1 0.53046875 0.18984375 0.0765625 0.06796875
1 0.37421875 0.29140625 0.053125 0.05234375
1 0.36640625 0.3671875 0.1296875 0.13046875
1 0.40078125 0.48203125 0.15234375 0.16171875
1 0.515625 0.5703125 0.1375 0.171875
1 0.40859375 0.60703125 0.09921875 0.13046875
1 0.490625 0.6953125 0.14921875 0.203125
1 0.50390625 0.828125 0.09921875 0.10390625
1 0.5875 0.90625 0.17578125 0.17734375
1 0.6640625 0.85703125 0.1296875 0.18203125
1 0.41640625 0.8828125 0.16015625 0.22421875
1 0.34921875 0.72109375 0.12578125 0.16171875
1 0.32265625 0.86484375 0.08046875 0.15625
1 0.2140625 0.8046875 0.1375 0.21328125
1 0.29765625 0.64609375 0.121875 0.16640625
1 0.26328125 0.57265625 0.09921875 0.1875
1 0.16640625 0.63828125 0.14140625 0.21328125
1 0.06328125 0.68515625 0.11796875 0.19296875
1 0.14296875 0.48984375 0.11796875 0.14609375
1 0.0359375 0.56171875 0.071875 0.1359375
1 0.04609375 0.49765625 0.09140625 0.08828125
1 0.23671875 0.40859375 0.0609375 0.09921875
1 0.2859375 0.4296875 0.06875 0.09921875