1 0.88203125 0.59140625 0.09140625 0.11953125
1 0.9734375 0.43515625 0.04609375 0.09921875
1 0.83359375 0.4921875 0.05703125 0.109375
1 0.79609375 0.50234375 0.07265625 0.109375
1 0.81640625 0.60703125 0.09140625 0.109375
1 0.73828125 0.5703125 0.07265625 0.06796875
1 0.73671875 0.484375 0.0765625 0.125
1 0.803125 0.38515625 0.0875 0.11484375
1 0.7328125 0.42421875 0.0609375 0.046875
1 0.7421875 0.359375 0.0953125 0.10390625
1 0.7328125 0.24453125 0.09921875 0.125
1 0.66015625 0.30703125 0.09921875 0.10390625
1 0.6734375 0.40859375 0.0875 0.08828125
1 0.65859375 0.50234375 0.0953125 0.11953125
1 0.61640625 0.5703125 0.0875 0.078125
1 0.71015625 0.6640625 0.121875 0.16171875
1 0.5859375 0.734375 0.11796875 0.15625
1 0.53984375 0.60703125 0.11796875 0.16171875
1 0.5515625 0.49765625 0.0875 0.11953125
1 0.5421875 0.3828125 0.0765625 0.09921875
1 0.59921875 0.390625 0.053125 0.09375
1 0.58203125 0.29140625 0.0875 0.11484375
1 0.65078125 0.21640625 0.0875 0.11953125
1 0.646875 0.14609375 0.05703125 0.05234375
1 0.60703125 0.09921875 0.08359375 0.125
1 0.58359375 0.05234375 0.053125 0.05234375
1 0.53828125 0.14296875 0.0765625 0.08828125
1 0.57421875 0.18984375 0.08046875 0.08828125
1 0.50546875 0.2265625 0.05703125 0.08828125
1 0.50546875 0.76015625 0.0875 0.125
1 0.42734375 0.72109375 0.09921875 0.13046875
1 0.40859375 0.63515625 0.09921875 0.13515625
1 0.30546875 0.59609375 0.0609375 0.08828125
1 0.36796875 0.51328125 0.05703125 0.08828125
1 0.353125 0.40625 0.103125 0.14609375
1 0.40859375 0.3359375 0.06875 0.109375
1 0.4671875 0.31796875 0.06484375 0.04140625
1 0.47109375 0.36953125 0.08046875 0.09375
1 0.43671875 0.42421875 0.05703125 0.078125
1 0.25390625 0.45859375 0.103125 0.125
1 0.28828125 0.5 0.103125 0.09375
1 0.190625 0.51796875 0.06875 0.08828125
1 0.14296875 0.48671875 0.0875 0.109375
1 0.20234375 0.4140625 0.0765625 0.09921875
1 0.22890625 0.31484375 0.06875 0.08828125
1 0.29609375 0.2578125 0.08046875 0.13046875
1 0.34140625 0.171875 0.06484375 0.08359375
1 0.3546875 0.26328125 0.03828125 0.078125
1 0.2921875 0.18203125 0.0265625 0.04140625
1 0.24453125 0.2265625 0.04609375 0.08828125
1 0.196875 0.203125 0.05703125 0.08359375
1 0.1640625 0.171875 0.053125 0.0625
1 0.16640625 0.23671875 0.08046875 0.078125
1 0.10078125 0.1875 0.05703125 0.0625
1 0.09765625 0.2578125 0.07265625 0.078125
1 0.1296875 0.01328125 0.0609375 0.02578125
1 0.128125 0.046875 0.06484375 0.07265625
1 0.09765625 0.11171875 0.06484375 0.08828125
1 0.07265625 0.04921875 0.053125 0.06796875
1 0.03828125 0.09375 0.053125 0.07265625
1 0.03984375 0.0359375 0.0796875 0.071875
1 0.0328125 0.1171875 0.06484375 0.140625
1 0.765625 0.09375 0.4390625 0.1875
1 0.89140625 0.16171875 0.21015625 0.19765625
1 0.96015625 0.3125 0.07265625 0.19765625