1 0.8265625 0.5359375 0.26640625 0.39296875
1 0.953125 0.63671875 0.08671875 0.51171875
1 0.95 0.9015625 0.09296875 0.125
1 0.83671875 0.85703125 0.1796875 0.2734375
1 0.63671875 0.7859375 0.253125 0.39296875
1 0.703125 0.42265625 0.153125 0.33359375
1 0.778125 0.33359375 0.0765625 0.08359375
1 0.878125 0.2828125 0.23671875 0.26796875
1 0.25859375 0.30078125 0.21015625 0.4109375
1 0.0984375 0.52109375 0.196875 0.434375
1 0.18203125 0.7828125 0.16328125 0.315625
1 0.38203125 0.7734375 0.3296875 0.440625
1 0.43984375 0.49140625 0.53984375 0.25625
1 0.56796875 0.55078125 0.13671875 0.17265625
1 0.128125 0.92265625 0.25 0.14296875
1 0.13671875 0.17578125 0.153125 0.3515625
1 0.4984375 0.04453125 0.58359375 0.0890625
1 0.53671875 0.1578125 0.50703125 0.13671875
1 0.55703125 0.27109375 0.46640625 0.17265625