1 0.58515625 0.28671875 0.21796875 0.33359375
1 0.45625 0.4453125 0.25078125 0.34453125
1 0.22734375 0.53515625 0.24375 0.371875
1 0.2109375 0.2703125 0.2328125 0.26796875
1 0.3890625 0.175 0.2109375 0.2953125
1 0.93828125 0.63671875 0.109375 0.5078125
1 0.84375 0.6390625 0.109375 0.55703125
1 0.2984375 0.825 0.421875 0.3390625
1 0.44375 0.84453125 0.2109375 0.09296875
1 0.390625 0.94296875 0.7453125 0.10390625
1 0.68359375 0.9046875 0.26171875 0.09296875
1 0.0875 0.15 0.1671875 0.18046875
1 0.12890625 0.0328125 0.04765625 0.065625
1 0.3546875 0.08203125 0.37421875 0.1640625
1 0.76796875 0.19375 0.4546875 0.3875