1 0.9484375 0.75625 0.08359375 0.2859375
1 0.8359375 0.5859375 0.1140625 0.38671875
1 0.91953125 0.54765625 0.08046875 0.1546875
1 0.93828125 0.51796875 0.1171875 0.25
1 0.86484375 0.35703125 0.05703125 0.1546875
1 0.86484375 0.23515625 0.06328125 0.11328125
1 0.89765625 0.2890625 0.1171875 0.30390625
1 0.7125 0.5234375 0.08046875 0.08359375
1 0.7625 0.5359375 0.053125 0.08359375
1 0.75234375 0.61640625 0.0671875 0.13671875
1 0.70703125 0.61015625 0.04375 0.125
1 0.6625 0.6015625 0.08046875 0.190625
1 0.74765625 0.73203125 0.096875 0.11875
1 0.79453125 0.7765625 0.08359375 0.07734375
1 0.84609375 0.86875 0.08671875 0.16640625
1 0.7890625 0.878125 0.08671875 0.17265625
1 0.7359375 0.8421875 0.03984375 0.125
1 0.7375 0.95859375 0.0765625 0.07109375
1 0.65703125 0.7828125 0.13046875 0.24375
1 0.65234375 0.8484375 0.12734375 0.23203125
1 0.615625 0.86015625 0.10703125 0.23203125
1 0.58828125 0.89609375 0.08671875 0.13671875
1 0.51484375 0.75 0.240625 0.48828125
1 0.66015625 0.4734375 0.05 0.065625
1 0.690625 0.32734375 0.3046875 0.35703125
1 0.8046875 0.1484375 0.05703125 0.11875
1 0.70390625 0.17265625 0.03046875 0.0234375
1 0.5234375 0.26484375 0.23046875 0.184375
1 0.53046875 0.17578125 0.1640625 0.2203125
1 0.43828125 0.4046875 0.1671875 0.20234375
1 0.53046875 0.45546875 0.03046875 0.04140625
1 0.53828125 0.50859375 0.0203125 0.0296875
1 0.51640625 0.5234375 0.0234375 0.059375
1 0.51015625 0.54453125 0.0234375 0.04140625
1 0.48828125 0.51796875 0.0265625 0.04765625
1 0.48828125 0.55625 0.03359375 0.05390625
1 0.4265625 0.48203125 0.05 0.08359375
1 0.44453125 0.56875 0.06015625 0.1015625
1 0.4765625 0.73828125 0.13046875 0.11875
1 0.39296875 0.60390625 0.06328125 0.19609375
1 0.359375 0.434375 0.05 0.08359375
1 0.3296875 0.48515625 0.05 0.20859375
1 0.30078125 0.75 0.0671875 0.23828125
1 0.35078125 0.75859375 0.1 0.11328125
1 0.34609375 0.85703125 0.0703125 0.14296875
1 0.2828125 0.9046875 0.08359375 0.10703125
1 0.259375 0.95234375 0.06328125 0.08359375
1 0.1 0.91953125 0.1 0.1484375
1 0.15703125 0.9640625 0.0671875 0.059375
1 0.1234375 0.796875 0.246875 0.39375
1 0.053125 0.375 0.10625 0.5
1 0.1453125 0.184375 0.090625 0.14296875
1 0.10859375 0.48515625 0.14375 0.2203125
1 0.190625 0.44375 0.046875 0.07734375
1 0.1671875 0.38125 0.046875 0.07109375
1 0.1375 0.315625 0.046875 0.07109375
1 0.17578125 0.25 0.04375 0.0953125
1 0.2109375 0.2234375 0.03984375 0.065625
1 0.22265625 0.45546875 0.0234375 0.05390625
1 0.2359375 0.42890625 0.0234375 0.059375
1 0.259375 0.4375 0.03671875 0.07734375
1 0.2578125 0.35390625 0.053125 0.1015625
1 0.32421875 0.35390625 0.08671875 0.1484375
1 0.3109375 0.49140625 0.0734375 0.1484375
1 0.2328125 0.57109375 0.096875 0.16640625
1 0.30078125 0.5921875 0.0734375 0.20859375
1 0.19921875 0.66640625 0.15703125 0.190625
1 0.20078125 0.74140625 0.09375 0.19609375
1 0.12890625 0.6515625 0.0765625 0.11328125
1 0.096875 0.6484375 0.0265625 0.04765625
1 0.15703125 0.753125 0.146875 0.2203125
1 0.36796875 0.2265625 0.08671875 0.16640625
1 0.19375 0.309375 0.0671875 0.07109375
1 0.209375 0.375 0.05 0.08359375
1 0.41953125 0.23203125 0.05703125 0.13125
1 0.29296875 0.2203125 0.090625 0.1546875
1 0.24921875 0.13359375 0.0765625 0.13671875
1 0.30625 0.0921875 0.08359375 0.13671875
1 0.3765625 0.128125 0.05703125 0.0890625
1 0.3328125 0.04765625 0.0765625 0.0953125
1 0.25859375 0.04140625 0.0828125 0.0828125
1 0.20078125 0.05078125 0.03359375 0.1015625