1 0.7578125 0.73515625 0.0765625 0.08203125
1 0.82890625 0.71875 0.05078125 0.09296875
1 0.8671875 0.65859375 0.0546875 0.09296875
1 0.821875 0.62578125 0.0578125 0.09296875
1 0.78203125 0.65 0.065625 0.0765625
1 0.69453125 0.70234375 0.0578125 0.09296875
1 0.7234375 0.65546875 0.03671875 0.065625
1 0.765625 0.5515625 0.06171875 0.0875
1 0.79453125 0.54921875 0.0328125 0.08203125
1 0.71640625 0.58203125 0.03671875 0.07109375
1 0.8796875 0.46171875 0.2328125 0.38828125
1 0.68359375 0.41015625 0.22578125 0.284375
1 0.59609375 0.5953125 0.20390625 0.21875
1 0.5578125 0.259375 0.3015625 0.25703125
1 0.5203125 0.478125 0.21796875 0.33359375
1 0.378125 0.4015625 0.13828125 0.41015625
1 0.2234375 0.19921875 0.15625 0.22421875
1 0.109375 0.153125 0.0875 0.1203125
1 0.14921875 0.05703125 0.11640625 0.07109375
1 0.05078125 0.13671875 0.1015625 0.2296875