1 0.8875 0.7234375 0.165625 0.27421875
1 0.96484375 0.8390625 0.0625 0.31171875
1 0.865625 0.89765625 0.1578125 0.19375
1 0.709375 0.51640625 0.21328125 0.33359375
1 0.6875 0.73125 0.28671875 0.3546875
1 0.65234375 0.86796875 0.1875 0.25234375
1 0.7625 0.78515625 0.0625 0.1078125
1 0.75 0.921875 0.16875 0.1453125
1 0.53671875 0.6453125 0.146875 0.22578125
1 0.584375 0.43046875 0.1546875 0.2796875
1 0.45625 0.5484375 0.13203125 0.1609375
1 0.44453125 0.66640625 0.05859375 0.12890625
1 0.28671875 0.76328125 0.25 0.30078125
1 0.39375 0.8578125 0.29375 0.27421875
1 0.49453125 0.93828125 0.20234375 0.11328125
1 0.21875 0.93828125 0.07734375 0.11328125
1 0.0625 0.90859375 0.125 0.171875
1 0.8875 0.365625 0.165625 0.24765625
1 0.978125 0.421875 0.03671875 0.209375
1 0.95390625 0.2203125 0.084375 0.26875
1 0.96875 0.040625 0.05546875 0.08046875
1 0.9375 0.0859375 0.11015625 0.1609375
1 0.84921875 0.15078125 0.1546875 0.22578125
1 0.74453125 0.28203125 0.1140625 0.15625
1 0.6578125 0.2390625 0.11015625 0.1453125
1 0.73515625 0.175 0.08125 0.08046875
1 0.72265625 0.08046875 0.0921875 0.13984375
1 0.8140625 0.05625 0.084375 0.1125
1 0.64375 0.04296875 0.11015625 0.0859375
1 0.65078125 0.1234375 0.05859375 0.0859375
1 0.59375 0.19609375 0.09921875 0.134375
1 0.55546875 0.06171875 0.0734375 0.1234375
1 0.5125 0.09921875 0.04765625 0.08046875
1 0.54609375 0.15625 0.06953125 0.0859375
1 0.5015625 0.19609375 0.04765625 0.06953125
1 0.53515625 0.228125 0.0328125 0.059375
1 0.47421875 0.12890625 0.0296875 0.06484375
1 0.4671875 0.059375 0.0515625 0.0859375
1 0.53203125 0.0265625 0.1171875 0.053125
1 0.478125 0.0109375 0.0734375 0.021875
1 0.4015625 0.03203125 0.1 0.0640625
1 0.384375 0.0375 0.04765625 0.05390625
1 0.43359375 0.1078125 0.0515625 0.075
1 0.39921875 0.09921875 0.02578125 0.0484375
1 0.4484375 0.17734375 0.03671875 0.05390625
1 0.42109375 0.16953125 0.0328125 0.059375
1 0.40078125 0.1609375 0.0296875 0.075
1 0.384375 0.1453125 0.02578125 0.05390625
1 0.36796875 0.1453125 0.01484375 0.04296875
1 0.3453125 0.08046875 0.0734375 0.06484375
1 0.35625 0.0375 0.06640625 0.06484375
1 0.334375 0.1234375 0.0515625 0.05390625
1 0.1984375 0.01640625 0.01484375 0.03203125
1 0.2203125 0.0296875 0.021875 0.0265625
1 0.22421875 0.0078125 0.0296875 0.015625
1 0.2703125 0.04296875 0.06953125 0.05390625
1 0.2703125 0.01640625 0.04765625 0.03203125
1 0.3140625 0.01640625 0.04765625 0.03203125
1 0.290625 0.059375 0.03671875 0.04296875
1 0.27734375 0.0890625 0.01875 0.0375
1 0.3 0.10234375 0.02578125 0.04296875
1 0.10078125 0.021875 0.040625 0.04296875
1 0.14140625 0.075 0.0625 0.05390625
1 0.0421875 0.04296875 0.0625 0.04296875
1 0.0921875 0.0859375 0.08828125 0.06484375
1 0.021875 0.09375 0.04375 0.0484375
1 0.071875 0.12890625 0.084375 0.1078125
1 0.03125 0.1421875 0.0625 0.059375
1 0.14140625 0.13671875 0.0625 0.08046875
1 0.1875 0.1046875 0.04375 0.0484375
1 0.0296875 0.190625 0.05859375 0.059375
1 0.06640625 0.20703125 0.05859375 0.0375
1 0.14140625 0.20703125 0.084375 0.08046875
1 0.075 0.24765625 0.07734375 0.06484375
1 0.01484375 0.2390625 0.0296875 0.0265625
1 0.021875 0.29296875 0.04375 0.10234375
1 0.05703125 0.2796875 0.0625 0.06484375
1 0.20625 0.19921875 0.03671875 0.05390625
1 0.1890625 0.1609375 0.05546875 0.05390625
1 0.19453125 0.12109375 0.0296875 0.0484375
1 0.23125 0.1640625 0.04375 0.0484375
1 0.2796875 0.17734375 0.04375 0.06484375
1 0.259375 0.134375 0.0328125 0.04296875
1 0.2484375 0.09921875 0.04765625 0.09140625
1 0.2609375 0.228125 0.06640625 0.09140625
1 0.30859375 0.2125 0.03671875 0.0484375
1 0.18046875 0.2390625 0.05859375 0.08046875
1 0.21484375 0.290625 0.0625 0.06484375
1 0.27421875 0.2953125 0.05546875 0.0859375
1 0.22578125 0.3765625 0.084375 0.11796875
1 0.14375 0.271875 0.05859375 0.08046875
1 0.08828125 0.31171875 0.08125 0.0859375
1 0.071875 0.36015625 0.084375 0.0859375
1 0.03671875 0.4140625 0.0734375 0.13984375
1 0.10078125 0.48359375 0.084375 0.096875
1 0.04375 0.49453125 0.03671875 0.05390625
1 0.01640625 0.5265625 0.0328125 0.06484375
1 0.1375 0.4546875 0.0328125 0.0265625
1 0.1359375 0.40625 0.03671875 0.0484375
1 0.16328125 0.4109375 0.0328125 0.0484375
1 0.165625 0.34921875 0.03671875 0.04296875
1 0.24453125 0.32265625 0.0328125 0.05390625
1 0.3453125 0.31484375 0.0296875 0.0484375
1 0.31953125 0.325 0.0296875 0.0484375
1 0.2796875 0.3171875 0.0515625 0.1078125
1 0.290625 0.25 0.021875 0.0375
1 0.3125 0.25546875 0.0296875 0.0484375
1 0.3421875 0.24765625 0.0296875 0.04296875
1 0.35859375 0.2390625 0.02578125 0.0375
1 0.33125 0.2796875 0.0296875 0.03203125
1 0.3546875 0.28203125 0.02578125 0.0375
1 0.38046875 0.271875 0.02578125 0.0265625
1 0.39140625 0.40625 0.040625 0.0484375
1 0.40078125 0.3171875 0.0296875 0.04296875
1 0.1265625 0.76640625 0.05546875 0.06953125
1 0.06796875 0.771875 0.05546875 0.10234375
1 0.01875 0.77421875 0.03671875 0.1078125
1 0.0125 0.69609375 0.025 0.0484375
1 0.17265625 0.578125 0.0515625 0.0484375
1 0.209375 0.54296875 0.04375 0.075
1 0.20390625 0.65078125 0.05546875 0.06484375
1 0.27734375 0.57265625 0.04765625 0.059375
1 0.29609375 0.53515625 0.06953125 0.06953125
1 0.14140625 0.671875 0.05546875 0.06484375
1 0.146875 0.70703125 0.05859375 0.0484375
1 0.3546875 0.540625 0.040625 0.059375
1 0.37109375 0.58046875 0.03671875 0.06484375
1 0.3 0.53203125 0.05546875 0.05390625
1 0.0828125 0.59921875 0.165625 0.15625
1 0.2390625 0.5265625 0.29375 0.11796875
1 0.1890625 0.440625 0.01875 0.04296875
1 0.209375 0.4703125 0.021875 0.0375
1 0.23125 0.440625 0.021875 0.04296875
1 0.25390625 0.43515625 0.0296875 0.04296875
1 0.28125 0.4328125 0.02578125 0.0375
1 0.28515625 0.3921875 0.02578125 0.04296875
1 0.29375 0.3734375 0.0296875 0.0484375
1 0.41015625 0.38671875 0.20234375 0.096875
1 0.46875 0.403125 0.07734375 0.11796875
1 0.375 0.40625 0.103125 0.1234375
1 0.33828125 0.49765625 0.11015625 0.2203125
1 0.14921875 0.84140625 0.04765625 0.09140625
1 0.1453125 0.9109375 0.04765625 0.06953125