1 0.9359375 0.8265625 0.121875 0.15546875
1 0.975 0.68828125 0.04296875 0.13203125
1 0.915625 0.7515625 0.06953125 0.1015625
1 0.90078125 0.6734375 0.09921875 0.12578125
1 0.95859375 0.5625 0.07578125 0.13203125
1 0.90625 0.496875 0.05625 0.11953125
1 0.90078125 0.578125 0.03984375 0.05390625
1 0.915625 0.37734375 0.0890625 0.1796875
1 0.9671875 0.40703125 0.059375 0.13203125
1 0.8890625 0.2578125 0.06953125 0.19140625
1 0.92265625 0.2125 0.05625 0.1734375
1 0.9765625 0.209375 0.03984375 0.2875
1 0.94375 0.11640625 0.10546875 0.209375
1 0.85625 0.15859375 0.0234375 0.12578125
1 0.8765625 0.075 0.0625 0.15
1 0.95625 0.04453125 0.078125 0.0890625
1 0.72265625 0.1734375 0.0921875 0.16796875
1 0.80390625 0.23359375 0.10234375 0.15546875
1 0.80390625 0.3625 0.115625 0.1734375
1 0.68828125 0.3171875 0.121875 0.1796875
1 0.65546875 0.19140625 0.0625 0.13203125
1 0.75078125 0.06015625 0.0828125 0.11953125
1 0.79375 0.0265625 0.0625 0.053125
1 0.678125 0.078125 0.06953125 0.1078125
1 0.65859375 0.01796875 0.05625 0.0359375
1 0.72109375 0.01484375 0.0625 0.0296875
1 0.821875 0.66796875 0.065625 0.353125
1 0.75234375 0.6859375 0.0859375 0.28125
1 0.75078125 0.54453125 0.09609375 0.37109375
1 0.7109375 0.44609375 0.175 0.26953125
1 0.66328125 0.48828125 0.0859375 0.16171875
1 0.6734375 0.6015625 0.10546875 0.23359375
1 0.621875 0.58671875 0.09609375 0.14375
1 0.6140625 0.62578125 0.16484375 0.19765625
1 0.671875 0.7578125 0.1484375 0.15
1 0.62734375 0.76015625 0.0859375 0.13203125
1 0.04453125 0.1109375 0.0890625 0.1140625
1 0.02109375 0.17265625 0.0421875 0.0484375
1 0.059375 0.1765625 0.0328125 0.065625
1 0.09375 0.1703125 0.0296875 0.05390625
1 0.10078125 0.21875 0.04296875 0.065625
1 0.0609375 0.26328125 0.06953125 0.11953125
1 0.10234375 0.28125 0.0328125 0.071875
1 0.08046875 0.33515625 0.04921875 0.071875
1 0.0296875 0.33828125 0.059375 0.1015625
1 0.01328125 0.26328125 0.0265625 0.08359375
1 0.01953125 0.43671875 0.0390625 0.0953125
1 0.059375 0.48203125 0.059375 0.12578125
1 0.02109375 0.55 0.0421875 0.13125
1 0.03125 0.65234375 0.0625 0.11953125
1 0.10390625 0.72421875 0.115625 0.1796875
1 0.14375 0.85625 0.0890625 0.1796875
1 0.19453125 0.65546875 0.065625 0.15
1 0.13203125 0.6140625 0.065625 0.065625
1 0.178125 0.7453125 0.03984375 0.05390625
1 0.059375 0.85 0.0859375 0.15546875
1 0.234375 0.83203125 0.1125 0.215625
1 0.290625 0.8984375 0.13203125 0.19140625
1 0.37265625 0.70625 0.11875 0.23984375
1 0.28515625 0.646875 0.09609375 0.20390625
1 0.21953125 0.51484375 0.06953125 0.09609375
1 0.15 0.50859375 0.06953125 0.11953125
1 0.09765625 0.51484375 0.04296875 0.08359375
1 0.11875 0.421875 0.059375 0.08984375
1 0.19296875 0.41015625 0.09609375 0.1375
1 0.24765625 0.365625 0.04609375 0.1078125
1 0.25078125 0.434375 0.0265625 0.05390625
1 0.2078125 0.30859375 0.065625 0.08984375
1 0.1453125 0.3203125 0.059375 0.08984375
1 0.2578125 0.209375 0.059375 0.1078125
1 0.27265625 0.0984375 0.0625 0.12578125
1 0.2125 0.1046875 0.06953125 0.1375
1 0.2046875 0.21875 0.053125 0.1015625
1 0.15546875 0.1796875 0.07265625 0.14375
1 0.24921875 0.01484375 0.04921875 0.0296875
1 0.30546875 0.01484375 0.05625 0.0296875
1 0.3546875 0.078125 0.10234375 0.15546875
1 0.415625 0.15234375 0.10546875 0.19765625
1 0.31875 0.19765625 0.0828125 0.11953125
1 0.37421875 0.3203125 0.115625 0.1375
1 0.3890625 0.41640625 0.09921875 0.28125
1 0.31171875 0.4703125 0.07578125 0.19765625
1 0.30703125 0.35 0.07890625 0.16171875
1 0.57578125 0.94296875 0.0296875 0.1015625
1 0.54453125 0.94609375 0.0265625 0.09609375
1 0.5609375 0.9734375 0.01953125 0.0421875
1 0.528125 0.91953125 0.03984375 0.15
1 0.503125 0.921875 0.0234375 0.071875
1 0.4953125 0.95546875 0.03984375 0.078125
1 0.465625 0.9640625 0.0265625 0.0359375
1 0.4421875 0.921875 0.04609375 0.1078125
1 0.41953125 0.85 0.0265625 0.14375
1 0.46875 0.8625 0.0859375 0.06015625
1 0.45703125 0.90390625 0.0296875 0.04765625
1 0.46875 0.859375 0.0859375 0.05390625
1 0.4734375 0.8171875 0.0890625 0.08984375
1 0.50625 0.8171875 0.0890625 0.065625
1 0.51953125 0.790625 0.0625 0.06015625
1 0.4140625 0.784375 0.09609375 0.06015625
1 0.49140625 0.73046875 0.07890625 0.04765625
1 0.51953125 0.7515625 0.05625 0.0296875
1 0.5640625 0.76015625 0.0265625 0.2515625
1 0.590625 0.8171875 0.0265625 0.3171875
1 0.50859375 0.65 0.07265625 0.12578125
1 0.48046875 0.646875 0.0625 0.13203125
1 0.440625 0.6796875 0.04296875 0.15
1 0.44375 0.58046875 0.0296875 0.06015625
1 0.45078125 0.62578125 0.0625 0.1015625
1 0.46171875 0.5359375 0.07890625 0.065625
1 0.43203125 0.5296875 0.0921875 0.065625
1 0.4421875 0.48828125 0.11875 0.08984375
1 0.51796875 0.5 0.0265625 0.1734375
1 0.5046875 0.47890625 0.10546875 0.04765625
1 0.5828125 0.4734375 0.0296875 0.11953125
1 0.565625 0.41640625 0.04921875 0.0421875
1 0.471875 0.38046875 0.059375 0.1375
1 0.4421875 0.3859375 0.065625 0.1140625
1 0.5046875 0.37734375 0.065625 0.14375
1 0.51484375 0.34765625 0.053125 0.071875
1 0.475 0.37109375 0.01953125 0.14375
1 0.57265625 0.34453125 0.01640625 0.1015625
1 0.559375 0.33515625 0.0359375 0.08359375
1 0.58046875 0.2125 0.0265625 0.16171875
1 0.55625 0.20625 0.0234375 0.1859375
1 0.5265625 0.22421875 0.0234375 0.12578125
1 0.50625 0.22734375 0.0234375 0.15546875
1 0.4765625 0.1765625 0.0296875 0.23359375
1 0.48671875 0.20078125 0.09609375 0.0296875
1 0.4984375 0.075 0.0328125 0.15
1 0.5015625 0.075 0.0265625 0.15
1 0.53359375 0.0625 0.0390625 0.125
1 0.5609375 0.0359375 0.0328125 0.04765625
1 0.590625 0.05703125 0.0265625 0.078125
1 0.5578125 0.1046875 0.0265625 0.065625
1 0.57421875 0.1015625 0.0328125 0.071875
1 0.5234375 0.09296875 0.0359375 0.078125