1 0.91171875 0.71640625 0.1703125 0.3453125
1 0.9015625 0.91015625 0.18984375 0.16640625
1 0.74453125 0.83671875 0.1640625 0.31484375
1 0.74453125 0.55546875 0.209375 0.3703125
1 0.85390625 0.3453125 0.24140625 0.45703125
1 0.9015625 0.17265625 0.18984375 0.33359375
1 0.64609375 0.275 0.37265625 0.54921875
1 0.5109375 0.70703125 0.30859375 0.56171875
1 0.42890625 0.775 0.40859375 0.43828125
1 0.6625 0.96875 0.13515625 0.04921875
1 0.278125 0.728125 0.24140625 0.41953125
1 0.1125 0.8640625 0.225 0.259375
1 0.5203125 0.04296875 0.096875 0.0859375
1 0.07265625 0.07109375 0.14453125 0.1421875
1 0.18359375 0.0984375 0.07734375 0.1109375
1 0.225 0.03125 0.07109375 0.06171875
1 0.29765625 0.06171875 0.0546875 0.08671875
1 0.446875 0.05234375 0.08359375 0.1046875
1 0.37265625 0.03359375 0.0640625 0.0671875
1 0.378125 0.18828125 0.07421875 0.1171875
1 0.440625 0.1546875 0.0640625 0.1109375
1 0.434375 0.265625 0.07734375 0.1359375
1 0.36640625 0.3484375 0.07109375 0.1421875
1 0.29453125 0.29296875 0.08046875 0.1296875
1 0.30703125 0.17578125 0.0671875 0.1171875
1 0.25859375 0.16640625 0.0484375 0.0984375
1 0.2234375 0.221875 0.0671875 0.0984375
1 0.19453125 0.30234375 0.0671875 0.1109375
1 0.16875 0.234375 0.0421875 0.06171875
1 0.14140625 0.1546875 0.0515625 0.0984375
1 0.36953125 0.5 0.0453125 0.07421875
1 0.42109375 0.42578125 0.0578125 0.0984375
1 0.18671875 0.45390625 0.09609375 0.1421875
1 0.08203125 0.3890625 0.1 0.1484375
1 0.1234375 0.32109375 0.08046875 0.1234375
1 0.08046875 0.20390625 0.07734375 0.1109375
1 0.009375 0.09453125 0.01875 0.0921875
1 0.01953125 0.19765625 0.03828125 0.0984375
1 0.02578125 0.278125 0.0515625 0.1484375
1 0.03671875 0.465625 0.0734375 0.178125
1 0.109375 0.50625 0.08359375 0.16015625
1 0.01640625 0.55859375 0.03203125 0.1296875