1 0.7609375 0.63125 0.390625 0.32109375
1 0.7765625 0.60390625 0.3859375 0.23984375
1 0.7765625 0.575 0.17578125 0.1359375
1 0.82421875 0.53359375 0.1578125 0.06328125
1 0.66875 0.6359375 0.35546875 0.3484375
1 0.73046875 0.89375 0.08359375 0.121875
1 0.6296875 0.91875 0.109375 0.09921875
1 0.521875 0.8640625 0.184375 0.18125
1 0.52421875 0.76015625 0.1796875 0.11796875
1 0.36875 0.8328125 0.14921875 0.16328125
1 0.3921875 0.884375 0.0921875 0.0765625
1 0.40546875 0.93203125 0.109375 0.06328125
1 0.16484375 0.7875 0.12734375 0.08125
1 0.17578125 0.778125 0.26328125 0.23515625
1 0.2765625 0.83046875 0.0703125 0.05
1 0.228125 0.859375 0.03515625 0.02734375
1 0.25625 0.88046875 0.0484375 0.040625
1 0.29375 0.88046875 0.03515625 0.040625
1 0.20390625 0.8984375 0.05703125 0.040625
1 0.234375 0.93203125 0.03984375 0.0453125
1 0.28046875 0.9296875 0.05234375 0.05
1 0.32265625 0.91875 0.03984375 0.0453125
1 0.17734375 0.89609375 0.05703125 0.0453125
1 0.66015625 0.85078125 0.0484375 0.06328125
1 0.61640625 0.828125 0.03046875 0.0546875
1 0.653125 0.78984375 0.06171875 0.05859375
1 0.70859375 0.7921875 0.05703125 0.0453125
1 0.7671875 0.7984375 0.05234375 0.05859375
1 0.75859375 0.85546875 0.07890625 0.08125
1 0.81328125 0.8390625 0.065625 0.05859375
1 0.36875 0.621875 0.26328125 0.2671875
1 0.36875 0.28046875 0.3859375 0.4890625
1 0.48046875 0.51328125 0.03984375 0.05
1 0.515625 0.49296875 0.05703125 0.0546875
1 0.515625 0.43671875 0.03984375 0.05859375
1 0.5328125 0.42734375 0.03984375 0.05859375
1 0.5546875 0.4453125 0.03046875 0.03203125
1 0.58984375 0.4453125 0.03984375 0.040625
1 0.609375 0.46171875 0.04375 0.0359375
1 0.61875 0.47265625 0.03515625 0.03203125
1 0.640625 0.50703125 0.06171875 0.0546875
1 0.66640625 0.4953125 0.04375 0.040625
1 0.6734375 0.540625 0.03984375 0.040625
1 0.21953125 0.5546875 0.096875 0.121875
1 0.13828125 0.61796875 0.1796875 0.140625
1 0.05703125 0.76015625 0.07890625 0.090625