1 0.334375 0.1828125 0.3203125 0.28984375
1 0.26328125 0.4015625 0.15625 0.26796875
1 0.40546875 0.45390625 0.20703125 0.2625
1 0.4765625 0.39609375 0.13125 0.16953125
1 0.57109375 0.2921875 0.13125 0.20234375
1 0.621875 0.44296875 0.13125 0.1640625
1 0.58203125 0.51328125 0.13125 0.1203125
1 0.74765625 0.39921875 0.0984375 0.1203125
1 0.765625 0.3171875 0.10546875 0.0875
1 0.865625 0.4375 0.109375 0.1640625
1 0.8 0.478125 0.1015625 0.13671875
1 0.87265625 0.56015625 0.1015625 0.10390625
1 0.865625 0.671875 0.15234375 0.175
1 0.7234375 0.66953125 0.11640625 0.14765625
1 0.80390625 0.784375 0.2546875 0.16953125
1 0.72890625 0.86640625 0.10546875 0.13671875
1 0.64765625 0.84140625 0.07265625 0.13125
1 0.54921875 0.784375 0.13125 0.20234375
1 0.42578125 0.7375 0.16015625 0.2078125
1 0.2546875 0.6609375 0.13828125 0.1421875
1 0.15234375 0.61484375 0.11640625 0.18046875
1 0.26171875 0.86328125 0.1671875 0.1859375
1 0.10703125 0.85 0.14921875 0.14765625
1 0.09296875 0.6828125 0.17109375 0.175