1 0.78515625 0.24375 0.26015625 0.18671875
1 0.7796875 0.41640625 0.25 0.190625
1 0.71484375 0.61484375 0.2296875 0.190625
1 0.7703125 0.79921875 0.2703125 0.19453125
1 0.4375 0.25 0.2453125 0.1828125
1 0.52265625 0.4265625 0.2546875 0.21015625
1 0.52265625 0.609375 0.18515625 0.1703125
1 0.5 0.7046875 0.18984375 0.07578125
1 0.51015625 0.8078125 0.26015625 0.19453125
1 0.2203125 0.2953125 0.25 0.17890625
1 0.2671875 0.46015625 0.2453125 0.17421875
1 0.2453125 0.61875 0.2203125 0.15859375
1 0.1703125 0.7859375 0.2296875 0.190625