1 0.65859375 0.6546875 0.3359375 0.484375
1 0.35546875 0.59765625 0.32421875 0.49453125
1 0.459375 0.29609375 0.115625 0.23203125
1 0.53671875 0.20390625 0.20859375 0.325
1 0.23515625 0.2140625 0.09296875 0.18046875
1 0.34140625 0.234375 0.14296875 0.20078125
1 0.18359375 0.3453125 0.15078125 0.1234375
1 0.05 0.6234375 0.1 0.26796875
1 0.1390625 0.62109375 0.08515625 0.10859375
1 0.1390625 0.58515625 0.1234375 0.190625
1 0.90703125 0.71875 0.17734375 0.2625
1 0.91484375 0.58984375 0.1625 0.11875