1 0.8609375 0.646875 0.06953125 0.09765625
1 0.81640625 0.51015625 0.15859375 0.19609375
1 0.75078125 0.23984375 0.25859375 0.396875
1 0.6 0.15703125 0.2046875 0.28359375
1 0.56171875 0.0875 0.15078125 0.175
1 0.66015625 0.321875 0.1078125 0.12890625
1 0.69140625 0.396875 0.09296875 0.1234375
1 0.6890625 0.5234375 0.10390625 0.1390625
1 0.746875 0.4359375 0.02734375 0.0671875
1 0.79375 0.6625 0.0578125 0.09765625
1 0.81484375 0.73984375 0.08515625 0.09765625
1 0.73515625 0.6703125 0.065625 0.1234375
1 0.69140625 0.6390625 0.1 0.103125
1 0.70625 0.7578125 0.08515625 0.11328125
1 0.73359375 0.8375 0.1078125 0.1390625
1 0.646875 0.8140625 0.08125 0.09296875
1 0.63671875 0.7375 0.09296875 0.1234375
1 0.60625 0.62109375 0.08515625 0.11875
1 0.5734375 0.4640625 0.14296875 0.278125
1 0.51328125 0.31171875 0.146875 0.20078125
1 0.4671875 0.13671875 0.05390625 0.21171875
1 0.3859375 0.15234375 0.1234375 0.30390625
1 0.34140625 0.13671875 0.096875 0.190625
1 0.271875 0.1390625 0.065625 0.071875
1 0.2296875 0.15234375 0.05 0.015625
1 0.2375 0.234375 0.1734375 0.1390625
1 0.28984375 0.35546875 0.1546875 0.19609375
1 0.13125 0.3890625 0.16953125 0.23203125
1 0.2140625 0.49765625 0.13515625 0.1703125
1 0.1234375 0.59765625 0.115625 0.16484375
1 0.196875 0.71171875 0.19296875 0.2578125
1 0.35546875 0.8328125 0.16953125 0.2421875
1 0.44765625 0.94296875 0.07734375 0.103125
1 0.52890625 0.928125 0.08515625 0.134375
1 0.55625 0.79609375 0.1234375 0.12890625
1 0.55625 0.6828125 0.06953125 0.09765625
1 0.49453125 0.70078125 0.06953125 0.09296875
1 0.45390625 0.75234375 0.0734375 0.103125
1 0.465625 0.84765625 0.065625 0.0875
1 0.3921875 0.69609375 0.0734375 0.06171875
1 0.43046875 0.64140625 0.065625 0.0875
1 0.32265625 0.66484375 0.0734375 0.0828125
1 0.271875 0.5953125 0.0421875 0.05703125
1 0.359375 0.61328125 0.07734375 0.11328125
1 0.403125 0.5640625 0.0734375 0.05703125
1 0.490625 0.62109375 0.04609375 0.05703125
1 0.51328125 0.571875 0.04609375 0.0515625
1 0.4671875 0.5640625 0.04609375 0.04609375
1 0.29765625 0.54375 0.03828125 0.04609375
1 0.303125 0.47421875 0.0421875 0.0515625
1 0.3359375 0.515625 0.06171875 0.0515625
1 0.3609375 0.47421875 0.05 0.04140625
1 0.38828125 0.4640625 0.034375 0.04140625
1 0.41328125 0.38671875 0.05390625 0.0828125
1 0.43046875 0.4484375 0.0421875 0.04140625
1 0.475 0.43046875 0.06171875 0.09765625
1 0.43828125 0.49453125 0.0578125 0.04140625
1 0.4921875 0.515625 0.05 0.0515625
1 0.3921875 0.5234375 0.05 0.0359375
1 0.40546875 0.309375 0.05390625 0.071875