1 0.76171875 0.91015625 0.14921875 0.16953125
1 0.83671875 0.84140625 0.04375 0.0875
1 0.88203125 0.671875 0.0984375 0.2296875
1 0.9234375 0.4703125 0.109375 0.196875
1 0.81640625 0.43203125 0.178125 0.2625
1 0.8453125 0.2703125 0.17109375 0.20234375
1 0.76328125 0.18046875 0.1453125 0.2078125
1 0.71640625 0.41796875 0.0796875 0.30078125
1 0.6203125 0.459375 0.19296875 0.2953125
1 0.76875 0.68828125 0.20703125 0.30625
1 0.62578125 0.8359375 0.15234375 0.1640625
1 0.621875 0.69375 0.13125 0.2078125
1 0.6109375 0.9375 0.1671875 0.11484375
1 0.4890625 0.91015625 0.14921875 0.16953125
1 0.51796875 0.75390625 0.12734375 0.175
1 0.45625 0.60390625 0.17109375 0.18046875
1 0.490625 0.5765625 0.13125 0.22421875
1 0.48203125 0.39375 0.1125 0.196875
1 0.478125 0.27578125 0.1203125 0.12578125
1 0.609375 0.259375 0.134375 0.19140625
1 0.63828125 0.196875 0.1125 0.1640625
1 0.678125 0.07890625 0.090625 0.13671875
1 0.5546875 0.0765625 0.17109375 0.153125
1 0.45625 0.14765625 0.1125 0.1640625
1 0.52578125 0.19375 0.04765625 0.08203125
1 0.38359375 0.259375 0.0765625 0.10390625
1 0.33671875 0.09296875 0.10546875 0.1859375
1 0.39296875 0.0984375 0.09453125 0.196875
1 0.28359375 0.20234375 0.13125 0.175
1 0.33671875 0.42890625 0.21484375 0.35546875
1 0.29453125 0.6828125 0.15234375 0.175
1 0.321875 0.871875 0.2 0.23515625
1 0.4234375 0.95625 0.15625 0.0765625
1 0.26015625 0.959375 0.14921875 0.07109375
1 0.2328125 0.79765625 0.11640625 0.2078125
1 0.14921875 0.6609375 0.09453125 0.153125
1 0.1109375 0.7953125 0.134375 0.18046875
1 0.1546875 0.8609375 0.090625 0.11484375
1 0.2109375 0.57109375 0.1453125 0.22421875
1 0.20390625 0.4046875 0.0796875 0.13125
1 0.0875 0.5109375 0.1234375 0.14765625
1 0.06015625 0.62265625 0.1203125 0.2296875
1 0.1109375 0.29765625 0.178125 0.25703125
1 0.16328125 0.17734375 0.1234375 0.16953125
1 0.25234375 0.11171875 0.06171875 0.07109375
1 0.22734375 0.2921875 0.06875 0.09296875