1 0.89765625 0.38515625 0.1984375 0.41796875
1 0.8453125 0.59140625 0.0875 0.15859375
1 0.8078125 0.71796875 0.09453125 0.1765625
1 0.83984375 0.74375 0.07109375 0.15859375
1 0.75625 0.5734375 0.084375 0.15859375
1 0.74609375 0.74140625 0.07109375 0.14140625
1 0.74765625 0.3234375 0.0875 0.14140625
1 0.78125 0.19375 0.03359375 0.11796875
1 0.72578125 0.18828125 0.084375 0.16484375
1 0.6734375 0.25 0.046875 0.06484375
1 0.66171875 0.16796875 0.05703125 0.11171875
1 0.6703125 0.34140625 0.0671875 0.1296875
1 0.78984375 0.90859375 0.09765625 0.1703125
1 0.7421875 0.95859375 0.090625 0.0703125
1 0.6921875 0.90859375 0.090625 0.1703125
1 0.59765625 0.9265625 0.1046875 0.13515625
1 0.4984375 0.93203125 0.0875 0.1234375
1 0.9375 0.16484375 0.11796875 0.3296875
1 0.7875 0.08828125 0.1953125 0.1765625
1 0.58046875 0.28828125 0.07734375 0.1296875
1 0.55078125 0.3796875 0.07734375 0.146875
1 0.57421875 0.44140625 0.090625 0.14140625
1 0.48828125 0.43828125 0.08046875 0.13515625
1 0.49140625 0.2734375 0.10078125 0.18203125
1 0.2796875 0.6796875 0.221875 0.41796875
1 0.40390625 0.93515625 0.07421875 0.11796875
1 0.3515625 0.96484375 0.07734375 0.05859375
1 0.33671875 0.9203125 0.040625 0.06484375
1 0.2859375 0.9265625 0.0875 0.13515625
1 0.20703125 0.93828125 0.090625 0.11171875
1 0.12265625 0.9265625 0.09765625 0.13515625
1 0.025 0.9375 0.05 0.1
1 0.46640625 0.71171875 0.13828125 0.30625
1 0.53671875 0.71796875 0.07109375 0.2
1 0.55234375 0.80625 0.040625 0.03515625
1 0.4828125 0.69375 0.1046875 0.16484375
1 0.521875 0.646875 0.09453125 0.14140625
1 0.5015625 0.6265625 0.0671875 0.1234375
1 0.43125 0.58203125 0.09453125 0.14140625
1 0.44609375 0.6296875 0.13828125 0.21171875
1 0.61796875 0.58828125 0.07109375 0.2234375
1 0.63828125 0.53203125 0.05078125 0.053125
1 0.61484375 0.49375 0.03671875 0.05859375
1 0.68046875 0.53515625 0.046875 0.08203125
1 0.65859375 0.65859375 0.03046875 0.153125
1 0.6546875 0.61796875 0.084375 0.10625
1 0.6125 0.7796875 0.05390625 0.2296875
1 0.634375 0.746875 0.07734375 0.05859375
1 0.678125 0.75859375 0.03046875 0.046875
1 0.5609375 0.74375 0.07109375 0.04140625
1 0.37578125 0.44140625 0.05078125 0.09375
1 0.34375 0.4703125 0.05390625 0.08203125
1 0.37734375 0.5 0.0265625 0.05859375
1 0.31953125 0.43203125 0.05390625 0.08828125
1 0.3 0.4 0.05390625 0.09375
1 0.346875 0.34140625 0.0609375 0.11796875
1 0.371875 0.36484375 0.05078125 0.0703125
1 0.1296875 0.75 0.05703125 0.0765625
1 0.15859375 0.71171875 0.05390625 0.09375
1 0.12265625 0.68203125 0.0640625 0.0703125
1 0.0890625 0.74375 0.04375 0.11171875
1 0.11484375 0.81171875 0.046875 0.0703125
1 0.153125 0.80859375 0.03671875 0.06484375
1 0.03359375 0.796875 0.046875 0.0765625
1 0.0390625 0.7265625 0.03046875 0.053125
1 0.0390625 0.66484375 0.03046875 0.05859375
1 0.01484375 0.7109375 0.0296875 0.11875
1 0.01015625 0.81484375 0.0203125 0.1
1 0.4140625 0.20859375 0.0609375 0.0765625
1 0.42421875 0.13828125 0.040625 0.08828125
1 0.37734375 0.13515625 0.040625 0.05859375
1 0.35390625 0.1796875 0.040625 0.13515625
1 0.38515625 0.18515625 0.0234375 0.06484375
1 0.3734375 0.26171875 0.05390625 0.0765625
1 0.415625 0.2734375 0.03046875 0.04140625
1 0.21015625 0.43203125 0.04375 0.06484375
1 0.1984375 0.51171875 0.03359375 0.05859375
1 0.18515625 0.5296875 0.10078125 0.09375
1 0.175 0.6 0.11484375 0.09375
1 0.15859375 0.48828125 0.14140625 0.1765625
1 0.1546875 0.4703125 0.20859375 0.246875
1 0.25078125 0.25859375 0.0640625 0.0703125
1 0.24921875 0.18828125 0.0609375 0.08203125
1 0.29609375 0.2 0.03359375 0.0703125
1 0.29765625 0.25 0.03671875 0.06484375
1 0.29609375 0.1203125 0.046875 0.0765625
1 0.24765625 0.1234375 0.03671875 0.03515625
1 0.2140625 0.146875 0.03671875 0.09375
1 0.215625 0.23203125 0.0265625 0.06484375
1 0.409375 0.03203125 0.084375 0.0640625
1 0.51171875 0.08203125 0.134375 0.0703125
1 0.51171875 0.096875 0.14140625 0.15859375
1 0.5234375 0.153125 0.07109375 0.03515625
1 0.5921875 0.0703125 0.1625 0.140625
1 0.59765625 0.09375 0.09765625 0.08203125
1 0.5890625 0.1296875 0.07421875 0.09375
1 0.57890625 0.0203125 0.0671875 0.040625
1 0.2640625 0.0234375 0.05078125 0.046875
1 0.3046875 0.01484375 0.03046875 0.0296875
1 0.32734375 0.00859375 0.0234375 0.0171875
1 0.0265625 0.05 0.053125 0.1
1 0.05859375 0.0265625 0.04375 0.053125
1 0.05703125 0.0703125 0.040625 0.046875
1 0.0265625 0.23125 0.053125 0.20625
1 0.00859375 0.43515625 0.0171875 0.10625
1 0.02890625 0.48828125 0.04375 0.153125
1 0.01328125 0.5234375 0.0265625 0.0703125
1 0.03515625 0.59609375 0.0703125 0.0640625
1 0.09453125 0.06171875 0.0265625 0.1234375
1 0.13046875 0.08203125 0.0328125 0.1640625
1 0.15625 0.05625 0.07109375 0.053125
1 0.16640625 0.0296875 0.05078125 0.05859375
1 0.20859375 0.0265625 0.07421875 0.053125
1 0.1765625 0.103125 0.05078125 0.1
1 0.14296875 0.21171875 0.05703125 0.16484375
1 0.09765625 0.14375 0.0875 0.01796875
1 0.07890625 0.1796875 0.084375 0.053125
1 0.10078125 0.20859375 0.1484375 0.11171875
1 0.11640625 0.2796875 0.1515625 0.11171875
1 0.18671875 0.3 0.0640625 0.14140625
1 0.12109375 0.31796875 0.07421875 0.11796875