1 0.82109375 0.375 0.228125 0.32265625
1 0.4546875 0.640625 0.21640625 0.28125
1 0.15 0.4453125 0.23203125 0.296875
1 0.98515625 0.22109375 0.02265625 0.30703125
1 0.96953125 0.55234375 0.053125 0.88515625
1 0.93125 0.5078125 0.08359375 0.765625
1 0.86875 0.55703125 0.0796875 0.875
1 0.815625 0.46640625 0.06484375 0.921875
1 0.7265625 0.546875 0.07578125 0.89609375
1 0.7734375 0.734375 0.04921875 0.41640625
1 0.665625 0.54921875 0.053125 0.890625
1 0.60234375 0.47890625 0.0875 0.85390625
1 0.54375 0.5078125 0.09140625 0.859375
1 0.47109375 0.47109375 0.06875 0.75546875
1 0.42578125 0.51015625 0.0453125 0.84375
1 0.378125 0.5 0.05703125 0.78125
1 0.334375 0.52109375 0.053125 0.76015625
1 0.271875 0.49765625 0.0875 0.75546875
1 0.22265625 0.54140625 0.0875 0.78125
1 0.14296875 0.52578125 0.06484375 0.9375
1 0.121875 0.45078125 0.03046875 0.765625
1 0.0890625 0.54921875 0.06484375 0.828125
1 0.03828125 0.53125 0.0453125 0.76015625