1 0.07109375 0.90234375 0.1421875 0.1859375
1 0.1546875 0.94296875 0.05390625 0.103125
1 0.31640625 0.8734375 0.2546875 0.2421875
1 0.459375 0.76015625 0.1625 0.05703125
1 0.5890625 0.85859375 0.096875 0.25234375
1 0.56171875 0.88125 0.096875 0.2265625
1 0.534375 0.87890625 0.096875 0.23203125
1 0.51171875 0.90234375 0.0734375 0.175
1 0.48828125 0.91015625 0.0578125 0.1703125
1 0.459375 0.89453125 0.1 0.190625
1 0.4515625 0.93046875 0.05390625 0.11875
1 0.89609375 0.79375 0.06171875 0.09296875
1 0.96171875 0.70390625 0.04609375 0.0671875
1 0.98671875 0.69609375 0.01953125 0.06171875
1 0.92265625 0.7140625 0.03828125 0.0671875
1 0.96875 0.76796875 0.05390625 0.0515625
1 0.88046875 0.559375 0.06953125 0.07734375
1 0.91328125 0.5125 0.065625 0.0671875
1 0.9265625 0.5671875 0.03125 0.04140625
1 0.83203125 0.54375 0.05 0.07734375
1 0.9578125 0.5515625 0.0234375 0.04140625
1 0.9828125 0.571875 0.02734375 0.0203125
1 0.9828125 0.53828125 0.02734375 0.05703125
1 0.30859375 0.58984375 0.06953125 0.0875
1 0.36328125 0.5875 0.03828125 0.071875
1 0.4 0.54140625 0.065625 0.0828125
1 0.42265625 0.61875 0.05 0.103125
1 0.3921875 0.6265625 0.0578125 0.0875
1 0.3515625 0.66015625 0.03125 0.071875
1 0.32265625 0.66015625 0.0421875 0.071875
1 0.2875 0.6625 0.034375 0.0671875
1 0.25859375 0.6234375 0.03828125 0.09296875
1 0.18359375 0.63671875 0.02734375 0.10859375
1 0.20625 0.64453125 0.01953125 0.06171875
1 0.1484375 0.575 0.0421875 0.07734375
1 0.1140625 0.59765625 0.0421875 0.0828125
1 0.07109375 0.5953125 0.02734375 0.0671875
1 0.08515625 0.54921875 0.0234375 0.0359375
1 0.040625 0.60546875 0.05 0.0875
1 0.0078125 0.675 0.015625 0.071875
1 0.0328125 0.6859375 0.02734375 0.03125
1 0.05625 0.6703125 0.05 0.0515625
1 0.0890625 0.67265625 0.03125 0.04609375
1 0.115625 0.66484375 0.0234375 0.0515625
1 0.15234375 0.65703125 0.05 0.05703125
1 0.51328125 0.5640625 0.06171875 0.07734375
1 0.565625 0.5953125 0.15859375 0.07734375
1 0.6796875 0.5640625 0.03125 0.0359375
1 0.70859375 0.54921875 0.034375 0.0359375
1 0.67578125 0.53125 0.03125 0.0203125
1 0.67734375 0.58515625 0.01953125 0.02578125
1 0.69296875 0.603125 0.02734375 0.0203125
1 0.70625 0.5796875 0.0234375 0.02578125
1 0.728125 0.5953125 0.0421875 0.015625
1 0.7390625 0.57734375 0.034375 0.0203125
1 0.74296875 0.54921875 0.01953125 0.0359375
1 0.7703125 0.55703125 0.01953125 0.03125
1 0.7796875 0.53828125 0.015625 0.02578125
1 0.79375 0.5828125 0.02734375 0.04140625
1 0.76796875 0.5875 0.03125 0.03125
1 0.60625 0.7265625 0.03125 0.0515625
1 0.64453125 0.721875 0.03828125 0.03125
1 0.6953125 0.7140625 0.03828125 0.04609375
1 0.72578125 0.70390625 0.015625 0.02578125
1 0.74296875 0.690625 0.01953125 0.04140625
1 0.7625 0.690625 0.01171875 0.04140625
1 0.7875 0.70859375 0.0234375 0.0359375
1 0.80703125 0.68828125 0.0234375 0.02578125
1 0.62578125 0.7625 0.03125 0.03125
1 0.65234375 0.75546875 0.0234375 0.0359375
1 0.67578125 0.75546875 0.0234375 0.02578125
1 0.7046875 0.75234375 0.02734375 0.04140625
1 0.7390625 0.75546875 0.02734375 0.05703125
1 0.77578125 0.74765625 0.03125 0.03125
1 0.8109375 0.73203125 0.03125 0.03125
1 0.84140625 0.7421875 0.03125 0.03125
1 0.86328125 0.7265625 0.02734375 0.0515625
1 0.6484375 0.821875 0.03125 0.0359375
1 0.68125 0.81953125 0.0421875 0.0515625
1 0.71015625 0.809375 0.03125 0.0515625
1 0.7390625 0.81171875 0.034375 0.05703125
1 0.6234375 0.78828125 0.01953125 0.03125
1 0.65234375 0.79140625 0.0234375 0.02578125
1 0.68125 0.78828125 0.02734375 0.03125
1 0.70625 0.778125 0.03125 0.0203125
1 0.75859375 0.778125 0.0421875 0.0203125
1 0.7796875 0.80703125 0.03125 0.04609375
1 0.8109375 0.80390625 0.03125 0.0515625
1 0.8046875 0.7578125 0.02734375 0.0203125
1 0.8375 0.7421875 0.03125 0.03125
1 0.67578125 0.86875 0.03125 0.05703125
1 0.696875 0.884375 0.034375 0.07734375
1 0.70859375 0.90234375 0.0421875 0.04140625
1 0.71796875 0.940625 0.03125 0.02578125
1 0.79375 0.928125 0.034375 0.0203125
1 0.83046875 0.90703125 0.05390625 0.04140625
1 0.959375 0.85546875 0.034375 0.04140625
1 0.93828125 0.821875 0.03828125 0.0359375
1 0.934375 0.8765625 0.03828125 0.03125
1 0.90546875 0.86328125 0.0421875 0.04609375
1 0.87421875 0.89453125 0.034375 0.015625
1 0.83046875 0.8734375 0.03125 0.02578125
1 0.84765625 0.853125 0.034375 0.04609375
1 0.87265625 0.86875 0.03125 0.02578125
1 0.81640625 0.8328125 0.034375 0.02578125
1 0.7953125 0.85859375 0.03125 0.0359375
1 0.78984375 0.89140625 0.034375 0.04140625
1 0.753125 0.884375 0.03125 0.0359375
1 0.75859375 0.85859375 0.0421875 0.0359375
1 0.7203125 0.853125 0.02734375 0.02578125
1 0.97109375 0.3734375 0.05 0.09765625
1 0.93046875 0.35859375 0.03125 0.05703125
1 0.1796875 0.36875 0.0578125 0.10859375
1 0.10390625 0.3765625 0.09296875 0.11328125
1 0.0328125 0.38125 0.065625 0.09296875
1 0.04453125 0.31953125 0.0421875 0.04140625
1 0.43046875 0.36328125 0.02734375 0.1390625
1 0.4109375 0.37890625 0.02734375 0.11875
1 0.596875 0.325 0.034375 0.071875
1 0.60625 0.31953125 0.0234375 0.09296875
1 0.60625 0.38671875 0.03125 0.0515625
1 0.5890625 0.34765625 0.02734375 0.0671875
1 0.5671875 0.29609375 0.03125 0.0671875
1 0.5484375 0.309375 0.015625 0.03125
1 0.55625 0.3765625 0.03125 0.103125
1 0.5234375 0.3765625 0.05 0.071875
1 0.5328125 0.40234375 0.03828125 0.04140625
1 0.525 0.3015625 0.03125 0.07734375
1 0.48828125 0.3140625 0.0734375 0.06171875
1 0.475 0.36328125 0.0234375 0.04609375
1 0.490625 0.38671875 0.0234375 0.0515625
1 0.70859375 0.3734375 0.05 0.0671875
1 0.65859375 0.3171875 0.0421875 0.0359375
1 0.65234375 0.33984375 0.015625 0.0203125
1 0.66796875 0.384375 0.06171875 0.0875
1 0.70234375 0.365625 0.015625 0.04140625
1 0.70078125 0.39921875 0.01953125 0.02578125
1 0.73203125 0.41015625 0.05 0.04609375
1 0.69140625 0.325 0.03125 0.03125
1 0.70625 0.31953125 0.015625 0.03125
1 0.753125 0.3734375 0.06953125 0.09765625
1 0.7375 0.3328125 0.03828125 0.02578125
1 0.76484375 0.3328125 0.03828125 0.05703125
1 0.87421875 0.3734375 0.15078125 0.10859375
1 0.02890625 0.06953125 0.0578125 0.10859375
1 0.0078125 0.15234375 0.015625 0.0671875
1 0.05234375 0.1234375 0.0578125 0.03125
1 0.12578125 0.14921875 0.065625 0.0828125
1 0.19296875 0.1546875 0.06953125 0.0828125
1 0.26796875 0.16015625 0.0734375 0.0828125
1 0.33984375 0.146875 0.05390625 0.02578125
1 0.39375 0.178125 0.06171875 0.07734375
1 0.45 0.18046875 0.0578125 0.06171875
1 0.5015625 0.1859375 0.05390625 0.06171875
1 0.55234375 0.1671875 0.05390625 0.0359375
1 0.60390625 0.1703125 0.0421875 0.03125
1 0.65234375 0.1984375 0.03828125 0.05703125
1 0.6953125 0.20390625 0.03828125 0.05703125
1 0.73515625 0.20625 0.0421875 0.06171875
1 0.778125 0.21171875 0.034375 0.06171875
1 0.8125 0.21640625 0.034375 0.06171875
1 0.84765625 0.21640625 0.034375 0.06171875
1 0.884375 0.20625 0.03125 0.0203125
1 0.92109375 0.2296875 0.034375 0.05703125
1 0.95390625 0.234375 0.0234375 0.04609375
1 0.98046875 0.234375 0.03125 0.04609375
1 0.09453125 0.071875 0.08125 0.103125
1 0.171875 0.0796875 0.0734375 0.09765625
1 0.24296875 0.0875 0.06953125 0.09296875
1 0.30703125 0.09296875 0.065625 0.103125
1 0.36875 0.10546875 0.0578125 0.09765625
1 0.43046875 0.11875 0.065625 0.09296875
1 0.48671875 0.12109375 0.04609375 0.07734375
1 0.53671875 0.12109375 0.05390625 0.0875
1 0.590625 0.13125 0.04609375 0.07734375
1 0.63515625 0.14140625 0.0421875 0.07734375
1 0.67734375 0.14453125 0.034375 0.06171875
1 0.7203125 0.15234375 0.034375 0.0671875
1 0.75859375 0.15234375 0.034375 0.0671875
1 0.803125 0.16015625 0.03828125 0.06171875
1 0.828125 0.15703125 0.02734375 0.05703125
1 0.8609375 0.175 0.03828125 0.06171875
1 0.9 0.17265625 0.03125 0.04609375
1 0.93046875 0.1828125 0.03125 0.04609375
1 0.96328125 0.1859375 0.02734375 0.0515625
1 0.98828125 0.18828125 0.015625 0.05703125
1 0.009375 0.0078125 0.01875 0.015625
1 0.05546875 0.0125 0.0578125 0.025
1 0.13046875 0.0203125 0.0859375 0.040625
1 0.21015625 0.02578125 0.0734375 0.0515625
1 0.27578125 0.0359375 0.065625 0.071875
1 0.33984375 0.0359375 0.06171875 0.071875
1 0.40546875 0.04140625 0.06171875 0.0828125
1 0.459375 0.05703125 0.05390625 0.09296875
1 0.48046875 0.01015625 0.0734375 0.0203125
1 0.55 0.01015625 0.0578125 0.0203125
1 0.60234375 0.015625 0.04609375 0.03125
1 0.5171875 0.05390625 0.06171875 0.0671875
1 0.56953125 0.05703125 0.05 0.06171875
1 0.61953125 0.06171875 0.05 0.0828125
1 0.6640625 0.0875 0.03125 0.0515625
1 0.70078125 0.0828125 0.034375 0.0828125
1 0.7390625 0.08984375 0.0421875 0.07734375
1 0.78359375 0.09765625 0.03828125 0.071875
1 0.82421875 0.1109375 0.0578125 0.07734375
1 0.878125 0.1265625 0.0421875 0.0671875
1 0.92109375 0.1265625 0.034375 0.0671875
1 0.95546875 0.1390625 0.01953125 0.04140625
1 0.984375 0.12890625 0.0234375 0.0515625
1 0.9765625 0.08984375 0.03828125 0.0671875
1 0.9421875 0.08984375 0.03125 0.05703125
1 0.90546875 0.06953125 0.034375 0.0671875
1 0.86328125 0.06953125 0.0578125 0.07734375
1 0.80859375 0.03828125 0.0421875 0.0671875
1 0.7578125 0.028125 0.05 0.05625
1 0.7125 0.02578125 0.05 0.0515625
1 0.6625 0.0359375 0.0578125 0.071875
1 0.83671875 0.028125 0.0453125 0.05625
1 0.87421875 0.01796875 0.02734375 0.0359375
1 0.909375 0.01796875 0.034375 0.0359375
1 0.95 0.04140625 0.05390625 0.06171875
1 0.975 0.015625 0.0421875 0.03125