1 0.88828125 0.5765625 0.2 0.19296875
1 0.928125 0.39140625 0.1359375 0.19765625
1 0.90390625 0.25 0.03984375 0.07421875
1 0.9578125 0.26015625 0.07578125 0.084375
1 0.91171875 0.12890625 0.1203125 0.178125
1 0.7296875 0.23046875 0.33203125 0.37109375
1 0.821875 0.05703125 0.12421875 0.1140625
1 0.7578125 0.025 0.18828125 0.04921875
1 0.6921875 0.03203125 0.05625 0.0546875
1 0.51796875 0.11875 0.3078125 0.2375
1 0.171875 0.4625 0.34375 0.678125
1 0.3078125 0.7875 0.44765625 0.24765625
1 0.5421875 0.84375 0.0359375 0.0546875
1 0.55 0.7453125 0.04375 0.04453125
1 0.55234375 0.90078125 0.02421875 0.03984375
1 0.628125 0.9109375 0.03984375 0.01953125
1 0.634375 0.88359375 0.0359375 0.04453125
1 0.68203125 0.89140625 0.0359375 0.04921875
1 0.7078125 0.87890625 0.03203125 0.0546875
1 0.80390625 0.86171875 0.03203125 0.03984375
1 0.82421875 0.7328125 0.03203125 0.0296875
1 0.93203125 0.678125 0.03984375 0.0296875
1 0.7859375 0.715625 0.028125 0.04453125
1 0.678125 0.69765625 0.0203125 0.01953125
1 0.69609375 0.7078125 0.03203125 0.01953125
1 0.66796875 0.7546875 0.03984375 0.034375
1 0.73203125 0.571875 0.10390625 0.14375
1 0.72421875 0.47265625 0.11171875 0.084375
1 0.78828125 0.4359375 0.16015625 0.11875
1 0.55390625 0.534375 0.3078125 0.36640625
1 0.37421875 0.48046875 0.12421875 0.18828125
1 0.3640625 0.275 0.37578125 0.40078125
1 0.2234375 0.13828125 0.303125 0.2765625