1 0.98203125 0.95 0.03046875 0.08671875
1 0.975 0.87734375 0.021875 0.0578125
1 0.99140625 0.86328125 0.0109375 0.10078125
1 0.9796875 0.7953125 0.0359375 0.1078125
1 0.990625 0.715625 0.0140625 0.0359375
1 0.95078125 0.81328125 0.04375 0.08671875
1 0.9421875 0.88125 0.03828125 0.0359375
1 0.94609375 0.9421875 0.046875 0.10078125
1 0.9046875 0.93515625 0.0359375 0.11484375
1 0.896875 0.84921875 0.05234375 0.1296875
1 0.86796875 0.9390625 0.02734375 0.1078125
1 0.978125 0.65078125 0.03828125 0.09375
1 0.93359375 0.7046875 0.04375 0.11484375
1 0.96171875 0.740625 0.0328125 0.04296875
1 0.91015625 0.6328125 0.04140625 0.1296875
1 0.9546875 0.56796875 0.05234375 0.14375
1 0.9859375 0.56796875 0.021875 0.0578125
1 0.96796875 0.49609375 0.05234375 0.08671875
1 0.98359375 0.428125 0.02734375 0.09375
1 0.98203125 0.3671875 0.03046875 0.08671875
1 0.9890625 0.26953125 0.01640625 0.09375
1 0.83984375 0.978125 0.0328125 0.02890625
1 0.8140625 0.93515625 0.05234375 0.11484375
1 0.8484375 0.87734375 0.04375 0.1296875
1 0.85546875 0.759375 0.05234375 0.12265625
1 0.89375 0.740625 0.03046875 0.071875
1 0.91484375 0.77734375 0.0328125 0.0578125
1 0.87890625 0.68359375 0.02734375 0.071875
1 0.8984375 0.571875 0.04921875 0.13671875
1 0.921875 0.50390625 0.0359375 0.0578125
1 0.94921875 0.403125 0.04140625 0.1296875
1 0.965625 0.3234375 0.03046875 0.0578125
1 0.9625 0.26640625 0.03046875 0.071875
1 0.7703125 0.975 0.0359375 0.0359375
1 0.7671875 0.92421875 0.046875 0.12265625
1 0.76328125 0.80546875 0.04921875 0.1296875
1 0.80703125 0.76640625 0.04921875 0.1078125
1 0.80703125 0.84140625 0.03828125 0.071875
1 0.8359375 0.69453125 0.046875 0.07890625
1 0.8484375 0.61484375 0.0609375 0.09375
1 0.8578125 0.57578125 0.046875 0.08671875
1 0.86796875 0.4859375 0.04375 0.09375
1 0.9046875 0.42421875 0.05234375 0.1296875
1 0.92578125 0.334375 0.03828125 0.07890625
1 0.92734375 0.27734375 0.0359375 0.06484375
1 0.9171875 0.2515625 0.03828125 0.0578125
1 0.89375 0.26953125 0.01953125 0.05
1 0.859375 0.2625 0.04921875 0.09375
1 0.88828125 0.2984375 0.0359375 0.06484375
1 0.88671875 0.34921875 0.03828125 0.05
1 0.8609375 0.3953125 0.0359375 0.08671875
1 0.82109375 0.453125 0.04921875 0.1296875
1 0.84140625 0.525 0.04140625 0.0578125
1 0.7921875 0.521875 0.046875 0.06484375
1 0.790625 0.6078125 0.04921875 0.15078125
1 0.7421875 0.6546875 0.05234375 0.14375
1 0.77265625 0.715625 0.046875 0.07890625
1 0.74140625 0.7515625 0.021875 0.05
1 0.72890625 0.79140625 0.03046875 0.10078125
1 0.70078125 0.84140625 0.05234375 0.14375
1 0.6734375 0.93203125 0.046875 0.12265625
1 0.7 0.97109375 0.0328125 0.04296875
1 0.65390625 0.8203125 0.04140625 0.1296875
1 0.640625 0.978125 0.025 0.02890625
1 0.628125 0.92421875 0.03828125 0.12265625
1 0.60078125 0.978125 0.03828125 0.02890625
1 0.68984375 0.715625 0.0578125 0.13671875
1 0.69140625 0.60078125 0.04921875 0.1078125
1 0.7421875 0.546875 0.046875 0.08671875
1 0.74921875 0.47109375 0.04921875 0.09375
1 0.78671875 0.475 0.025 0.02890625
1 0.7921875 0.38515625 0.046875 0.12265625
1 0.82109375 0.36328125 0.01640625 0.06484375
1 0.803125 0.30234375 0.0359375 0.0578125
1 0.82890625 0.2734375 0.02734375 0.04296875
1 0.78125 0.284375 0.03046875 0.05
1 0.76171875 0.2984375 0.03046875 0.0359375
1 0.75625 0.33828125 0.04140625 0.04296875
1 0.74765625 0.3953125 0.04140625 0.071875
1 0.7328125 0.38515625 0.03828125 0.07890625
1 0.71875 0.35625 0.0328125 0.06484375
1 0.6765625 0.334375 0.04140625 0.05
1 0.67890625 0.3921875 0.046875 0.09375
1 0.70078125 0.475 0.046875 0.14375
1 0.6734375 0.52890625 0.0359375 0.09375
1 0.65546875 0.60078125 0.0328125 0.06484375
1 0.6515625 0.69453125 0.0359375 0.1078125
1 0.63203125 0.75546875 0.03046875 0.0578125
1 0.6140625 0.82734375 0.03828125 0.1296875
1 0.58671875 0.92421875 0.04375 0.1078125
1 0.5609375 0.97109375 0.04140625 0.04296875
1 0.55390625 0.903125 0.03828125 0.1078125
1 0.57578125 0.80234375 0.04375 0.13671875
1 0.6046875 0.7046875 0.06328125 0.11484375
1 0.61875 0.6296875 0.0359375 0.05
1 0.6265625 0.51796875 0.05234375 0.14375
1 0.6609375 0.5 0.02734375 0.1078125
1 0.625 0.428125 0.04375 0.07890625
1 0.6296875 0.37734375 0.03046875 0.05
1 0.5953125 0.54296875 0.04375 0.09375
1 0.5828125 0.61171875 0.046875 0.1296875
1 0.54375 0.57890625 0.04140625 0.1078125
1 0.54921875 0.690625 0.046875 0.10078125
1 0.52578125 0.67265625 0.02734375 0.09375
1 0.4890625 0.690625 0.04140625 0.071875
1 0.44609375 0.68359375 0.04375 0.08671875
1 0.453125 0.76640625 0.04140625 0.1078125
1 0.4890625 0.784375 0.04140625 0.1296875
1 0.53046875 0.784375 0.046875 0.11484375
1 0.41015625 0.76953125 0.03828125 0.11484375
1 0.384375 0.8703125 0.0359375 0.11484375
1 0.42578125 0.8703125 0.04140625 0.1296875
1 0.46953125 0.8671875 0.046875 0.12265625
1 0.5140625 0.8921875 0.046875 0.11484375
1 0.525 0.96796875 0.04140625 0.05
1 0.48359375 0.95703125 0.04140625 0.071875
1 0.4421875 0.953125 0.04140625 0.07890625
1 0.40078125 0.96015625 0.05234375 0.06484375
1 0.3625 0.95703125 0.03046875 0.071875
1 0.7296875 0.284375 0.04375 0.07890625
1 0.6859375 0.25546875 0.0328125 0.09375
1 0.63203125 0.24453125 0.03046875 0.071875
1 0.65703125 0.2875 0.03046875 0.0578125
1 0.63671875 0.3203125 0.04375 0.06484375
1 0.61015625 0.26640625 0.04140625 0.071875
1 0.57734375 0.2734375 0.03046875 0.071875
1 0.59609375 0.334375 0.0359375 0.06484375
1 0.5796875 0.35625 0.03046875 0.0359375
1 0.57734375 0.48203125 0.046875 0.071875
1 0.5484375 0.4421875 0.04375 0.09375
1 0.58984375 0.41328125 0.03828125 0.06484375
1 0.55078125 0.31640625 0.0328125 0.071875
1 0.53984375 0.359375 0.0328125 0.071875
1 0.51484375 0.32734375 0.0328125 0.07890625
1 0.5359375 0.2734375 0.01953125 0.0140625
1 0.49140625 0.38515625 0.01953125 0.05
1 0.5125 0.41328125 0.02734375 0.06484375
1 0.49453125 0.46796875 0.04140625 0.08671875
1 0.50703125 0.53984375 0.02734375 0.08671875
1 0.49453125 0.61484375 0.046875 0.1078125
1 0.46015625 0.62265625 0.0328125 0.09375
1 0.46796875 0.5359375 0.0328125 0.06484375
1 0.4671875 0.478125 0.01953125 0.0359375
1 0.4671875 0.4421875 0.025 0.09375
1 0.4421875 0.45703125 0.03046875 0.05
1 0.4421875 0.39921875 0.025 0.06484375
1 0.41015625 0.49609375 0.021875 0.04296875
1 0.43671875 0.51796875 0.03046875 0.08671875
1 0.40625 0.56796875 0.0359375 0.08671875
1 0.37578125 0.51796875 0.0359375 0.08671875
1 0.40234375 0.453125 0.021875 0.02890625
1 0.4296875 0.6046875 0.0328125 0.0578125
1 0.41484375 0.66875 0.0359375 0.071875
1 0.38125 0.67265625 0.025 0.07890625
1 0.36953125 0.6078125 0.02734375 0.07890625
1 0.3390625 0.61875 0.0328125 0.08671875
1 0.34453125 0.6765625 0.0328125 0.08671875
1 0.3046875 0.6296875 0.03046875 0.07890625
1 0.2671875 0.6765625 0.0328125 0.10078125
1 0.3015625 0.69765625 0.0359375 0.0578125
1 0.38125 0.759375 0.025 0.07890625
1 0.359375 0.7734375 0.03046875 0.1078125
1 0.32265625 0.7734375 0.04375 0.09375
1 0.2875 0.78046875 0.03046875 0.09375
1 0.25859375 0.7734375 0.021875 0.07890625
1 0.23125 0.78046875 0.0328125 0.06484375
1 0.3609375 0.859375 0.01640625 0.09375
1 0.334375 0.84140625 0.025 0.08671875
1 0.3 0.8453125 0.0328125 0.07890625
1 0.265625 0.84921875 0.03046875 0.10078125
1 0.23984375 0.85625 0.02734375 0.08671875
1 0.21640625 0.85625 0.025 0.071875
1 0.20078125 0.92109375 0.021875 0.08671875
1 0.17734375 0.975 0.03046875 0.0359375
1 0.2078125 0.975 0.0359375 0.0359375
1 0.22734375 0.9421875 0.025 0.08671875
1 0.26171875 0.94609375 0.02734375 0.07890625
1 0.28359375 0.92421875 0.01640625 0.05
1 0.30859375 0.93203125 0.0328125 0.07890625
1 0.33984375 0.93515625 0.025 0.08671875
1 0.54375 0.2265625 0.03046875 0.06484375
1 0.51640625 0.23046875 0.025 0.08671875
1 0.49609375 0.23359375 0.02734375 0.05
1 0.49140625 0.2953125 0.0359375 0.08671875
1 0.4625 0.35625 0.03828125 0.06484375
1 0.45703125 0.26953125 0.03828125 0.09375
1 0.46015625 0.22265625 0.021875 0.02890625
1 0.478125 0.2046875 0.01953125 0.0359375
1 0.43828125 0.22265625 0.01640625 0.04296875
1 0.4296875 0.26953125 0.021875 0.06484375
1 0.46015625 0.28046875 0.0328125 0.08671875
1 0.421875 0.34921875 0.0328125 0.09375
1 0.41328125 0.42421875 0.02734375 0.071875
1 0.384375 0.3921875 0.0359375 0.1078125
1 0.375 0.44609375 0.02734375 0.02890625
1 0.34296875 0.4859375 0.04140625 0.12265625
1 0.328125 0.546875 0.0328125 0.071875
1 0.2921875 0.53984375 0.0328125 0.10078125
1 0.3015625 0.478125 0.03046875 0.06484375
1 0.30859375 0.42109375 0.02734375 0.07890625
1 0.34296875 0.40625 0.0359375 0.07890625
1 0.36484375 0.36328125 0.025 0.06484375
1 0.3828125 0.29140625 0.03828125 0.09375
1 0.41484375 0.25546875 0.03046875 0.07890625
1 0.14765625 0.97109375 0.03046875 0.04296875
1 0.11953125 0.97109375 0.03046875 0.04296875
1 0.08984375 0.96015625 0.03046875 0.06484375
1 0.06171875 0.95703125 0.025 0.071875
1 0.03828125 0.978125 0.021875 0.02890625
1 0.0109375 0.96796875 0.021875 0.05
1 0.16640625 0.90625 0.04140625 0.08671875
1 0.19140625 0.8234375 0.0359375 0.07890625
1 0.196875 0.73359375 0.04140625 0.08671875
1 0.22890625 0.69765625 0.03828125 0.10078125
1 0.23984375 0.60078125 0.03828125 0.09375
1 0.2765625 0.596875 0.03046875 0.0578125
1 0.26484375 0.51796875 0.021875 0.08671875
1 0.2765625 0.46796875 0.01953125 0.04296875
1 0.23984375 0.52890625 0.03828125 0.06484375
1 0.21484375 0.6296875 0.01640625 0.05
1 0.18984375 0.64765625 0.03828125 0.08671875
1 0.15703125 0.72265625 0.03828125 0.09375
1 0.15703125 0.81640625 0.0328125 0.09375
1 0.13046875 0.81328125 0.025 0.10078125
1 0.13359375 0.8921875 0.03046875 0.08671875
1 0.11328125 0.87734375 0.021875 0.071875
1 0.10625 0.80234375 0.03046875 0.09375
1 0.08671875 0.88828125 0.03046875 0.07890625
1 0.0796875 0.7953125 0.02734375 0.09375
1 0.0578125 0.8703125 0.02734375 0.10078125
1 0.03046875 0.90625 0.0328125 0.071875
1 0.00859375 0.8953125 0.01640625 0.07890625
1 0.02890625 0.83125 0.025 0.06484375
1 0.05234375 0.7734375 0.02734375 0.09375
1 0.07421875 0.7046875 0.0328125 0.08671875
1 0.00859375 0.82734375 0.01640625 0.08671875
1 0.021875 0.7484375 0.0328125 0.08671875
1 0.04296875 0.6765625 0.0359375 0.08671875
1 0.08125 0.6046875 0.046875 0.10078125
1 0.115625 0.7046875 0.04375 0.071875
1 0.14296875 0.6296875 0.05546875 0.1078125
1 0.11171875 0.64765625 0.0359375 0.04296875
1 0.1078125 0.5609375 0.04921875 0.11484375
1 0.1390625 0.56484375 0.03046875 0.06484375
1 0.04296875 0.571875 0.03046875 0.1078125
1 0.0125 0.58671875 0.025 0.09375
1 0.0109375 0.6546875 0.021875 0.08671875
1 0.16953125 0.5359375 0.0359375 0.09375
1 0.2078125 0.57890625 0.0359375 0.07890625
1 0.21328125 0.49296875 0.046875 0.09375
1 0.1734375 0.475 0.04921875 0.071875
1 0.21328125 0.4390625 0.04140625 0.071875
1 0.1890625 0.40625 0.03046875 0.06484375
1 0.20546875 0.359375 0.0359375 0.08671875
1 0.24140625 0.38125 0.04140625 0.10078125
1 0.26171875 0.4390625 0.021875 0.04296875
1 0.2765625 0.3921875 0.03046875 0.09375
1 0.39140625 0.21953125 0.0328125 0.05
1 0.35390625 0.2046875 0.025 0.0359375
1 0.3578125 0.240625 0.02734375 0.06484375
1 0.346875 0.29140625 0.02734375 0.07890625
1 0.34609375 0.33125 0.04140625 0.0578125
1 0.3109375 0.33125 0.0328125 0.071875
1 0.328125 0.2484375 0.021875 0.06484375
1 0.3046875 0.26953125 0.0359375 0.05
1 0.2796875 0.30234375 0.04140625 0.071875
1 0.23828125 0.284375 0.0359375 0.07890625
1 0.19453125 0.26640625 0.046875 0.10078125
1 0.153125 0.240625 0.04140625 0.07890625
1 0.15859375 0.309375 0.0359375 0.071875
1 0.18046875 0.3453125 0.025 0.0578125
1 0.165625 0.403125 0.02734375 0.08671875
1 0.1421875 0.38125 0.046875 0.10078125
1 0.12421875 0.2484375 0.02734375 0.0359375
1 0.1015625 0.23359375 0.01640625 0.021875
1 0.09765625 0.259375 0.025 0.02890625
1 0.0953125 0.2875 0.025 0.0578125
1 0.12421875 0.2984375 0.03828125 0.07890625
1 0.084375 0.3203125 0.03046875 0.06484375
1 0.06875 0.2625 0.021875 0.05
1 0.04921875 0.2875 0.03828125 0.08671875
1 0.01953125 0.25546875 0.021875 0.06484375
1 0.00703125 0.240625 0.0140625 0.05
1 0.0125 0.28046875 0.025 0.0578125
1 0.025 0.31640625 0.04921875 0.071875
1 0.0328125 0.38828125 0.0328125 0.071875
1 0.0578125 0.40625 0.03828125 0.12265625
1 0.09375 0.39921875 0.04375 0.07890625
1 0.1015625 0.475 0.04375 0.08671875
1 0.1421875 0.47109375 0.046875 0.09375
1 0.03828125 0.4640625 0.0328125 0.07890625
1 0.0125 0.428125 0.025 0.07890625
1 0.0140625 0.5 0.02734375 0.07890625