1 0.98359375 0.4265625 0.02578125 0.065625
1 0.98359375 0.3796875 0.02578125 0.02734375
1 0.96171875 0.4046875 0.01796875 0.04375
1 0.93828125 0.39921875 0.04375 0.04375
1 0.93671875 0.3578125 0.03984375 0.03828125
1 0.878125 0.36640625 0.08359375 0.0875
1 0.79609375 0.34453125 0.0796875 0.0875
1 0.7421875 0.39609375 0.0578125 0.09296875
1 0.8109375 0.42890625 0.0796875 0.09296875
1 0.88203125 0.45625 0.0765625 0.10390625
1 0.934375 0.4484375 0.03671875 0.065625
1 0.965625 0.49453125 0.0546875 0.06015625
1 0.9328125 0.5109375 0.06171875 0.06015625
1 0.90546875 0.540625 0.0578125 0.0765625
1 0.83984375 0.51640625 0.065625 0.08203125
1 0.8234375 0.54609375 0.04765625 0.0875
1 0.83671875 0.61484375 0.03671875 0.04921875
1 0.809375 0.63671875 0.03984375 0.06015625
1 0.7796875 0.5546875 0.06171875 0.09296875
1 0.75234375 0.52421875 0.0578125 0.0875
1 0.709375 0.49765625 0.04375 0.0546875
1 0.6875 0.51875 0.04375 0.04375
1 0.70703125 0.5546875 0.02578125 0.04921875
1 0.65625 0.4671875 0.04765625 0.06015625
1 0.63671875 0.49453125 0.05078125 0.06015625
1 0.5890625 0.50234375 0.04375 0.04375
1 0.6109375 0.5546875 0.065625 0.09296875
1 0.66328125 0.584375 0.06875 0.0984375
1 0.73125 0.60625 0.0578125 0.0984375
1 0.76328125 0.66953125 0.0578125 0.04921875
1 0.73828125 0.696875 0.04375 0.04921875
1 0.70546875 0.7265625 0.04375 0.0546875
1 0.70546875 0.65859375 0.04375 0.08203125
1 0.65625 0.6609375 0.06875 0.065625
1 0.5984375 0.63359375 0.0546875 0.0875
1 0.5421875 0.58984375 0.07265625 0.1203125
1 0.534375 0.5109375 0.065625 0.06015625
1 0.47421875 0.57109375 0.06875 0.11484375
1 0.4796875 0.66953125 0.0578125 0.08203125
1 0.5328125 0.69140625 0.06875 0.10390625
1 0.5796875 0.75703125 0.06875 0.09296875
1 0.60703125 0.7265625 0.0578125 0.0984375
1 0.64921875 0.72109375 0.06171875 0.1203125
1 0.67421875 0.76484375 0.0328125 0.04375
1 0.63671875 0.7953125 0.03671875 0.03828125
1 0.41484375 0.6171875 0.07265625 0.065625
1 0.39296875 0.5875 0.065625 0.08203125
1 0.5109375 0.80078125 0.0765625 0.12578125
1 0.44921875 0.71875 0.0765625 0.12578125
1 0.321875 0.55703125 0.08359375 0.109375
1 0.26875 0.609375 0.09453125 0.13671875
1 0.334375 0.66953125 0.0875 0.12578125
1 0.3984375 0.6609375 0.0546875 0.065625
1 0.3984375 0.759375 0.0765625 0.13125
1 0.44375 0.84453125 0.07265625 0.11484375
1 0.50703125 0.89609375 0.06171875 0.065625
1 0.5546875 0.86328125 0.06171875 0.0546875
1 0.4453125 0.94296875 0.06875 0.07109375
1 0.3890625 0.88828125 0.07265625 0.12578125
1 0.39453125 0.97265625 0.06875 0.04375
1 0.3234375 0.915625 0.0875 0.12578125
1 0.32734375 0.7921875 0.09453125 0.13125
1 0.2546875 0.86328125 0.0796875 0.1203125
1 0.2546875 0.74609375 0.0875 0.12578125
1 0.20390625 0.6859375 0.0796875 0.12578125
1 0.190625 0.5734375 0.0984375 0.1421875
1 0.11484375 0.6390625 0.08359375 0.13125
1 0.15234375 0.72109375 0.03671875 0.0765625
1 0.10546875 0.7484375 0.065625 0.0765625
1 0.17109375 0.784375 0.0796875 0.09296875
1 0.17421875 0.890625 0.11640625 0.153125
1 0.23828125 0.95625 0.08359375 0.0765625
1 0.16015625 0.97265625 0.0875 0.04375
1 0.0671875 0.93984375 0.1203125 0.109375
1 0.0796875 0.83046875 0.109375 0.13125
1 0.02890625 0.7953125 0.0578125 0.14765625
1 0.009375 0.9234375 0.01796875 0.1203125
1 0.05078125 0.696875 0.0796875 0.10390625
1 0.1546875 0.29765625 0.090625 0.11484375
1 0.109375 0.34140625 0.04375 0.02734375
1 0.034375 0.41796875 0.0328125 0.09296875
1 0.07265625 0.2953125 0.07265625 0.109375
1 0.0765625 0.22109375 0.07265625 0.08203125
1 0.0234375 0.22421875 0.046875 0.0546875
1 0.01484375 0.28671875 0.02890625 0.07109375
1 0.0203125 0.13359375 0.03984375 0.10390625
1 0.05078125 0.128125 0.03671875 0.06015625
1 0.1015625 0.15859375 0.0578125 0.04375
1 0.0546875 0.175 0.05078125 0.04375
1 0.109375 0.109375 0.0578125 0.0875
1 0.1671875 0.12265625 0.0578125 0.06015625
1 0.2234375 0.1203125 0.04765625 0.0546875
1 0.2796875 0.0953125 0.05078125 0.08203125
1 0.26875 0.15 0.04375 0.04921875
1 0.3109375 0.14453125 0.0328125 0.03828125
1 0.34921875 0.11484375 0.05078125 0.0765625
1 0.3875 0.0984375 0.04765625 0.065625
1 0.4328125 0.06015625 0.0578125 0.0765625
1 0.45234375 0.03515625 0.04765625 0.06015625
1 0.50546875 0.06015625 0.04375 0.065625
1 0.4984375 0.021875 0.04375 0.0328125
1 0.5421875 0.0515625 0.02890625 0.04921875
1 0.55625 0.021875 0.02890625 0.04375
1 0.5796875 0.0515625 0.04765625 0.06015625
1 0.6375 0.03515625 0.06875 0.0703125
1 0.76875 0.171875 0.02578125 0.03828125
1 0.74765625 0.175 0.01796875 0.04375
1 0.73984375 0.215625 0.02578125 0.03828125
1 0.76171875 0.23515625 0.01796875 0.0328125
1 0.7796875 0.25703125 0.01796875 0.0328125
1 0.78515625 0.20234375 0.04375 0.0328125
1 0.81640625 0.240625 0.06875 0.0546875
1 0.321875 0.39375 0.0984375 0.2515625
1 0.37109375 0.390625 0.109375 0.25703125
1 0.39609375 0.390625 0.11640625 0.23515625
1 0.37265625 0.303125 0.03984375 0.11484375
1 0.42578125 0.3609375 0.109375 0.240625
1 0.47265625 0.3359375 0.13125 0.25703125
1 0.52734375 0.34140625 0.09453125 0.25703125
1 0.5203125 0.17734375 0.07265625 0.10390625
1 0.5890625 0.27578125 0.11640625 0.23515625
1 0.56875 0.3359375 0.090625 0.22421875
1 0.6203125 0.24609375 0.134375 0.2296875
1 0.62578125 0.18046875 0.03671875 0.0765625
1 0.67109375 0.2515625 0.1203125 0.2078125
1 0.7203125 0.22109375 0.13125 0.16953125
1 0.21796875 0.303125 0.0875 0.15859375
1 0.234375 0.4125 0.10546875 0.13671875
1 0.18359375 0.47265625 0.03984375 0.09296875
1 0.265625 0.25390625 0.07265625 0.11484375
1 0.34921875 0.2046875 0.065625 0.09296875
1 0.42578125 0.1828125 0.09453125 0.10390625
1 0.95625 0.93984375 0.0796875 0.0984375