1 0.83671875 0.2265625 0.3203125 0.453125
1 0.96171875 0.4890625 0.06875 0.13671875
1 0.90546875 0.66640625 0.18203125 0.3171875
1 0.90390625 0.88515625 0.18515625 0.21875
1 0.621875 0.83359375 0.3203125 0.32265625
1 0.75625 0.53828125 0.18203125 0.25703125
1 0.6125 0.4015625 0.18515625 0.24609375
1 0.56328125 0.215625 0.24765625 0.20234375
1 0.290625 0.19140625 0.290625 0.3828125
1 0.2890625 0.42109375 0.3234375 0.328125
1 0.59921875 0.14453125 0.3421875 0.2890625
1 0.1203125 0.27890625 0.23984375 0.4265625
1 0.03828125 0.521875 0.0765625 0.20234375
1 0.1125 0.5625 0.1671875 0.175
1 0.01796875 0.73203125 0.0359375 0.2515625
1 0.16328125 0.66875 0.3265625 0.409375
1 0.365625 0.48125 0.0984375 0.1421875
1 0.4203125 0.51640625 0.03984375 0.10390625
1 0.3671875 0.60390625 0.0875 0.11484375
1 0.39453125 0.73515625 0.1203125 0.15859375
1 0.4453125 0.63125 0.06875 0.13671875
1 0.5015625 0.59296875 0.1015625 0.14765625
1 0.46171875 0.53828125 0.03671875 0.06015625
1 0.47421875 0.40703125 0.1203125 0.21328125
1 0.60546875 0.584375 0.0984375 0.109375
1 0.634375 0.65546875 0.06875 0.0875
1 0.5578125 0.675 0.0765625 0.11484375
1 0.5 0.58984375 0.0984375 0.1421875
1 0.5203125 0.7046875 0.03671875 0.0765625
1 0.44921875 0.67734375 0.0328125 0.04375
1 0.53125 0.83046875 0.065625 0.1203125
1 0.59609375 0.87734375 0.0578125 0.11484375
1 0.60703125 0.95625 0.04375 0.04375
1 0.578125 0.97578125 0.02890625 0.03828125
1 0.55078125 0.94296875 0.06875 0.10390625
1 0.4984375 0.95390625 0.03671875 0.07109375
1 0.4546875 0.92109375 0.03671875 0.06015625
1 0.465625 0.978125 0.04375 0.0328125
1 0.46328125 0.8390625 0.0546875 0.07109375
1 0.3875 0.85546875 0.0546875 0.08203125
1 0.40546875 0.93984375 0.0765625 0.109375
1 0.321875 0.9484375 0.06171875 0.09296875
1 0.2875 0.8390625 0.065625 0.12578125
1 0.33984375 0.81171875 0.0546875 0.11484375
1 0.2546875 0.9484375 0.0796875 0.09296875
1 0.20390625 0.81953125 0.2765625 0.35