1 0.66171875 0.278125 0.6671875 0.55625
1 0.95546875 0.48203125 0.08125 0.1390625
1 0.83359375 0.21875 0.146875 0.2734375
1 0.8953125 0.278125 0.2 0.55625
1 0.24140625 0.12890625 0.4828125 0.2578125
1 0.08125 0.1859375 0.146875 0.14453125
1 0.2203125 0.27578125 0.115625 0.0875
1 0.1296875 0.178125 0.065625 0.0671875
1 0.16796875 0.3015625 0.096875 0.190625
1 0.278125 0.37109375 0.146875 0.1234375
1 0.3203125 0.2734375 0.06953125 0.04140625
1 0.3375 0.3453125 0.13515625 0.14453125
1 0.39375 0.2578125 0.05390625 0.06171875
1 0.0734375 0.29609375 0.146875 0.10859375
1 0.11796875 0.35546875 0.13515625 0.0515625
1 0.115625 0.38125 0.07734375 0.06171875
1 0.20078125 0.4765625 0.17734375 0.20078125
1 0.20078125 0.60078125 0.06953125 0.0875
1 0.16015625 0.615625 0.05 0.10859375
1 0.26484375 0.6390625 0.065625 0.071875
1 0.3703125 0.51015625 0.16953125 0.134375
1 0.39765625 0.42265625 0.09296875 0.1234375
1 0.44375 0.43828125 0.06953125 0.09296875
1 0.52109375 0.45625 0.1 0.12890625
1 0.47890625 0.384375 0.115625 0.0671875
1 0.62578125 0.45625 0.1546875 0.1390625
1 0.63671875 0.51796875 0.05390625 0.07734375
1 0.59296875 0.51015625 0.0421875 0.0828125
1 0.53125 0.571875 0.11953125 0.0828125
1 0.57109375 0.64140625 0.08515625 0.11875
1 0.69140625 0.69296875 0.20078125 0.1703125
1 0.68125 0.809375 0.15078125 0.37109375
1 0.8609375 0.940625 0.2390625 0.10859375
1 0.86484375 0.85859375 0.21640625 0.10859375
1 0.9109375 0.7703125 0.16953125 0.190625
1 0.84765625 0.69609375 0.12734375 0.16484375
1 0.83203125 0.5796875 0.16640625 0.1390625
1 0.6734375 0.58515625 0.1734375 0.10859375
1 0.73203125 0.55390625 0.0578125 0.10859375
1 0.63359375 0.56171875 0.72578125 0.75234375
1 0.2234375 0.2265625 0.446875 0.453125
1 0.075 0.56953125 0.15 0.5203125
1 0.03671875 0.7578125 0.0734375 0.071875
1 0.02109375 0.79140625 0.0421875 0.0359375
1 0.03828125 0.69765625 0.0765625 0.0765625
1 0.0171875 0.64140625 0.034375 0.10859375
1 0.06171875 0.62109375 0.06953125 0.11875
1 0.04453125 0.8890625 0.0890625 0.0875
1 0.02890625 0.94296875 0.05 0.04140625
1 0.08125 0.95625 0.1625 0.07734375
1 0.196875 0.89140625 0.146875 0.103125
1 0.1875 0.9640625 0.08125 0.06171875
1 0.28203125 0.95390625 0.08515625 0.0828125
1 0.384375 0.95859375 0.11953125 0.071875
1 0.32265625 0.97421875 0.05 0.04140625
1 0.115625 0.7578125 0.1078125 0.2265625
1 0.378125 0.8140625 0.4171875 0.3609375
1 0.8515625 0.9359375 0.2046875 0.11875
1 0.97265625 0.9328125 0.04609375 0.1234375
1 0.4984375 0.49765625 0.99609375 0.99453125