1 0.5203125 0.415625 0.16875 0.24453125
1 0.68671875 0.378125 0.21796875 0.16015625
1 0.78671875 0.30703125 0.1421875 0.10703125
1 0.8625 0.2046875 0.2046875 0.13359375
1 0.884375 0.09140625 0.21328125 0.1109375
1 0.71328125 0.20234375 0.15546875 0.20859375
1 0.7046875 0.06640625 0.1375 0.10703125
1 0.8265625 0.03359375 0.1421875 0.06640625
1 0.95546875 0.03125 0.0796875 0.0625
1 0.6109375 0.221875 0.21796875 0.1953125
1 0.28203125 0.1578125 0.5640625 0.315625
1 0.215625 0.2265625 0.43125 0.3734375
1 0.85078125 0.71328125 0.09296875 0.1203125
1 0.92421875 0.81328125 0.10703125 0.12421875
1 0.8265625 0.8375 0.0890625 0.10234375
1 0.83984375 0.9421875 0.0890625 0.10703125
1 0.73984375 0.94453125 0.1109375 0.10234375
1 0.63125 0.915625 0.12421875 0.1421875
1 0.5375 0.8421875 0.09765625 0.1109375
1 0.49296875 0.53359375 0.30234375 0.29296875
1 0.321875 0.53125 0.12890625 0.30703125
1 0.26875 0.5265625 0.09296875 0.3421875
1 0.46015625 0.58671875 0.19140625 0.23984375
1 0.58203125 0.56015625 0.13359375 0.12421875
1 0.11796875 0.421875 0.2359375 0.30234375
1 0.33984375 0.7578125 0.5109375 0.47578125
1 0.421875 0.784375 0.13359375 0.1203125
1 0.51796875 0.753125 0.1109375 0.10234375
1 0.646875 0.7796875 0.12890625 0.1375
1 0.7625 0.72890625 0.1109375 0.0890625
1 0.753125 0.8109375 0.12890625 0.084375
1 0.81796875 0.40859375 0.35546875 0.47109375
1 0.82421875 0.45078125 0.3421875 0.43125
1 0.921875 0.52421875 0.09296875 0.09765625
1 0.9796875 0.50234375 0.03125 0.10703125
1 0.96015625 0.42890625 0.07109375 0.10234375
1 0.9734375 0.6 0.04453125 0.0890625
1 0.915625 0.63984375 0.115625 0.09765625
1 0.978125 0.7046875 0.0359375 0.09296875