1 0.74921875 0.6203125 0.08359375 0.525
1 0.69921875 0.78125 0.34375 0.30234375
1 0.7125 0.78984375 0.24140625 0.3828125
1 0.6703125 0.66328125 0.2796875 0.56171875
1 0.5546875 0.79609375 0.0546875 0.234375
1 0.48203125 0.96640625 0.340625 0.05546875
1 0.31328125 0.79921875 0.1578125 0.253125
1 0.47734375 0.765625 0.13203125 0.17265625
1 0.11875 0.7625 0.1609375 0.228125
1 0.45625 0.4875 0.07734375 0.0984375
1 0.46328125 0.6421875 0.0453125 0.0984375
1 0.565625 0.3578125 0.1609375 0.21015625
1 0.14609375 0.18828125 0.19609375 0.253125
1 0.103125 0.6265625 0.08984375 0.06796875
1 0.29609375 0.5 0.09609375 0.08671875
1 0.4359375 0.228125 0.08046875 0.1234375
1 0.37109375 0.3921875 0.07421875 0.06796875
1 0.321875 0.1046875 0.07109375 0.06171875
1 0.665625 0.33046875 0.07109375 0.16640625
1 0.565625 0.20390625 0.103125 0.21015625
1 0.4375 0.496875 0.87421875 0.99375