1 0.92578125 0.94296875 0.1421875 0.10390625
1 0.9671875 0.9046875 0.0578125 0.18046875
1 0.94765625 0.71015625 0.0984375 0.21875
1 0.9203125 0.59296875 0.11640625 0.15859375
1 0.9875 0.57890625 0.01796875 0.0546875
1 0.96875 0.459375 0.0546875 0.1859375
1 0.92890625 0.3171875 0.10546875 0.1859375
1 0.9796875 0.30859375 0.0328125 0.13671875
1 0.96015625 0.1640625 0.07265625 0.175
1 0.86875 0.11171875 0.109375 0.15859375
1 0.89453125 0.0296875 0.1234375 0.059375
1 0.978125 0.04375 0.03671875 0.0875
1 0.759375 0.0734375 0.153125 0.146875
1 0.75234375 0.2484375 0.109375 0.21328125
1 0.6875 0.33046875 0.07265625 0.11484375
1 0.73125 0.4453125 0.1015625 0.16953125
1 0.78515625 0.5625 0.13125 0.1421875
1 0.82734375 0.41015625 0.1125 0.153125
1 0.8546875 0.240625 0.13125 0.175
1 0.878125 0.4921875 0.090625 0.1203125
1 0.83671875 0.759375 0.13125 0.21875
1 0.82890625 0.88515625 0.16015625 0.1640625
1 0.8125 0.978125 0.090625 0.0328125
1 0.70703125 0.91796875 0.12734375 0.153125
1 0.6890625 0.76796875 0.1203125 0.14765625
1 0.734375 0.67734375 0.13828125 0.196875
1 0.63671875 0.56015625 0.15234375 0.21328125
1 0.6421875 0.6859375 0.06171875 0.07109375
1 0.60703125 0.3828125 0.1234375 0.2078125
1 0.61796875 0.171875 0.1234375 0.18046875
1 0.6109375 0.04375 0.13828125 0.0875
1 0.51640625 0.15859375 0.109375 0.13125
1 0.53828125 0.04921875 0.07265625 0.0875
1 0.51640625 0.28984375 0.109375 0.153125
1 0.53125 0.41015625 0.0578125 0.0875
1 0.43828125 0.42109375 0.12734375 0.2078125
1 0.5328125 0.5 0.0765625 0.15859375
1 0.5203125 0.5953125 0.09453125 0.1421875
1 0.5671875 0.74609375 0.1234375 0.22421875
1 0.52578125 0.85 0.134375 0.21328125
1 0.57109375 0.9453125 0.13125 0.0984375
1 0.4765625 0.9703125 0.07265625 0.04921875
1 0.3875 0.91015625 0.134375 0.16953125
1 0.3796875 0.803125 0.0984375 0.109375
1 0.4203125 0.7734375 0.08359375 0.14765625
1 0.44765625 0.7078125 0.1234375 0.15859375
1 0.40703125 0.56796875 0.11640625 0.153125
1 0.3453125 0.41796875 0.07265625 0.15859375
1 0.4015625 0.259375 0.1125 0.18046875
1 0.43984375 0.0984375 0.11640625 0.175
1 0.4578125 0.021875 0.109375 0.04375
1 0.36171875 0.11171875 0.0546875 0.12578125
1 0.290625 0.23203125 0.13828125 0.19140625
1 0.29609375 0.09296875 0.0984375 0.109375
1 0.3015625 0.040625 0.13125 0.08125
1 0.16484375 0.0625 0.1421875 0.125
1 0.15234375 0.18046875 0.1015625 0.1421875
1 0.20546875 0.32265625 0.134375 0.1859375
1 0.1234375 0.3390625 0.109375 0.1859375
1 0.18515625 0.46484375 0.0796875 0.109375
1 0.26015625 0.49765625 0.14921875 0.1859375
1 0.3328125 0.64453125 0.10546875 0.196875
1 0.265625 0.7046875 0.1453125 0.196875
1 0.27265625 0.86640625 0.1234375 0.14765625
1 0.3109375 0.95625 0.06171875 0.0765625
1 0.2234375 0.96171875 0.12734375 0.065625
1 0.1890625 0.9046875 0.07265625 0.07109375
1 0.1421875 0.77890625 0.1453125 0.18046875
1 0.09296875 0.89609375 0.1125 0.153125
1 0.0203125 0.9046875 0.03984375 0.18046875
1 0.021875 0.76796875 0.04375 0.08203125
1 0.07265625 0.71328125 0.07265625 0.15859375
1 0.121875 0.6609375 0.06875 0.065625
1 0.190625 0.60625 0.12734375 0.1640625
1 0.08203125 0.54375 0.134375 0.15859375
1 0.034375 0.6640625 0.06875 0.10390625
1 0.01796875 0.534375 0.0359375 0.153125
1 0.0890625 0.42109375 0.08359375 0.0875
1 0.02734375 0.42109375 0.0546875 0.1203125
1 0.05234375 0.31953125 0.08359375 0.15859375
1 0.0671875 0.19375 0.06875 0.07109375
1 0.01484375 0.2296875 0.02890625 0.0765625
1 0.0109375 0.3171875 0.021875 0.109375
1 0.04921875 0.08203125 0.0984375 0.1640625
1 0.4984375 0.49765625 0.99609375 0.99453125