1 0.253125 0.2265625 0.29765625 0.37109375
1 0.425 0.3609375 0.39375 0.40234375
1 0.54453125 0.23984375 0.146875 0.14921875
1 0.69296875 0.3140625 0.25078125 0.2265625
1 0.8375 0.440625 0.18515625 0.29375
1 0.96171875 0.4640625 0.06953125 0.20625
1 0.88828125 0.7734375 0.21640625 0.4328125
1 0.7796875 0.87890625 0.3859375 0.23203125
1 0.596875 0.79921875 0.3515625 0.39140625
1 0.68515625 0.571875 0.359375 0.3609375
1 0.303125 0.6859375 0.3125 0.309375
1 0.2375 0.86328125 0.38984375 0.2625
1 0.37265625 0.95390625 0.3203125 0.0828125
1 0.15859375 0.5875 0.21640625 0.3609375
1 0.1234375 0.35078125 0.146875 0.1546875