1 0.43359375 0.35390625 0.071875 0.14375
1 0.35859375 0.3125 0.09296875 0.1046875
1 0.4125 0.4171875 0.0859375 0.09375
1 0.43359375 0.48046875 0.15078125 0.09921875
1 0.3421875 0.43125 0.06796875 0.09921875
1 0.33125 0.49140625 0.0609375 0.06640625
1 0.315625 0.68203125 0.05 0.11640625
1 0.2828125 0.596875 0.04296875 0.05546875
1 0.22578125 0.63515625 0.05703125 0.05546875
1 0.26875 0.69609375 0.05 0.121875
1 0.24765625 0.73515625 0.05703125 0.08828125
1 0.19140625 0.7234375 0.05390625 0.11015625
1 0.22578125 0.68515625 0.05 0.021875
1 0.24765625 0.784375 0.071875 0.07734375
1 0.33359375 0.78984375 0.05 0.11015625
1 0.37421875 0.6875 0.05390625 0.0828125
1 0.4015625 0.80625 0.07890625 0.165625
1 0.47109375 0.76484375 0.1109375 0.18203125
1 0.56953125 0.76796875 0.11484375 0.1765625
1 0.61796875 0.8453125 0.01796875 0.05546875
1 0.63828125 0.8421875 0.02890625 0.13828125
1 0.63984375 0.7125 0.025 0.11015625
1 0.67734375 0.809375 0.04296875 0.17109375
1 0.71484375 0.89765625 0.046875 0.13828125
1 0.7421875 0.8953125 0.07890625 0.1765625
1 0.684375 0.71015625 0.05703125 0.11640625
1 0.68671875 0.68203125 0.025 0.0828125
1 0.71875 0.69609375 0.046875 0.14375
1 0.77578125 0.6796875 0.15390625 0.1546875
1 0.7671875 0.74296875 0.09296875 0.11640625
1 0.83671875 0.809375 0.0390625 0.071875
1 0.81171875 0.8203125 0.046875 0.0609375
1 0.78671875 0.8453125 0.075 0.08828125
1 0.85859375 0.76484375 0.0609375 0.071875
1 0.853125 0.71796875 0.1 0.09921875
1 0.8421875 0.6765625 0.09296875 0.071875
1 0.88359375 0.64921875 0.06796875 0.0609375
1 0.2453125 0.20703125 0.12578125 0.14921875
1 0.30625 0.190625 0.03203125 0.1046875
1 0.43046875 0.09921875 0.05 0.11015625
1 0.43515625 0.17109375 0.05390625 0.05546875
1 0.4625 0.190625 0.04296875 0.0390625
1 0.38671875 0.11015625 0.07890625 0.19921875
1 0.3921875 0.16015625 0.03203125 0.09921875
1 0.35625 0.09140625 0.0390625 0.13828125
1 0.34375 0.18203125 0.02890625 0.07734375
1 0.31875 0.18203125 0.021875 0.09921875
1 0.27578125 0.11875 0.0359375 0.14921875
1 0.2546875 0.12421875 0.0859375 0.2046875
1 0.2546875 0.20703125 0.1078125 0.12734375
1 0.20234375 0.11640625 0.05390625 0.09921875
1 0.17890625 0.12734375 0.06484375 0.09921875
1 0.16328125 0.2125 0.06796875 0.0609375
1 0.159375 0.240625 0.11796875 0.071875
1 0.1234375 0.25390625 0.08984375 0.06640625
1 0.146875 0.28984375 0.0859375 0.071875
1 0.09140625 0.30390625 0.075 0.05546875
1 0.11640625 0.3453125 0.1328125 0.0609375
1 0.74921875 0.240625 0.04296875 0.0609375
1 0.55390625 0.1796875 0.06796875 0.1046875
1 0.60234375 0.2234375 0.04296875 0.0609375
1 0.63046875 0.24296875 0.02890625 0.05546875
1 0.80625 0.521875 0.15078125 0.19375
1 0.79375 0.3453125 0.046875 0.071875
1 0.77578125 0.29296875 0.025 0.0328125
1 0.74765625 0.3125 0.046875 0.0828125
1 0.709375 0.25390625 0.05703125 0.06640625
1 0.67421875 0.284375 0.02890625 0.05
1 0.7078125 0.30625 0.046875 0.0609375
1 0.696875 0.3484375 0.025 0.04453125
1 0.546875 0.32578125 0.046875 0.04453125
1 0.5140625 0.33125 0.0390625 0.05546875
1 0.53203125 0.36484375 0.046875 0.05546875
1 0.5109375 0.43671875 0.0390625 0.1328125
1 0.53046875 0.45859375 0.02890625 0.05546875
1 0.5484375 0.48046875 0.0859375 0.08828125
1 0.4890625 0.5828125 0.08984375 0.1046875
1 0.5484375 0.59375 0.07890625 0.12734375
1 0.5609375 0.5859375 0.0609375 0.07734375
1 0.6109375 0.57734375 0.03203125 0.0828125
1 0.646875 0.45546875 0.03203125 0.16015625
1 0.67421875 0.48359375 0.02890625 0.09375
1 0.60390625 0.41171875 0.046875 0.09375
1 0.596875 0.37265625 0.06796875 0.09375
1 0.60390625 0.35390625 0.0390625 0.05546875
1 0.60234375 0.33984375 0.07890625 0.09375
1 0.60390625 0.44765625 0.0609375 0.1875
1 0.1234375 0.41171875 0.1109375 0.0828125
1 0.10234375 0.4859375 0.075 0.08828125
1 0.18125 0.5109375 0.08984375 0.12734375
1 0.12890625 0.54453125 0.1359375 0.13828125