1 0.428125 0.9359375 0.1546875 0.11171875
1 0.54609375 0.87265625 0.1546875 0.09296875
1 0.4640625 0.80703125 0.09296875 0.06953125
1 0.515625 0.85703125 0.11328125 0.06171875
1 0.35546875 0.84921875 0.1546875 0.1234375
1 0.3890625 0.7875 0.0875 0.04609375
1 0.46171875 0.7453125 0.07734375 0.04609375
1 0.5796875 0.771875 0.14921875 0.1234375
1 0.6625 0.78359375 0.0875 0.1
1 0.65703125 0.6890625 0.16015625 0.0890625
1 0.65234375 0.63671875 0.14921875 0.115625
1 0.5125 0.6875 0.16015625 0.115625
1 0.365625 0.71796875 0.14453125 0.09296875
1 0.3171875 0.7203125 0.09765625 0.0890625
1 0.29375 0.61796875 0.134375 0.1078125
1 0.40234375 0.6296875 0.14453125 0.08515625
1 0.515625 0.575 0.14453125 0.1078125
1 0.62890625 0.5421875 0.0828125 0.0734375
1 0.69296875 0.55 0.05703125 0.0734375
1 0.396875 0.57109375 0.103125 0.04609375
1 0.3171875 0.515625 0.12890625 0.0890625
1 0.428125 0.490625 0.1546875 0.1234375
1 0.5953125 0.46171875 0.18046875 0.12734375
1 0.69609375 0.4265625 0.0828125 0.096875
1 0.6265625 0.35703125 0.12890625 0.0890625
1 0.73984375 0.3375 0.11875 0.096875
1 0.7421875 0.2703125 0.06171875 0.06171875
1 0.73984375 0.24140625 0.0671875 0.0578125
1 0.69609375 0.18359375 0.14453125 0.11171875
1 0.58515625 0.17578125 0.09765625 0.11953125
1 0.4765625 0.1640625 0.14921875 0.096875
1 0.45625 0.115625 0.1390625 0.1
1 0.29921875 0.10234375 0.14453125 0.11171875
1 0.2296875 0.20078125 0.16015625 0.115625
1 0.14921875 0.228125 0.1234375 0.1
1 0.22421875 0.3109375 0.1390625 0.096875
1 0.27578125 0.41875 0.1390625 0.10390625
1 0.23203125 0.49453125 0.09296875 0.07734375
1 0.3765625 0.38203125 0.134375 0.1
1 0.50546875 0.3859375 0.134375 0.1
1 0.484375 0.271875 0.16484375 0.12734375
1 0.6390625 0.26796875 0.14453125 0.11953125
1 0.3328125 0.29375 0.14921875 0.1078125
1 0.4640625 0.040625 0.1234375 0.08125
1 0.54140625 0.03125 0.06171875 0.06171875
1 0.29375 0.02890625 0.134375 0.0578125
1 0.3765625 0.065625 0.04140625 0.06953125
1 0.190625 0.0734375 0.06171875 0.07734375
1 0.15234375 0.02734375 0.1390625 0.05390625
1 0.1859375 0.12734375 0.071875 0.04609375
1 0.02578125 0.20078125 0.0515625 0.06171875
1 0.0671875 0.2203125 0.06171875 0.06171875
1 0.02578125 0.2703125 0.0515625 0.06953125
1 0.0203125 0.31875 0.03125 0.0421875