1 0.35078125 0.7734375 0.33125 0.38828125
1 0.47109375 0.52421875 0.221875 0.30625
1 0.62734375 0.38828125 0.18515625 0.2625
1 0.52578125 0.24296875 0.221875 0.27890625
1 0.37421875 0.303125 0.18203125 0.21328125
1 0.3421875 0.19375 0.1015625 0.10390625
1 0.24375 0.2921875 0.19609375 0.22421875
1 0.30546875 0.4484375 0.1671875 0.284375
1 0.20703125 0.54375 0.2328125 0.31171875
1 0.07421875 0.603125 0.1484375 0.146875
1 0.0109375 0.7703125 0.021875 0.30625
1 0.934375 0.52421875 0.02890625 0.065625
1 0.97265625 0.54375 0.04765625 0.04921875
1 0.98203125 0.49453125 0.02890625 0.03828125
1 0.98359375 0.5953125 0.02578125 0.0546875
1 0.8578125 0.77578125 0.04375 0.065625
1 0.82734375 0.50546875 0.1203125 0.10390625
1 0.85234375 0.5984375 0.0546875 0.07109375
1 0.9203125 0.48359375 0.04375 0.04921875
1 0.9671875 0.51640625 0.021875 0.03828125
1 0.9671875 0.46171875 0.02890625 0.04921875
1 0.9890625 0.459375 0.01484375 0.0328125
1 0.890625 0.434375 0.04375 0.03828125
1 0.92578125 0.42890625 0.0328125 0.06015625
1 0.87421875 0.39609375 0.03984375 0.04921875
1 0.93671875 0.37421875 0.0765625 0.10390625
1 0.97109375 0.34453125 0.02890625 0.04375
1 0.9890625 0.3609375 0.01484375 0.0546875
1 0.75078125 0.22421875 0.178125 0.1421875
1 0.69296875 0.1640625 0.090625 0.0875
1 0.73671875 0.08203125 0.090625 0.1640625
1 0.34140625 0.10625 0.2984375 0.2125
1 0.065625 0.30078125 0.13125 0.284375
1 0.06328125 0.5078125 0.1265625 0.2625
1 0.10703125 0.87421875 0.15625 0.240625
1 0.0453125 0.71875 0.04765625 0.09296875
1 0.9171875 0.10078125 0.15625 0.2015625
1 0.82578125 0.97265625 0.13828125 0.04375
1 0.6765625 0.93203125 0.09453125 0.12578125