1 0.390625 0.890625 0.18515625 0.2078125
1 0.63984375 0.93203125 0.21796875 0.12578125
1 0.9 0.90703125 0.19296875 0.175
1 0.94921875 0.80859375 0.09453125 0.109375
1 0.9125 0.63359375 0.1671875 0.240625
1 0.96328125 0.56796875 0.065625 0.153125
1 0.8890625 0.47265625 0.1421875 0.12578125
1 0.7984375 0.54921875 0.1421875 0.20234375
1 0.1015625 0.9265625 0.13125 0.13671875
1 0.48359375 0.63125 0.1015625 0.07109375
1 0.5125 0.60390625 0.1015625 0.09296875
1 0.51484375 0.57109375 0.10546875 0.07109375
1 0.55625 0.54609375 0.0796875 0.0546875
1 0.61640625 0.5328125 0.06171875 0.13671875
1 0.69609375 0.52421875 0.1125 0.1203125