1 0.8734375 0.84765625 0.10390625 0.12265625
1 0.9703125 0.88203125 0.05234375 0.053125
1 0.95 0.84765625 0.05546875 0.08046875
1 0.95 0.7671875 0.0703125 0.08046875
1 0.9796875 0.78359375 0.03359375 0.19765625
1 0.94609375 0.6953125 0.1 0.10703125
1 0.884375 0.91953125 0.10390625 0.04296875
1 0.7765625 0.90625 0.059375 0.06953125
1 0.715625 0.91171875 0.0484375 0.05859375
1 0.65078125 0.90625 0.07421875 0.06953125
1 0.7078125 0.78046875 0.08515625 0.0859375
1 0.73203125 0.6734375 0.096875 0.09609375
1 0.79921875 0.74296875 0.059375 0.075
1 0.765625 0.575 0.13359375 0.1125
1 0.80859375 0.6734375 0.175 0.18203125
1 0.85703125 0.57734375 0.0703125 0.203125
1 0.93125 0.37734375 0.13046875 0.27265625
1 0.89609375 0.2140625 0.16328125 0.32109375
1 0.83828125 0.18984375 0.1671875 0.21953125
1 0.903125 0.1015625 0.0671875 0.10703125
1 0.775 0.06953125 0.1453125 0.128125
1 0.70234375 0.25390625 0.13359375 0.240625
1 0.6375 0.24296875 0.16015625 0.3265625
1 0.13359375 0.17109375 0.178125 0.29921875
1 0.196875 0.06953125 0.10390625 0.1390625
1 0.07421875 0.32109375 0.07421875 0.24609375
1 0.0203125 0.278125 0.040625 0.203125
1 0.0890625 0.4921875 0.14140625 0.23515625
1 0.14296875 0.61484375 0.1 0.15
1 0.06171875 0.7671875 0.078125 0.2515625
1 0.23828125 0.79140625 0.29765625 0.15
1 0.2953125 0.871875 0.1 0.10703125
1 0.20625 0.89609375 0.08515625 0.1015625
1 0.1265625 0.90390625 0.096875 0.075
1 0.41796875 0.853125 0.078125 0.165625
1 0.45546875 0.7484375 0.078125 0.09609375
1 0.54609375 0.76484375 0.08203125 0.1390625
1 0.57421875 0.87421875 0.078125 0.12265625
1 0.678125 0.7328125 0.15234375 0.09609375
1 0.68203125 0.51328125 0.09296875 0.10703125
1 0.78046875 0.425 0.2078125 0.090625
1 0.34765625 0.08046875 0.16015625 0.16015625
1 0.4796875 0.0296875 0.0890625 0.05859375
1 0.41796875 0.0859375 0.0484375 0.09609375
1 0.46640625 0.23515625 0.1375 0.37421875
1 0.55 0.2109375 0.0671875 0.090625
1 0.55 0.11796875 0.096875 0.09609375
1 0.3734375 0.17890625 0.040625 0.08046875
1 0.3515625 0.2515625 0.0703125 0.17109375
1 0.39765625 0.3796875 0.0375 0.16015625
1 0.34609375 0.40625 0.059375 0.11796875
1 0.3140625 0.4515625 0.08515625 0.26171875
1 0.24140625 0.34765625 0.17109375 0.278125
1 0.23984375 0.2703125 0.078125 0.1015625
1 0.246875 0.41953125 0.0484375 0.090625
1 0.21953125 0.575 0.096875 0.19765625
1 0.2546875 0.66875 0.1375 0.09609375
1 0.29765625 0.59375 0.096875 0.128125
1 0.35703125 0.7140625 0.0890625 0.15546875
1 0.3921875 0.56953125 0.1 0.14453125
1 0.43515625 0.63671875 0.07421875 0.10703125
1 0.45 0.465625 0.08203125 0.075
1 0.5484375 0.45703125 0.08515625 0.06953125
1 0.528125 0.5828125 0.15625 0.22421875
1 0.65390625 0.5671875 0.13359375 0.22421875
1 0.63125 0.05859375 0.15625 0.1171875
1 0.00546875 0.11484375 0.0109375 0.090625