1 0.20859375 0.853125 0.4171875 0.2859375
1 0.04609375 0.96796875 0.0921875 0.0546875
1 0.87109375 0.9765625 0.24765625 0.03828125
1 0.8328125 0.78984375 0.325 0.34375
1 0.9203125 0.475 0.14921875 0.3703125
1 0.6859375 0.515625 0.5671875 0.26640625
1 0.3328125 0.6953125 0.325 0.23203125
1 0.8296875 0.30859375 0.3296875 0.246875
1 0.9484375 0.15625 0.09296875 0.096875
1 0.575 0.3046875 0.28359375 0.22421875
1 0.79140625 0.1234375 0.40703125 0.246875
1 0.79609375 0.1078125 0.10859375 0.1234375
1 0.74765625 0.03671875 0.2265625 0.0734375
1 0.49921875 0.1078125 0.2890625 0.215625
1 0.1859375 0.2125 0.37109375 0.17734375
1 0.190625 0.42890625 0.38125 0.22421875
1 0.428125 0.34765625 0.1546875 0.146875
1 0.325 0.02734375 0.6390625 0.05390625