1 0.94140625 0.86875 0.10859375 0.203125
1 0.9359375 0.9578125 0.1203125 0.07421875
1 0.815625 0.89375 0.19296875 0.203125
1 0.740625 0.5890625 0.11640625 0.178125
1 0.91953125 0.7421875 0.1125 0.12890625
1 0.96796875 0.62109375 0.05625 0.27265625
1 0.853125 0.653125 0.2125 0.346875
1 0.9296875 0.4953125 0.10078125 0.10859375
1 0.86328125 0.428125 0.07265625 0.084375
1 0.84375 0.45546875 0.08046875 0.07890625
1 0.93984375 0.334375 0.1125 0.28203125
1 0.89921875 0.11171875 0.19296875 0.22265625
1 0.81328125 0.27265625 0.140625 0.2375
1 0.6984375 0.36875 0.2328125 0.27265625
1 0.69296875 0.17109375 0.06796875 0.13359375
1 0.696875 0.09921875 0.2125 0.19765625
1 0.51015625 0.046875 0.1046875 0.09375
1 0.58046875 0.11875 0.196875 0.2375
1 0.49765625 0.3171875 0.2171875 0.3265625
1 0.61015625 0.5546875 0.16875 0.21796875
1 0.67265625 0.7625 0.16484375 0.2375
1 0.6265625 0.903125 0.09609375 0.13359375
1 0.7125 0.9625 0.2453125 0.0640625
1 0.4796875 0.90078125 0.2046875 0.18828125
1 0.5 0.73046875 0.10078125 0.19296875
1 0.56640625 0.7453125 0.0640625 0.16328125
1 0.4296875 0.60859375 0.19296875 0.21796875
1 0.39765625 0.48984375 0.1125 0.06953125
1 0.3375 0.61875 0.0484375 0.15859375
1 0.25078125 0.6953125 0.0921875 0.1234375
1 0.23671875 0.9109375 0.07265625 0.16796875
1 0.32109375 0.9578125 0.1609375 0.07421875
1 0.33359375 0.8046875 0.20859375 0.2421875
1 0.1421875 0.84921875 0.22109375 0.2921875
1 0.02578125 0.9359375 0.0515625 0.11875
1 0.0640625 0.678125 0.128125 0.30703125
1 0.240625 0.546875 0.225 0.2625
1 0.32109375 0.34921875 0.184375 0.2421875
1 0.36953125 0.20546875 0.1046875 0.07421875
1 0.3578125 0.11640625 0.20859375 0.2328125
1 0.22265625 0.22734375 0.10859375 0.10859375
1 0.240625 0.13828125 0.05625 0.0890625
1 0.2328125 0.35625 0.05625 0.15859375
1 0.11484375 0.3515625 0.196875 0.2875
1 0.02578125 0.37109375 0.0515625 0.3171875
1 0.0625 0.190625 0.10078125 0.084375
1 0.16484375 0.1484375 0.14453125 0.21796875
1 0.21796875 0.04921875 0.1890625 0.0984375
1 0.0640625 0.07890625 0.128125 0.1578125
1 0.0140625 0.21015625 0.028125 0.09375
1 0.49765625 0.49765625 0.9953125 0.9953125