1 0.71171875 0.603125 0.1234375 0.16484375
1 0.815625 0.5828125 0.084375 0.103125
1 0.88046875 0.571875 0.05390625 0.071875
1 0.8171875 0.63671875 0.08828125 0.05703125
1 0.7484375 0.7140625 0.19609375 0.05703125
1 0.8828125 0.67265625 0.11953125 0.23203125
1 0.86328125 0.78359375 0.18828125 0.09296875
1 0.7 0.7375 0.16171875 0.06171875
1 0.6765625 0.7734375 0.184375 0.0515625
1 0.4515625 0.71875 0.1734375 0.23203125
1 0.53046875 0.66484375 0.14609375 0.2375
1 0.60390625 0.63125 0.115625 0.1703125
1 0.6828125 0.48203125 0.10390625 0.16015625
1 0.73671875 0.384375 0.18828125 0.14921875
1 0.790625 0.425 0.265625 0.25234375
1 0.65 0.29921875 0.1234375 0.24765625
1 0.575 0.471875 0.11953125 0.14921875
1 0.44609375 0.4328125 0.15390625 0.2578125
1 0.3515625 0.67265625 0.165625 0.25234375
1 0.27109375 0.44296875 0.20390625 0.2578125
1 0.165625 0.6671875 0.24609375 0.3140625