1 0.253125 0.36328125 0.1734375 0.2421875
1 0.47109375 0.43046875 0.48671875 0.3453125
1 0.540625 0.49765625 0.278125 0.18046875
1 0.82265625 0.3734375 0.30859375 0.35546875
1 0.69296875 0.365625 0.0578125 0.16484375
1 0.66015625 0.37890625 0.06953125 0.16015625
1 0.63359375 0.45078125 0.08515625 0.09765625
1 0.615625 0.38125 0.0421875 0.0828125
1 0.70625 0.50546875 0.06171875 0.071875
1 0.57109375 0.43046875 0.03828125 0.05703125
1 0.484375 0.2578125 0.25859375 0.309375
1 0.55234375 0.146875 0.1234375 0.1703125
1 0.21640625 0.2140625 0.278125 0.4171875
1 0.5 0.1109375 0.28984375 0.221875
1 0.65859375 0.21171875 0.0734375 0.14453125