1 0.91875 0.3375 0.0359375 0.1140625
1 0.9046875 0.46484375 0.05 0.19296875
1 0.89765625 0.74140625 0.07734375 0.30703125
1 0.85703125 0.54375 0.0546875 0.21015625
1 0.871875 0.359375 0.05234375 0.21015625
1 0.82421875 0.37265625 0.05703125 0.21953125
1 0.8046875 0.60546875 0.0546875 0.228125
1 0.82734375 0.7546875 0.05859375 0.2453125
1 0.771875 0.4296875 0.05703125 0.2453125
1 0.7390625 0.6796875 0.0546875 0.21953125
1 0.77109375 0.74140625 0.05859375 0.271875
1 0.709375 0.478125 0.0453125 0.2015625
1 0.6765625 0.32421875 0.05234375 0.17578125
1 0.67421875 0.7015625 0.065625 0.26328125
1 0.6234375 0.3375 0.05859375 0.184375
1 0.615625 0.69296875 0.0609375 0.228125
1 0.58515625 0.58359375 0.0546875 0.2546875
1 0.57578125 0.271875 0.0453125 0.19296875
1 0.55078125 0.39921875 0.05 0.184375
1 0.509375 0.2328125 0.075 0.23671875
1 0.47734375 0.44765625 0.0609375 0.21015625
1 0.51796875 0.64921875 0.0609375 0.2453125
1 0.5546875 0.64921875 0.0296875 0.17578125
1 0.4765625 0.46015625 0.05859375 0.2015625
1 0.43671875 0.25859375 0.05234375 0.2546875
1 0.46484375 0.23671875 0.02734375 0.10546875
1 0.3921875 0.20625 0.05859375 0.2015625
1 0.359375 0.3203125 0.0609375 0.2015625
1 0.4046875 0.565625 0.065625 0.2546875
1 0.446875 0.68828125 0.06328125 0.2546875
1 0.37109375 0.653125 0.04296875 0.21953125
1 0.32578125 0.62734375 0.0703125 0.32421875
1 0.27890625 0.390625 0.06328125 0.2015625
1 0.31484375 0.184375 0.05859375 0.228125
1 0.26875 0.19765625 0.025 0.14921875
1 0.23359375 0.21953125 0.06328125 0.2453125
1 0.18671875 0.14921875 0.05234375 0.228125
1 0.1484375 0.2765625 0.065625 0.21953125
1 0.1078125 0.1359375 0.05234375 0.2015625
1 0.065625 0.3375 0.06328125 0.21953125
1 0.05 0.62265625 0.05859375 0.26328125
1 0.11875 0.596875 0.0796875 0.28046875
1 0.178125 0.640625 0.04765625 0.21015625
1 0.2015625 0.51328125 0.06328125 0.2546875
1 0.246875 0.64453125 0.06328125 0.271875
1 0.4875 0.46484375 0.9390625 0.87734375