1 0.884375 0.5734375 0.221875 0.2046875
1 0.86875 0.65078125 0.18203125 0.21796875
1 0.8 0.36875 0.18671875 0.178125
1 0.94453125 0.4359375 0.01328125 0.01796875
1 0.9890625 0.45546875 0.01328125 0.021875
1 0.9640625 0.46015625 0.01796875 0.01328125
1 0.96875 0.478125 0.0265625 0.01328125
1 0.9625 0.38671875 0.01328125 0.01796875
1 0.9734375 0.3578125 0.0265625 0.021875
1 0.98203125 0.07109375 0.01796875 0.01796875
1 0.96015625 0.08671875 0.01796875 0.021875
1 0.9890625 0.09296875 0.01328125 0.00859375
1 0.9734375 0.12890625 0.0265625 0.01796875
1 0.9375 0.12890625 0.00859375 0.01796875
1 0.12421875 0.80859375 0.2484375 0.3734375
1 0.2953125 0.821875 0.253125 0.27578125
1 0.4625 0.8734375 0.2046875 0.24453125
1 0.59140625 0.7 0.09765625 0.12890625
1 0.50234375 0.7421875 0.0796875 0.115625
1 0.5890625 0.80234375 0.06640625 0.06640625
1 0.584375 0.8421875 0.084375 0.07578125
1 0.6421875 0.8578125 0.03125 0.0796875
1 0.63984375 0.73984375 0.0625 0.12890625
1 0.70703125 0.70859375 0.053125 0.10234375
1 0.80234375 0.7046875 0.084375 0.09296875
1 0.70859375 0.58671875 0.07578125 0.07109375
1 0.73359375 0.79140625 0.0796875 0.115625
1 0.546875 0.57578125 0.0796875 0.0578125
1 0.70859375 0.5890625 0.084375 0.084375
1 0.6625 0.50703125 0.0359375 0.07109375
1 0.62421875 0.71796875 0.421875 0.50234375
1 0.73125 0.5375 0.09296875 0.1421875
1 0.65546875 0.18671875 0.19140625 0.178125
1 0.76875 0.2109375 0.0796875 0.10234375
1 0.76640625 0.14453125 0.021875 0.04921875
1 0.5734375 0.2421875 0.053125 0.07578125
1 0.7203125 0.09765625 0.18671875 0.0890625
1 0.93125 0.23125 0.03984375 0.16875
1 0.90703125 0.17578125 0.178125 0.2265625
1 0.9 0.184375 0.19140625 0.2
1 0.8375 0.13984375 0.0578125 0.084375
1 0.8359375 0.184375 0.07109375 0.07578125
1 0.83984375 0.2265625 0.07109375 0.0796875
1 0.83125 0.23984375 0.07109375 0.0625
1 0.87578125 0.184375 0.07109375 0.1734375
1 0.49765625 0.18203125 0.16015625 0.29296875
1 0.37578125 0.2203125 0.15546875 0.20859375
1 0.24453125 0.21328125 0.15078125 0.15078125
1 0.21796875 0.3359375 0.15078125 0.12890625
1 0.33984375 0.36875 0.12890625 0.1421875
1 0.4734375 0.378125 0.1203125 0.13359375
1 0.5625 0.50234375 0.1203125 0.13359375
1 0.615625 0.378125 0.1640625 0.1953125
1 0.44453125 0.4953125 0.13359375 0.1375
1 0.2203125 0.46875 0.1640625 0.12890625
1 0.2421875 0.5421875 0.21796875 0.1421875
1 0.3 0.52421875 0.21796875 0.2046875
1 0.321875 0.57578125 0.1640625 0.1109375
1 0.30703125 0.615625 0.21328125 0.1375
1 0.35078125 0.6203125 0.178125 0.1109375
1 0.421875 0.653125 0.16015625 0.21328125
1 0.4625 0.71796875 0.13359375 0.19140625
1 0.3890625 0.62421875 0.146875 0.1109375
1 0.053125 0.34375 0.10625 0.075
1 0.1 0.20234375 0.10234375 0.084375
1 0.184375 0.053125 0.06640625 0.09765625