1 0.83203125 0.671875 0.1375 0.26015625
1 0.91015625 0.7265625 0.0265625 0.078125
1 0.90625 0.63046875 0.12578125 0.21875
1 0.69296875 0.71875 0.1796875 0.23984375
1 0.73828125 0.57578125 0.0953125 0.078125
1 0.76875 0.52109375 0.14140625 0.10390625
1 0.66953125 0.52109375 0.05703125 0.05234375
1 0.690625 0.48671875 0.03046875 0.02578125
1 0.6203125 0.4765625 0.06484375 0.08828125
1 0.6296875 0.59921875 0.1375 0.15625
1 0.51875 0.74453125 0.16796875 0.21875
1 0.59140625 0.7578125 0.03828125 0.109375
1 0.54609375 0.65078125 0.04609375 0.05234375
1 0.53046875 0.578125 0.0609375 0.09375
1 0.56875 0.5078125 0.08359375 0.08828125
1 0.50390625 0.5078125 0.0609375 0.078125
1 0.4640625 0.61484375 0.07265625 0.11484375
1 0.41015625 0.48203125 0.14921875 0.09921875
1 0.48671875 0.37734375 0.3015625 0.18203125
1 0.35859375 0.55234375 0.18359375 0.25
1 0.40234375 0.75234375 0.14140625 0.19296875
1 0.25390625 0.73671875 0.19453125 0.21328125
1 0.20234375 0.625 0.11484375 0.13515625
1 0.275 0.5859375 0.0609375 0.109375
1 0.22109375 0.50546875 0.121875 0.125
1 0.284375 0.43203125 0.0875 0.125
1 0.13203125 0.5703125 0.07265625 0.06796875
1 0.0765625 0.6875 0.0609375 0.14609375
1 0.128125 0.703125 0.1109375 0.16640625