1 0.86484375 0.65625 0.103125 0.14609375
1 0.89296875 0.6015625 0.09140625 0.11953125
1 0.84140625 0.50546875 0.07265625 0.08359375
1 0.803125 0.734375 0.11796875 0.16640625
1 0.75390625 0.69296875 0.103125 0.15625
1 0.775 0.58359375 0.08359375 0.09375
1 0.77109375 0.44765625 0.06875 0.08359375
1 0.696875 0.46875 0.08046875 0.1875
1 0.73671875 0.5 0.08359375 0.125
1 0.68671875 0.35390625 0.08359375 0.05234375
1 0.61796875 0.45546875 0.11484375 0.15078125
1 0.58046875 0.609375 0.11484375 0.16640625
1 0.67578125 0.60390625 0.09140625 0.15625
1 0.67734375 0.76796875 0.1109375 0.16171875
1 0.54375 0.76328125 0.13359375 0.18203125
1 0.4828125 0.65078125 0.11796875 0.14609375
1 0.440625 0.74453125 0.0953125 0.15625
1 0.3375 0.70859375 0.1109375 0.1875
1 0.3953125 0.6015625 0.103125 0.15078125
1 0.484375 0.49765625 0.16015625 0.18203125
1 0.2859375 0.58046875 0.1296875 0.19296875
1 0.25546875 0.7109375 0.0609375 0.11953125
1 0.16796875 0.63828125 0.11484375 0.171875
1 0.190625 0.48671875 0.11484375 0.140625
1 0.09140625 0.57265625 0.10703125 0.15625
1 0.0859375 0.50234375 0.103125 0.11953125
1 0.196875 0.38828125 0.05703125 0.06796875
1 0.259375 0.4296875 0.06875 0.11953125
1 0.32265625 0.453125 0.07265625 0.07265625
1 0.39921875 0.36484375 0.11796875 0.14609375
1 0.31640625 0.37734375 0.04609375 0.078125
1 0.4140625 0.27578125 0.05 0.04140625
1 0.4921875 0.30234375 0.09140625 0.14609375
1 0.5359375 0.39296875 0.08046875 0.09921875
1 0.5953125 0.3359375 0.09921875 0.08828125