1 0.85234375 0.86171875 0.2078125 0.15234375
1 0.86328125 0.965625 0.2625 0.06171875
1 0.97265625 0.88515625 0.04375 0.090625
1 0.63125 0.90390625 0.23515625 0.14921875
1 0.69375 0.97109375 0.0984375 0.05078125
1 0.71875 0.9 0.09296875 0.10546875
1 0.371875 0.96171875 0.21875 0.06875
1 0.51875 0.96171875 0.1859375 0.06875
1 0.44296875 0.86171875 0.21875 0.1234375
1 0.5078125 0.7421875 0.21875 0.13828125
1 0.628125 0.7796875 0.196875 0.1125
1 0.81953125 0.7234375 0.2515625 0.13828125
1 0.9484375 0.665625 0.09296875 0.1453125
1 0.9453125 0.7875 0.0984375 0.10546875
1 0.25703125 0.70546875 0.240625 0.18203125
1 0.21015625 0.87265625 0.21328125 0.15234375
1 0.0734375 0.73046875 0.146875 0.1453125
1 0.08203125 0.590625 0.1640625 0.15625
1 0.2484375 0.534375 0.19140625 0.1671875
1 0.4484375 0.59609375 0.2734375 0.17421875
1 0.609375 0.46328125 0.26796875 0.178125
1 0.88515625 0.53828125 0.21875 0.11640625
1 0.73515625 0.634375 0.26796875 0.15625
1 0.63359375 0.56328125 0.21875 0.1234375
1 0.88515625 0.39296875 0.21875 0.18203125
1 0.9375 0.32578125 0.11484375 0.0328125
1 0.740625 0.3203125 0.24609375 0.1453125
1 0.87734375 0.2015625 0.23515625 0.178125
1 0.89609375 0.06015625 0.196875 0.1203125
1 0.7296875 0.19453125 0.19140625 0.10546875
1 0.51875 0.22734375 0.240625 0.15625
1 0.5328125 0.30546875 0.21328125 0.0796875
1 0.52734375 0.40390625 0.20234375 0.1234375
1 0.30078125 0.37109375 0.2625 0.1453125
1 0.18828125 0.43984375 0.18046875 0.13125
1 0.084375 0.4140625 0.16875 0.175
1 0.1203125 0.30390625 0.240625 0.15625
1 0.30625 0.25234375 0.2734375 0.15625
1 0.153125 0.14765625 0.21875 0.16328125
1 0.34140625 0.090625 0.25703125 0.1453125
1 0.51875 0.04765625 0.196875 0.09453125
1 0.66875 0.06875 0.26875 0.1375
1 0.2078125 0.03671875 0.2078125 0.07265625
1 0.0546875 0.0578125 0.109375 0.1015625
1 0.05703125 0.22109375 0.1140625 0.1453125
1 0.49765625 0.4984375 0.99453125 0.99609375