1 0.7625 0.35078125 0.28203125 0.309375
1 0.8046875 0.58984375 0.11953125 0.20078125
1 0.66796875 0.50234375 0.13125 0.1390625
1 0.53828125 0.44609375 0.23515625 0.20078125
1 0.4421875 0.32734375 0.096875 0.11875
1 0.3609375 0.30703125 0.2203125 0.2734375
1 0.42890625 0.1546875 0.07734375 0.103125
1 0.51171875 0.11328125 0.14296875 0.0828125
1 0.38828125 0.07734375 0.08125 0.071875
1 0.28984375 0.10546875 0.1546875 0.18046875
1 0.2796875 0.13125 0.11953125 0.14921875
1 0.2140625 0.190625 0.11171875 0.14453125
1 0.13359375 0.13671875 0.0734375 0.0875
1 0.0671875 0.17734375 0.134375 0.1484375
1 0.1 0.2625 0.13125 0.1546875
1 0.21015625 0.3015625 0.10390625 0.10859375
1 0.18515625 0.44296875 0.21640625 0.24765625
1 0.196875 0.515625 0.16953125 0.2265625
1 0.0421875 0.43046875 0.084375 0.3140625
1 0.06171875 0.5515625 0.1234375 0.21640625
1 0.1390625 0.70078125 0.146875 0.21640625
1 0.18125 0.80703125 0.09296875 0.12890625
1 0.03671875 0.7375 0.0734375 0.21640625
1 0.29375 0.7625 0.1625 0.309375
1 0.44765625 0.76015625 0.19296875 0.25234375
1 0.30859375 0.56953125 0.07734375 0.11875
1 0.33203125 0.48203125 0.06953125 0.09765625
1 0.38203125 0.5 0.06953125 0.0828125
1 0.465625 0.5234375 0.0890625 0.0875
1 0.55625 0.55703125 0.1 0.09296875
1 0.66640625 0.678125 0.096875 0.12890625
1 0.7375 0.6265625 0.08515625 0.16015625
1 0.6390625 0.75 0.0890625 0.10859375
1 0.57109375 0.7734375 0.06953125 0.09296875
1 0.57109375 0.6625 0.09296875 0.12890625
1 0.47890625 0.5953125 0.1 0.10859375
1 0.38046875 0.59765625 0.0890625 0.11328125
1 0.38828125 0.38671875 0.096875 0.134375
1 0.56171875 0.25 0.2203125 0.25234375