1 0.58828125 0.53671875 0.2046875 0.090625
1 0.5796875 0.60625 0.2046875 0.08515625
1 0.51796875 0.62421875 0.21796875 0.07265625
1 0.54765625 0.67890625 0.15 0.0484375
1 0.590625 0.72734375 0.12734375 0.1453125
1 0.459375 0.5546875 0.090625 0.0546875
1 0.475 0.42109375 0.15 0.2
1 0.33203125 0.47890625 0.21796875 0.21796875
1 0.409375 0.7484375 0.090625 0.12734375
1 0.46328125 0.77578125 0.0546875 0.08515625
1 0.4 0.8453125 0.07265625 0.06640625
1 0.33828125 0.8 0.06796875 0.08515625
1 0.3453125 0.690625 0.109375 0.13359375
1 0.2796875 0.7421875 0.07734375 0.090625
1 0.19296875 0.68203125 0.07734375 0.1390625
1 0.1953125 0.56640625 0.090625 0.103125
1 0.11171875 0.6390625 0.08671875 0.12734375
1 0.15 0.51484375 0.08203125 0.12109375
1 0.24765625 0.46328125 0.08671875 0.090625
1 0.1703125 0.41796875 0.08671875 0.08515625
1 0.7796875 0.7515625 0.2953125 0.27890625
1 0.80234375 0.43359375 0.18671875 0.07890625
1 0.77265625 0.27890625 0.17265625 0.19375
1 0.6203125 0.2875 0.059375 0.06640625
1 0.6296875 0.2453125 0.059375 0.0421875
1 0.575 0.2390625 0.059375 0.0421875
1 0.559375 0.28203125 0.0546875 0.06640625
1 0.5546875 0.32109375 0.0546875 0.03671875
1 0.61796875 0.33046875 0.0546875 0.03046875
1 0.40703125 0.296875 0.03203125 0.03671875
1 0.3703125 0.303125 0.040625 0.03671875
1 0.334375 0.296875 0.03203125 0.0484375
1 0.334375 0.33359375 0.05 0.03671875
1 0.3 0.31484375 0.0453125 0.0484375
1 0.2546875 0.33671875 0.0453125 0.0421875
1 0.24296875 0.36640625 0.03203125 0.03046875
1 0.24765625 0.196875 0.140625 0.16328125
1 0.43671875 0.22734375 0.23671875 0.16328125