1 0.64296875 0.4 0.16640625 0.24609375
1 0.71640625 0.39453125 0.10390625 0.22578125
1 0.75859375 0.528125 0.0421875 0.1640625
1 0.771875 0.38203125 0.07734375 0.13828125
1 0.72578125 0.56640625 0.04609375 0.15859375
1 0.64296875 0.50546875 0.14296875 0.30234375
1 0.72421875 0.65859375 0.065625 0.05625
1 0.65234375 0.64375 0.07734375 0.05625
1 0.56953125 0.5921875 0.11171875 0.128125
1 0.53125 0.6078125 0.0578125 0.06640625
1 0.515625 0.62578125 0.0421875 0.0203125
1 0.4984375 0.43828125 0.08515625 0.09765625
1 0.575 0.4765625 0.09296875 0.1125
1 0.50390625 0.53828125 0.0734375 0.0921875
1 0.4421875 0.49765625 0.0734375 0.071875
1 0.4421875 0.5796875 0.096875 0.10234375
1 0.3609375 0.5515625 0.08125 0.128125
1 0.271875 0.5484375 0.0890625 0.1234375
1 0.34921875 0.428125 0.10390625 0.0875
1 0.2390625 0.45859375 0.03828125 0.1078125
1 0.20859375 0.40546875 0.06171875 0.04140625
1 0.37421875 0.29453125 0.17734375 0.0875
1 0.40546875 0.33359375 0.19296875 0.08203125
1 0.44765625 0.37421875 0.17734375 0.08203125
1 0.4109375 0.42578125 0.096875 0.06171875
1 0.33203125 0.37421875 0.07734375 0.06171875
1 0.2859375 0.35625 0.06171875 0.0765625