1 0.046875 0.93125 0.09375 0.125
1 0.015625 0.51015625 0.03125 0.0953125
1 0.11015625 0.4921875 0.05546875 0.06015625
1 0.1375 0.4296875 0.07109375 0.075
1 0.18515625 0.371875 0.07109375 0.1109375
1 0.1203125 0.7359375 0.1140625 0.14609375
1 0.1375 0.64296875 0.07890625 0.10078125
1 0.22421875 0.640625 0.09453125 0.10546875
1 0.31484375 0.72109375 0.09453125 0.1359375
1 0.2421875 0.74375 0.075 0.090625
1 0.28515625 0.565625 0.0984375 0.15546875
1 0.3875 0.5375 0.10625 0.140625
1 0.378125 0.6609375 0.11015625 0.115625
1 0.44453125 0.72578125 0.05546875 0.0953125
1 0.39140625 0.8015625 0.1140625 0.0953125
1 0.234375 0.53984375 0.075 0.12578125
1 0.265625 0.4671875 0.075 0.10078125
1 0.33671875 0.4625 0.0828125 0.1109375
1 0.39375 0.2765625 0.10234375 0.1109375
1 0.378125 0.3765625 0.07109375 0.10078125
1 0.42734375 0.41484375 0.075 0.12578125
1 0.478125 0.4953125 0.090625 0.12578125
1 0.56875 0.4046875 0.0828125 0.115625
1 0.6359375 0.46015625 0.0828125 0.10546875
1 0.57265625 0.4875 0.0671875 0.0703125
1 0.5 0.32421875 0.09453125 0.0953125
1 0.46875 0.20390625 0.07890625 0.115625
1 0.5234375 0.165625 0.05546875 0.090625
1 0.58671875 0.2484375 0.06328125 0.0953125
1 0.734375 0.36171875 0.2640625 0.31171875
1 0.64765625 0.72109375 0.40546875 0.4671875
1 0.85625 0.84140625 0.059375 0.115625
1 0.79296875 0.9046875 0.0828125 0.06015625
1 0.8625 0.90703125 0.046875 0.05546875
1 0.34453125 0.2890625 0.23203125 0.3265625
1 0.00234375 0.58828125 0.00390625 0.05
1 0.82890625 0.4921875 0.334375 0.57265625