1 0.94453125 0.79921875 0.103125 0.253125
1 0.92734375 0.859375 0.13828125 0.2125
1 0.965625 0.97734375 0.06171875 0.034375
1 0.88984375 0.93125 0.0484375 0.06875
1 0.8703125 0.97109375 0.04453125 0.04609375
1 0.83828125 0.93125 0.04140625 0.06875
1 0.8171875 0.97734375 0.02734375 0.034375
1 0.83125 0.8796875 0.06171875 0.13828125
1 0.8296875 0.753125 0.0515625 0.1265625
1 0.80859375 0.68984375 0.0171875 0.034375
1 0.83984375 0.68984375 0.03125 0.034375
1 0.86875 0.68671875 0.0203125 0.02890625
1 0.89140625 0.68671875 0.0171875 0.02890625
1 0.915625 0.68984375 0.03125 0.034375
1 0.95 0.6953125 0.03125 0.04609375
1 0.97265625 0.6921875 0.0140625 0.03984375
1 0.87421875 0.72109375 0.02421875 0.02890625
1 0.9015625 0.72734375 0.02421875 0.02890625
1 0.9296875 0.7296875 0.02421875 0.034375
1 0.953125 0.746875 0.03125 0.0578125
1 0.96875 0.5921875 0.05546875 0.11484375
1 0.915625 0.56015625 0.05859375 0.13203125
1 0.903125 0.63515625 0.06875 0.03984375
1 0.9671875 0.42265625 0.05859375 0.16640625
1 0.96171875 0.47421875 0.06875 0.1203125
1 0.9640625 0.3703125 0.03828125 0.075
1 0.90859375 0.38203125 0.07265625 0.0859375
1 0.903125 0.47109375 0.0484375 0.0921875
1 0.86875 0.5171875 0.05546875 0.08046875
1 0.8671875 0.603125 0.0515625 0.0921875
1 0.82578125 0.6234375 0.04453125 0.06328125
1 0.82578125 0.5375 0.04453125 0.109375
1 0.85546875 0.43359375 0.05546875 0.09765625
1 0.815625 0.4453125 0.02421875 0.06328125
1 0.83984375 0.3796875 0.07265625 0.08046875
1 0.97265625 0.27578125 0.0484375 0.08046875
1 0.91171875 0.27265625 0.065625 0.0859375
1 0.953125 0.2296875 0.03828125 0.08046875
1 0.984375 0.20078125 0.02421875 0.08046875
1 0.97578125 0.1265625 0.04140625 0.08046875
1 0.8515625 0.2875 0.05546875 0.0578125
1 0.815625 0.23828125 0.02421875 0.15546875
1 0.853125 0.178125 0.065625 0.1265625
1 0.88828125 0.20078125 0.05859375 0.1609375
1 0.92734375 0.1984375 0.0203125 0.0515625
1 0.9515625 0.17265625 0.0203125 0.04609375
1 0.9359375 0.13515625 0.03125 0.03984375
1 0.90859375 0.1296875 0.03125 0.0515625
1 0.915625 0.16953125 0.02421875 0.02890625
1 0.8984375 0.10078125 0.02421875 0.03984375
1 0.9296875 0.0921875 0.02421875 0.034375
1 0.9515625 0.0921875 0.0203125 0.034375
1 0.97265625 0.04609375 0.0484375 0.0921875
1 0.91953125 0.03984375 0.0546875 0.0796875
1 0.92734375 0.00859375 0.06171875 0.0171875
1 0.86171875 0.075 0.05546875 0.06875
1 0.8203125 0.10625 0.034375 0.09765625
1 0.815625 0.0375 0.03125 0.0515625
1 0.80703125 0.00546875 0.0140625 0.0109375
1 0.8328125 0.00859375 0.03828125 0.0171875
1 0.84453125 0.02265625 0.02734375 0.02265625
1 0.8703125 0.02578125 0.0171875 0.0171875
1 0.88515625 0.0140625 0.0140625 0.028125
1 0.86171875 0.003125 0.0203125 0.00546875
1 0.7359375 0.9453125 0.0515625 0.09765625
1 0.77578125 0.96875 0.02734375 0.0515625
1 0.77421875 0.896875 0.03828125 0.103125
1 0.77734375 0.82734375 0.03125 0.08046875
1 0.7859375 0.753125 0.0140625 0.06875
1 0.77578125 0.71875 0.02734375 0.04609375
1 0.76015625 0.6921875 0.04453125 0.0515625
1 0.7859375 0.68125 0.00703125 0.0171875
1 0.7359375 0.678125 0.04453125 0.02265625
1 0.71015625 0.8046875 0.1171875 0.21875
1 0.66875 0.9453125 0.07578125 0.09765625
1 0.61875 0.95390625 0.03125 0.08046875
1 0.66171875 0.68671875 0.08984375 0.03984375
1 0.6171875 0.6953125 0.02734375 0.04609375
1 0.66015625 0.7359375 0.03125 0.0578125
1 0.634375 0.73828125 0.0203125 0.0515625
1 0.6484375 0.77890625 0.02734375 0.0515625
1 0.64140625 0.82734375 0.02734375 0.04609375
1 0.6359375 0.8796875 0.03125 0.034375
1 0.63125 0.9140625 0.0203125 0.034375
1 0.615625 0.8796875 0.03125 0.0578125
1 0.6203125 0.8359375 0.0203125 0.0515625
1 0.60859375 0.825 0.01015625 0.02890625
1 0.6296875 0.7703125 0.03828125 0.01171875
1 0.60546875 0.74140625 0.01015625 0.034375
1 0.603125 0.78125 0.0140625 0.02265625
1 0.7484375 0.49453125 0.08984375 0.14921875
1 0.76875 0.3796875 0.0484375 0.0921875
1 0.77578125 0.58359375 0.034375 0.0859375
1 0.78828125 0.63828125 0.01015625 0.034375
1 0.734375 0.575 0.0828125 0.1609375
1 0.715625 0.646875 0.02421875 0.0171875
1 0.68984375 0.61484375 0.04140625 0.08046875
1 0.65859375 0.6234375 0.02734375 0.0515625
1 0.6515625 0.571875 0.04140625 0.06328125
1 0.62421875 0.6265625 0.0484375 0.0578125
1 0.703125 0.3765625 0.06875 0.0859375
1 0.71875 0.41953125 0.0515625 0.04609375
1 0.65546875 0.353125 0.034375 0.03984375
1 0.6328125 0.4453125 0.1140625 0.178125
1 0.44453125 0.5578125 0.0828125 0.18359375
1 0.41015625 0.63515625 0.0140625 0.03984375
1 0.5328125 0.6203125 0.065625 0.06875
1 0.4828125 0.6265625 0.02734375 0.04609375
1 0.51015625 0.57734375 0.04140625 0.03984375
1 0.4515625 0.40234375 0.096875 0.13828125
1 0.57265625 0.3703125 0.13828125 0.075
1 0.5 0.38828125 0.02734375 0.0515625
1 0.48828125 0.425 0.02421875 0.04609375
1 0.45546875 0.4453125 0.02734375 0.03984375
1 0.47421875 0.47734375 0.0171875 0.0578125
1 0.50546875 0.47734375 0.02421875 0.04609375
1 0.534375 0.45078125 0.02734375 0.02890625
1 0.5203125 0.41640625 0.034375 0.03984375
1 0.54453125 0.4109375 0.02734375 0.0515625
1 0.5671875 0.425 0.02421875 0.04609375
1 0.56015625 0.465625 0.02421875 0.034375
1 0.584375 0.496875 0.02421875 0.0515625
1 0.55703125 0.4828125 0.02421875 0.034375
1 0.546875 0.5171875 0.03125 0.04609375
1 0.52734375 0.496875 0.02734375 0.06328125
1 0.51171875 0.53984375 0.02421875 0.04609375
1 0.4984375 0.52265625 0.03828125 0.06875
1 0.54453125 0.56015625 0.034375 0.03984375
1 0.584375 0.61796875 0.03828125 0.09765625
1 0.615625 0.571875 0.02421875 0.06328125
1 0.58984375 0.54609375 0.02734375 0.034375
1 0.34140625 0.45078125 0.11015625 0.22421875
1 0.3640625 0.36796875 0.065625 0.06875
1 0.29140625 0.35078125 0.065625 0.02265625
1 0.26171875 0.38203125 0.0484375 0.0859375
1 0.2515625 0.43984375 0.103125 0.2125
1 0.3015625 0.54296875 0.10703125 0.2359375
1 0.29453125 0.603125 0.0796875 0.0921875
1 0.34453125 0.56328125 0.0484375 0.18359375
1 0.37421875 0.5578125 0.04453125 0.08046875
1 0.384375 0.609375 0.02421875 0.08046875
1 0.3671875 0.6234375 0.02421875 0.06328125
1 0.234375 0.59765625 0.05546875 0.08046875
1 0.26875 0.603125 0.034375 0.04609375
1 0.2515625 0.640625 0.04140625 0.02890625
1 0.2171875 0.5375 0.034375 0.075
1 0.215625 0.6203125 0.02421875 0.06875
1 0.56015625 0.784375 0.05859375 0.16640625
1 0.584375 0.6953125 0.0171875 0.04609375
1 0.51171875 0.71875 0.12734375 0.0921875
1 0.5140625 0.784375 0.034375 0.06328125
1 0.55703125 0.90234375 0.07265625 0.1265625
1 0.56171875 0.96875 0.04140625 0.0515625
1 0.584375 0.96875 0.0171875 0.0515625
1 0.5140625 0.965625 0.04140625 0.04609375
1 0.5296875 0.9828125 0.03125 0.02265625
1 0.4796875 0.9859375 0.02734375 0.0171875
1 0.48828125 0.96015625 0.02421875 0.02265625
1 0.44140625 0.9828125 0.02734375 0.02265625
1 0.4140625 0.96015625 0.04140625 0.06875
1 0.4640625 0.9421875 0.04453125 0.06875
1 0.5015625 0.9140625 0.03828125 0.06875
1 0.4828125 0.8703125 0.034375 0.06328125
1 0.45546875 0.7671875 0.08984375 0.2125
1 0.51015625 0.84453125 0.034375 0.0578125
1 0.45703125 0.89375 0.03828125 0.0515625
1 0.4140625 0.88515625 0.0484375 0.08046875
1 0.3828125 0.83359375 0.04140625 0.0578125
1 0.35546875 0.77890625 0.0484375 0.0859375
1 0.30859375 0.77578125 0.04453125 0.06875
1 0.3328125 0.84765625 0.0515625 0.075
1 0.35859375 0.90546875 0.0484375 0.075
1 0.3703125 0.73828125 0.09296875 0.13203125
1 0.2703125 0.8796875 0.10703125 0.2296875
1 0.33984375 0.93984375 0.03828125 0.109375
1 0.37734375 0.9625 0.03828125 0.06328125
1 0.27421875 0.74140625 0.14140625 0.14921875
1 0.246875 0.72109375 0.0859375 0.09765625
1 0.2296875 0.83359375 0.0515625 0.0578125
1 0.22421875 0.9140625 0.0484375 0.13828125
1 0.215625 0.98828125 0.02421875 0.01171875
1 0.51015625 0.2703125 0.06875 0.103125
1 0.56875 0.26171875 0.0484375 0.109375
1 0.57421875 0.17265625 0.03828125 0.08046875
1 0.584375 0.0921875 0.02421875 0.11484375
1 0.571875 0.02265625 0.040625 0.0453125
1 0.4890625 0.07734375 0.159375 0.1546875
1 0.52734375 0.16953125 0.07578125 0.109375
1 0.46171875 0.29296875 0.04140625 0.04609375
1 0.44140625 0.3046875 0.034375 0.02265625
1 0.44140625 0.20703125 0.11015625 0.13828125
1 0.403125 0.2703125 0.05546875 0.103125
1 0.35859375 0.3015625 0.06171875 0.03984375
1 0.30703125 0.284375 0.0484375 0.06328125
1 0.34296875 0.23828125 0.05859375 0.0859375
1 0.37265625 0.22109375 0.02734375 0.0515625
1 0.23984375 0.28125 0.07265625 0.08046875
1 0.215625 0.1953125 0.02421875 0.11484375
1 0.27265625 0.22421875 0.07578125 0.103125
1 0.315625 0.1921875 0.03125 0.06328125
1 0.34296875 0.175 0.02421875 0.03984375
1 0.35 0.14375 0.0171875 0.034375
1 0.37734375 0.1609375 0.02421875 0.06875
1 0.4015625 0.15234375 0.02421875 0.06328125
1 0.41875 0.1578125 0.0171875 0.03984375
1 0.4171875 0.103125 0.02734375 0.0578125
1 0.44140625 0.09765625 0.02734375 0.04609375
1 0.4484375 0.06875 0.02734375 0.034375
1 0.44453125 0.13515625 0.0203125 0.0171875
1 0.396875 0.0375 0.0203125 0.02890625
1 0.371875 0.0140625 0.028125 0.028125
1 0.34140625 0.03125 0.034375 0.03984375
1 0.37265625 0.0546875 0.02734375 0.0515625
1 0.396875 0.08046875 0.0203125 0.04609375
1 0.36875 0.103125 0.02734375 0.034375
1 0.34140625 0.10625 0.02734375 0.03984375
1 0.34140625 0.06328125 0.02734375 0.034375
1 0.3171875 0.09453125 0.034375 0.03984375
1 0.32421875 0.13828125 0.0203125 0.034375
1 0.3 0.14375 0.0203125 0.04609375
1 0.2796875 0.13203125 0.02734375 0.08046875
1 0.265625 0.178125 0.034375 0.04609375
1 0.2484375 0.14375 0.034375 0.06875
1 0.23828125 0.11796875 0.034375 0.06328125
1 0.2171875 0.0890625 0.02734375 0.0515625
1 0.22578125 0.03984375 0.03828125 0.0578125
1 0.23125 0.00546875 0.034375 0.0109375
1 0.20859375 0.01171875 0.01015625 0.02265625
1 0.2828125 0.04296875 0.07578125 0.0859375
1 0.1703125 0.93125 0.04453125 0.1265625
1 0.1171875 0.95703125 0.07578125 0.075
1 0.13828125 0.853125 0.04140625 0.03984375
1 0.17578125 0.8078125 0.04140625 0.13203125
1 0.1859375 0.71015625 0.0140625 0.06328125
1 0.046875 0.7125 0.03828125 0.04609375
1 0.0328125 0.75859375 0.03828125 0.04609375
1 0.00546875 0.74453125 0.01015625 0.03984375
1 0.09296875 0.83046875 0.1859375 0.32734375
1 0.1640625 0.59453125 0.065625 0.109375
1 0.18984375 0.6265625 0.0140625 0.04609375
1 0.07734375 0.55703125 0.1546875 0.1953125
1 0.17578125 0.48828125 0.04140625 0.13828125
1 0.1796875 0.390625 0.034375 0.103125
1 0.146875 0.39921875 0.065625 0.1203125
1 0.06875 0.4734375 0.1375 0.29375
1 0.17421875 0.284375 0.04453125 0.06328125
1 0.17734375 0.21875 0.03828125 0.06875
1 0.1828125 0.14375 0.02734375 0.06875
1 0.16015625 0.075 0.07265625 0.14921875
1 0.0984375 0.10625 0.0515625 0.0859375
1 0.13984375 0.1640625 0.05859375 0.09765625
1 0.0984375 0.1640625 0.09296875 0.109375
1 0.15 0.2359375 0.03828125 0.0578125
1 0.10859375 0.24140625 0.09296875 0.11484375
1 0.1171875 0.29296875 0.06171875 0.0578125
1 0.06171875 0.2125 0.05546875 0.08046875
1 0.0671875 0.27578125 0.04453125 0.034375
1 0.08828125 0.3015625 0.03828125 0.02890625
1 0.05703125 0.3046875 0.02421875 0.02265625
1 0.02265625 0.27578125 0.04453125 0.0921875
1 0.02734375 0.16640625 0.0546875 0.1265625
1 0.06171875 0.0921875 0.0203125 0.034375
1 0.05859375 0.04921875 0.0203125 0.02890625
1 0.08828125 0.0546875 0.02421875 0.02890625
1 0.0359375 0.08359375 0.02421875 0.03984375
1 0.02265625 0.103125 0.0171875 0.034375
1 0.01015625 0.0515625 0.0203125 0.02265625
1 0.01171875 0.08828125 0.0234375 0.0296875
1 0.00859375 0.0203125 0.0171875 0.03984375
1 0.046875 0.02890625 0.05859375 0.0578125
1 0.10078125 0.03125 0.0515625 0.0625