1 0.43828125 0.8140625 0.0765625 0.109375
1 0.75625 0.1171875 0.07265625 0.13671875
1 0.74921875 0.2375 0.0578125 0.09296875
1 0.6890625 0.19375 0.08359375 0.12578125
1 0.61640625 0.1859375 0.06875 0.0875
1 0.62734375 0.26484375 0.0984375 0.08203125
1 0.6234375 0.34453125 0.090625 0.109375
1 0.70546875 0.34140625 0.065625 0.10390625
1 0.7578125 0.325 0.0328125 0.07109375
1 0.79453125 0.34140625 0.0546875 0.09296875
1 0.82890625 0.30625 0.05078125 0.0875
1 0.85078125 0.4046875 0.0796875 0.109375
1 0.78359375 0.43203125 0.0546875 0.0984375
1 0.83671875 0.51640625 0.09453125 0.12578125
1 0.8421875 0.63359375 0.08359375 0.1203125
1 0.78203125 0.67734375 0.0796875 0.1421875
1 0.75625 0.6203125 0.07265625 0.15859375
1 0.71640625 0.5953125 0.0796875 0.13125
1 0.70390625 0.69375 0.06171875 0.0875
1 0.64375 0.63125 0.0875 0.13671875
1 0.57109375 0.715625 0.0796875 0.1421875
1 0.63671875 0.740625 0.07265625 0.10390625
1 0.590625 0.4453125 0.090625 0.12578125
1 0.66875 0.4453125 0.0875 0.12578125
1 0.72734375 0.46171875 0.05078125 0.11484375
1 0.67265625 0.53828125 0.07265625 0.06015625
1 0.54375 0.3390625 0.06875 0.1203125
1 0.5453125 0.42109375 0.05078125 0.0765625
1 0.51484375 0.5109375 0.090625 0.11484375
1 0.4984375 0.63125 0.0875 0.12578125
1 0.52890625 0.71015625 0.02578125 0.0875
1 0.57265625 0.5734375 0.08359375 0.13125