1 0.84453125 0.7140625 0.08828125 0.15390625
1 0.76484375 0.77109375 0.10703125 0.1328125
1 0.72109375 0.68125 0.08359375 0.16640625
1 0.6625 0.73515625 0.09765625 0.26484375
1 0.5578125 0.81171875 0.13046875 0.13671875
1 0.6140625 0.72890625 0.08359375 0.115625
1 0.490625 0.74140625 0.29296875 0.303125
1 0.53046875 0.5984375 0.2046875 0.1625
1 0.5140625 0.57890625 0.171875 0.2265625
1 0.346875 0.75 0.171875 0.3203125
1 0.16015625 0.71796875 0.27421875 0.1453125
1 0.23984375 0.74765625 0.2375 0.49609375
1 0.1328125 0.6453125 0.13515625 0.08515625
1 0.10234375 0.115625 0.2046875 0.221875
1 0.29765625 0.08515625 0.2421875 0.1625
1 0.70234375 0.29921875 0.5859375 0.5984375
1 0.41640625 0.378125 0.209375 0.43125