1 0.61953125 0.74296875 0.09453125 0.153125
1 0.6828125 0.62578125 0.11953125 0.16953125
1 0.66875 0.48125 0.08359375 0.13125
1 0.728125 0.39921875 0.08671875 0.3828125
1 0.73359375 0.0984375 0.07578125 0.196875
1 0.86953125 0.49765625 0.25390625 0.99453125
1 0.7625 0.89609375 0.23515625 0.196875
1 0.546875 0.76796875 0.08671875 0.14765625
1 0.4890625 0.78125 0.0796875 0.1421875
1 0.58359375 0.84453125 0.09453125 0.10390625
1 0.5453125 0.6171875 0.1125 0.153125
1 0.5203125 0.68046875 0.07578125 0.08203125
1 0.55234375 0.47578125 0.06875 0.109375
1 0.61015625 0.52421875 0.06171875 0.0984375
1 0.60703125 0.4453125 0.046875 0.08203125
1 0.45078125 0.55703125 0.07578125 0.1640625
1 0.490625 0.43203125 0.090625 0.153125
1 0.51484375 0.30078125 0.0578125 0.109375
1 0.57578125 0.33359375 0.0578125 0.1421875
1 0.6046875 0.25390625 0.08671875 0.14765625
1 0.671875 0.27890625 0.06875 0.109375
1 0.68984375 0.3828125 0.08359375 0.109375
1 0.61953125 0.36328125 0.05078125 0.09296875
1 0.5546875 0.2046875 0.0578125 0.08203125
1 0.6234375 0.10390625 0.08671875 0.0984375
1 0.659375 0.15 0.10859375 0.15859375
1 0.48203125 0.24296875 0.0796875 0.13671875
1 0.44921875 0.3390625 0.06484375 0.1203125
1 0.4671875 0.18046875 0.09453125 0.13125
1 0.50546875 0.06015625 0.09765625 0.1203125
1 0.4109375 0.0546875 0.090625 0.109375
1 0.40390625 0.14765625 0.08359375 0.13125
1 0.3515625 0.22109375 0.1015625 0.13671875
1 0.40390625 0.27578125 0.06171875 0.12578125
1 0.3984375 0.4046875 0.09453125 0.1421875
1 0.40390625 0.54921875 0.06171875 0.13671875
1 0.353125 0.63671875 0.090625 0.13671875
1 0.42421875 0.74609375 0.08671875 0.14765625
1 0.3734375 0.915625 0.0796875 0.12578125
1 0.296875 0.846875 0.115625 0.1859375
1 0.25703125 0.77890625 0.09453125 0.13671875
1 0.409375 0.89921875 0.09453125 0.19140625
1 0.06875 0.0625 0.1375 0.125
1 0.02265625 0.01328125 0.0390625 0.0265625
1 0.0453125 0.1171875 0.06875 0.09296875
1 0.125 0.15 0.07578125 0.14765625
1 0.046875 0.2078125 0.07265625 0.0765625
1 0.0796875 0.303125 0.08671875 0.15859375
1 0.17734375 0.26796875 0.08671875 0.1203125
1 0.13984375 0.3796875 0.08359375 0.09296875
1 0.134375 0.50546875 0.0796875 0.10390625
1 0.171875 0.5875 0.1125 0.15859375
1 0.12109375 0.69921875 0.08359375 0.1859375
1 0.17421875 0.76796875 0.0578125 0.06015625
1 0.025 0.646875 0.05 0.2125
1 0.025 0.8140625 0.05 0.13125
1 0.025 0.9390625 0.05 0.109375
1 0.259375 0.61484375 0.09765625 0.16953125
1 0.33515625 0.521875 0.07578125 0.12578125
1 0.29375 0.49453125 0.07265625 0.12578125
1 0.29921875 0.36875 0.08359375 0.13671875
1 0.24609375 0.33046875 0.10859375 0.15859375
1 0.225 0.459375 0.09453125 0.1203125
1 0.26484375 0.18828125 0.08671875 0.12578125
1 0.284375 0.0953125 0.08359375 0.13671875
1 0.29921875 0.0328125 0.14140625 0.065625