1 0.92734375 0.65078125 0.1375 0.5
1 0.94453125 0.30234375 0.103125 0.26015625
1 0.9671875 0.11953125 0.05703125 0.10390625
1 0.90859375 0.16171875 0.09921875 0.16640625
1 0.89296875 0.046875 0.15234375 0.09375
1 0.76328125 0.125 0.2140625 0.20859375
1 0.8 0.33046875 0.240625 0.22421875
1 0.784375 0.50546875 0.1640625 0.20859375
1 0.79765625 0.7265625 0.17578125 0.30703125
1 0.64921875 0.74453125 0.24453125 0.3125
1 0.80546875 0.890625 0.10703125 0.02109375
1 0.6125 0.87734375 0.11796875 0.03671875
1 0.58203125 0.60390625 0.225 0.26015625
1 0.5859375 0.40625 0.309375 0.26015625
1 0.63515625 0.22421875 0.103125 0.13515625
1 0.60859375 0.15625 0.13359375 0.26015625
1 0.75390625 0.02109375 0.14140625 0.04140625
1 0.6171875 0.01796875 0.16875 0.0359375
1 0.45234375 0.07265625 0.2171875 0.1453125
1 0.43671875 0.234375 0.2171875 0.25
1 0.32265625 0.46328125 0.21015625 0.27109375
1 0.40078125 0.74765625 0.190625 0.30703125
1 0.53828125 0.8359375 0.09140625 0.140625
1 0.21015625 0.73671875 0.17578125 0.24453125
1 0.3453125 0.8046875 0.18671875 0.19296875
1 0.225 0.86171875 0.1453125 0.06796875
1 0.08203125 0.8359375 0.1640625 0.11953125
1 0.09375 0.68984375 0.18671875 0.265625
1 0.17578125 0.68203125 0.10703125 0.11484375
1 0.04765625 0.51015625 0.0953125 0.34375
1 0.1734375 0.34296875 0.346875 0.4796875
1 0.259375 0.33359375 0.2140625 0.57265625
1 0.07421875 0.259375 0.1484375 0.1875
1 0.1296875 0.0859375 0.259375 0.171875
1 0.04765625 0.15859375 0.0953125 0.13046875
1 0.21953125 0.1015625 0.15625 0.203125
1 0.33046875 0.05234375 0.06484375 0.0625
1 0.49765625 0.44765625 0.9953125 0.8953125