1 0.4 0.49375 0.1265625 0.25
1 0.51484375 0.51484375 0.11640625 0.23203125
1 0.51640625 0.3125 0.10703125 0.20859375
1 0.49296875 0.11640625 0.13359375 0.23203125
1 0.4015625 0.27109375 0.13671875 0.23203125
1 0.3546875 0.19375 0.11640625 0.20859375
1 0.31640625 0.4703125 0.0734375 0.16640625
1 0.33359375 0.66640625 0.13984375 0.23828125
1 0.4734375 0.66640625 0.06015625 0.10703125
1 0.503125 0.753125 0.11328125 0.20859375
1 0.4015625 0.8484375 0.1234375 0.20859375
1 0.46015625 0.92265625 0.10703125 0.14296875
1 0.3296875 0.86015625 0.06640625 0.1609375
1 0.38203125 0.371875 0.08984375 0.07734375