1 0.61328125 0.3453125 0.05 0.071875
1 0.57109375 0.3375 0.034375 0.0875
1 0.58671875 0.396875 0.05 0.071875
1 0.534375 0.3375 0.03828125 0.04609375
1 0.534375 0.384375 0.05390625 0.0671875
1 0.5234375 0.4171875 0.04609375 0.0515625
1 0.51328125 0.29140625 0.05 0.07734375
1 0.48828125 0.3453125 0.04609375 0.06171875
1 0.4734375 0.39140625 0.05390625 0.06171875
1 0.434375 0.33984375 0.05390625 0.0828125
1 0.3984375 0.39140625 0.0578125 0.071875
1 0.44453125 0.4171875 0.065625 0.071875
1 0.4421875 0.46640625 0.05390625 0.05703125
1 0.40546875 0.45625 0.05 0.0671875
1 0.359375 0.425 0.065625 0.07734375
1 0.4484375 0.5203125 0.0578125 0.06171875
1 0.39609375 0.4921875 0.05390625 0.0671875
1 0.34609375 0.4796875 0.0765625 0.0515625
1 0.34453125 0.5234375 0.0578125 0.05703125
1 0.36953125 0.55703125 0.05390625 0.06171875
1 0.4234375 0.6109375 0.04609375 0.0671875
1 0.36328125 0.62109375 0.05 0.0671875
1 0.3734375 0.65234375 0.04609375 0.0359375
1 0.340625 0.6984375 0.0578125 0.07734375
1 0.31328125 0.62890625 0.0578125 0.09296875
1 0.309375 0.559375 0.05 0.0671875
1 0.5984375 0.27578125 0.45 0.5515625