1 0.39296875 0.5375 0.19140625 0.13359375
1 0.60234375 0.69765625 0.10234375 0.1421875
1 0.65546875 0.8046875 0.10234375 0.115625
1 0.6625 0.70703125 0.0796875 0.0625
1 0.76640625 0.80234375 0.06640625 0.04921875
1 0.821875 0.8890625 0.07109375 0.07109375
1 0.49140625 0.84921875 0.084375 0.0625
1 0.715625 0.56875 0.053125 0.04453125
1 0.6109375 0.59765625 0.10234375 0.06640625
1 0.87578125 0.6109375 0.23125 0.084375
1 0.75078125 0.44453125 0.07109375 0.0625
1 0.96640625 0.68671875 0.0578125 0.1203125
1 0.90859375 0.5109375 0.084375 0.12421875
1 0.93125 0.4265625 0.12890625 0.07109375
1 0.94921875 0.22421875 0.09296875 0.1203125
1 0.68203125 0.315625 0.1109375 0.0890625
1 0.6734375 0.23359375 0.1203125 0.1203125
1 0.6265625 0.19765625 0.0625 0.07578125
1 0.33125 0.284375 0.1734375 0.10703125
1 0.446875 0.221875 0.09296875 0.04453125
1 0.3578125 0.12421875 0.12890625 0.0625
1 0.31796875 0.15078125 0.07578125 0.07109375
1 0.1796875 0.31328125 0.06640625 0.07578125
1 0.2421875 0.29765625 0.06640625 0.0890625
1 0.30703125 0.4625 0.21328125 0.0796875
1 0.40234375 0.34453125 0.1640625 0.084375
1 0.584375 0.08203125 0.146875 0.06640625
1 0.26015625 0.5890625 0.07578125 0.0578125
1 0.50859375 0.5046875 0.9734375 0.9109375