1 0.5109375 0.31171875 0.25078125 0.328125
1 0.4109375 0.41015625 0.18203125 0.284375
1 0.47421875 0.565625 0.15625 0.23515625
1 0.6015625 0.7078125 0.1421875 0.15859375
1 0.5796875 0.80625 0.2796875 0.32265625
1 0.67109375 0.3140625 0.22890625 0.23515625
1 0.6421875 0.48671875 0.0546875 0.109375
1 0.59453125 0.521875 0.04765625 0.08203125
1 0.4890625 0.80078125 0.20703125 0.25703125
1 0.4671875 0.83359375 0.15625 0.21328125
1 0.4421875 0.87421875 0.14921875 0.240625
1 0.4203125 0.89609375 0.12734375 0.196875
1 0.43125 0.97578125 0.03984375 0.03828125
1 0.3578125 0.9015625 0.04765625 0.0765625
1 0.35625 0.9703125 0.05078125 0.04921875
1 0.31484375 0.93984375 0.04765625 0.0765625
1 0.3015625 0.8796875 0.0578125 0.0765625
1 0.3453125 0.84140625 0.04375 0.065625
1 0.234375 0.90703125 0.06171875 0.0765625
1 0.26015625 0.96171875 0.0546875 0.065625
1 0.19609375 0.95390625 0.065625 0.08203125
1 0.12734375 0.87734375 0.0796875 0.18046875
1 0.12578125 0.98671875 0.0765625 0.01640625
1 0.05234375 0.90625 0.1046875 0.175
1 0.59609375 0.1640625 0.0578125 0.065625
1 0.53125 0.1390625 0.04375 0.08203125
1 0.56171875 0.0953125 0.04765625 0.08203125
1 0.61015625 0.0296875 0.0515625 0.059375
1 0.5546875 0.02734375 0.03984375 0.0546875
1 0.5234375 0.0546875 0.02890625 0.0765625
1 0.2421875 0.2703125 0.2875 0.37734375
1 0.2421875 0.65859375 0.2875 0.42109375
1 0.0546875 0.7296875 0.109375 0.24609375
1 0.04921875 0.4125 0.0984375 0.36640625
1 0.11640625 0.11484375 0.2328125 0.2296875
1 0.37265625 0.09296875 0.2796875 0.1859375