1 0.9609375 0.8125 0.07109375 0.22734375
1 0.9328125 0.9125 0.0453125 0.0265625
1 0.91171875 0.878125 0.07890625 0.0953125
1 0.83359375 0.8015625 0.22109375 0.2484375
1 0.753125 0.878125 0.13515625 0.10546875
1 0.6125 0.87265625 0.190625 0.10546875
1 0.4609375 0.8125 0.2171875 0.22734375
1 0.275 0.86484375 0.14609375 0.121875
1 0.12578125 0.88125 0.15390625 0.08984375
1 0.0578125 0.7984375 0.115625 0.253125
1 0.15 0.73046875 0.15703125 0.21171875
1 0.3109375 0.66953125 0.1796875 0.290625
1 0.490625 0.690625 0.209375 0.23828125
1 0.48671875 0.51328125 0.16484375 0.12734375
1 0.66640625 0.725 0.17265625 0.20078125
1 0.8015625 0.66171875 0.12734375 0.1484375
1 0.925 0.6484375 0.1421875 0.20625
1 0.96796875 0.54765625 0.05625 0.1109375
1 0.8015625 0.50546875 0.15703125 0.17421875
1 0.71171875 0.55546875 0.05234375 0.0953125
1 0.65546875 0.5765625 0.16484375 0.1375
1 0.6046875 0.49453125 0.0859375 0.1640625
1 0.68359375 0.4203125 0.13125 0.18515625
1 0.73046875 0.2859375 0.1046875 0.21171875
1 0.87421875 0.34140625 0.24375 0.3546875
1 0.584375 0.25625 0.209375 0.33359375
1 0.49453125 0.4125 0.13515625 0.1484375
1 0.37265625 0.4921875 0.10859375 0.1375
1 0.284375 0.53671875 0.08203125 0.08984375
1 0.27734375 0.446875 0.08203125 0.121875
1 0.20625 0.39140625 0.08203125 0.10546875
1 0.21171875 0.52890625 0.1234375 0.15859375
1 0.075 0.61640625 0.15 0.13203125
1 0.06953125 0.45234375 0.13828125 0.2484375
1 0.16484375 0.309375 0.08984375 0.1109375
1 0.31484375 0.24375 0.2625 0.39140625
1 0.4640625 0.30703125 0.0453125 0.06328125
1 0.43984375 0.13984375 0.09375 0.22734375
1 0.48671875 0.16171875 0.05234375 0.13203125
1 0.47578125 0.084375 0.1421875 0.16875
1 0.54140625 0.05 0.04140625 0.0796875
1 0.615625 0.0578125 0.1375 0.115625
1 0.60859375 0.053125 0.0484375 0.06328125
1 0.640625 0.07109375 0.0375 0.04765625
1 0.68515625 0.1296875 0.05234375 0.06875
1 0.73203125 0.13984375 0.05625 0.1109375
1 0.88515625 0.0578125 0.1171875 0.115625
1 0.95859375 0.06328125 0.0296875 0.06328125
1 0.9609375 0.053125 0.07109375 0.10546875
1 0.9640625 0.15078125 0.06328125 0.10078125
1 0.88046875 0.1484375 0.1046875 0.053125
1 0.81640625 0.1109375 0.0375 0.07421875
1 0.790625 0.16171875 0.08203125 0.08984375
1 0.79375 0.08984375 0.0671875 0.084375
1 0.725 0.0421875 0.10078125 0.084375
1 0.79296875 0.03671875 0.0609375 0.0734375
1 0.6125 0.0453125 0.13125 0.08984375
1 0.29765625 0.06640625 0.1984375 0.13203125
1 0.15390625 0.21171875 0.075 0.084375
1 0.06328125 0.21875 0.1265625 0.365625
1 0.14453125 0.153125 0.09375 0.053125
1 0.12890625 0.0421875 0.0859375 0.084375
1 0.190625 0.0078125 0.05234375 0.015625
1 0.05078125 0.0453125 0.10078125 0.08984375
1 0.15 0.0765625 0.246875 0.153125
1 0.4984375 0.465625 0.99609375 0.93125