1 0.97109375 0.765625 0.05 0.19765625
1 0.91640625 0.86171875 0.16015625 0.078125
1 0.86640625 0.8359375 0.1984375 0.11953125
1 0.828125 0.78671875 0.18359375 0.15625
1 0.71015625 0.84921875 0.121875 0.09375
1 0.60703125 0.84921875 0.09140625 0.10390625
1 0.54375 0.8515625 0.05703125 0.09921875
1 0.4640625 0.73671875 0.2484375 0.31796875
1 0.29609375 0.75 0.20234375 0.29140625
1 0.1984375 0.8671875 0.1984375 0.05703125
1 0.14296875 0.68984375 0.14140625 0.34921875
1 0.0515625 0.70078125 0.103125 0.40078125
1 0.1734375 0.56484375 0.14140625 0.234375
1 0.35703125 0.59140625 0.2171875 0.25546875
1 0.71015625 0.69296875 0.2828125 0.22890625
1 0.8453125 0.52109375 0.3015625 0.375
1 0.8875 0.29140625 0.2171875 0.28125
1 0.94296875 0.23671875 0.10703125 0.15078125
1 0.946875 0.08359375 0.09921875 0.16640625
1 0.8109375 0.03671875 0.29375 0.07265625
1 0.7671875 0.17421875 0.17578125 0.171875
1 0.83984375 0.11953125 0.1296875 0.08359375
1 0.63203125 0.21875 0.240625 0.27109375
1 0.66640625 0.36953125 0.26328125 0.27109375
1 0.61640625 0.56796875 0.14140625 0.125
1 0.4671875 0.4921875 0.14140625 0.328125
1 0.35703125 0.4765625 0.14140625 0.21328125
1 0.21953125 0.45078125 0.13359375 0.19296875
1 0.2921875 0.25234375 0.14921875 0.36953125
1 0.48828125 0.18203125 0.2671875 0.3640625
1 0.65859375 0.05234375 0.0953125 0.10390625
1 0.53984375 0.03359375 0.1109375 0.0671875
1 0.4234375 0.125 0.16015625 0.23984375
1 0.3609375 0.1015625 0.1796875 0.203125
1 0.23671875 0.05234375 0.17578125 0.10390625
1 0.15859375 0.22421875 0.12578125 0.44765625
1 0.1109375 0.40625 0.10703125 0.11484375
1 0.0515625 0.5390625 0.103125 0.22421875
1 0.015625 0.38828125 0.03046875 0.13046875
1 0.04375 0.27109375 0.0875 0.09375
1 0.0609375 0.125 0.121875 0.25
1 0.1046875 0.046875 0.0421875 0.09375
1 0.0171875 0.15078125 0.034375 0.23984375
1 0.4984375 0.45078125 0.99609375 0.90078125