1 0.88046875 0.75859375 0.18359375 0.19375
1 0.85625 0.73125 0.10390625 0.1296875
1 0.79296875 0.79609375 0.11171875 0.22890625
1 0.73125 0.853125 0.17109375 0.09453125
1 0.071875 0.53203125 0.11171875 0.1296875
1 0.91640625 0.109375 0.10390625 0.06953125
1 0.90078125 0.1296875 0.0796875 0.0796875
1 0.92421875 0.1890625 0.0875 0.09921875
1 0.9265625 0.32109375 0.08359375 0.1640625
1 0.93046875 0.4203125 0.08359375 0.09453125
1 0.85859375 0.41015625 0.2109375 0.23359375
1 0.87421875 0.5796875 0.17890625 0.17421875
1 0.8828125 0.55 0.09140625 0.09453125
1 0.85625 0.51953125 0.21484375 0.12421875
1 0.7390625 0.40078125 0.09921875 0.14453125
1 0.5953125 0.30625 0.203125 0.15390625
1 0.5796875 0.1890625 0.08359375 0.06953125
1 0.65546875 0.196875 0.115625 0.1046875
1 0.725 0.22421875 0.05546875 0.109375
1 0.77265625 0.19140625 0.19921875 0.14453125
1 0.796875 0.25859375 0.11171875 0.09921875
1 0.4265625 0.1890625 0.12734375 0.11953125
1 0.22890625 0.7140625 0.346875 0.3828125
1 0.43203125 0.8609375 0.16328125 0.0796875
1 0.45625 0.78125 0.14765625 0.19921875
1 0.5375 0.74375 0.175 0.33359375
1 0.68359375 0.80859375 0.17890625 0.17421875
1 0.7171875 0.71171875 0.13515625 0.25859375
1 0.62734375 0.68671875 0.09921875 0.1390625
1 0.58984375 0.571875 0.12734375 0.159375
1 0.64140625 0.49765625 0.21484375 0.22890625
1 0.41015625 0.54453125 0.26328125 0.29375
1 0.478125 0.33046875 0.11171875 0.09453125
1 0.31640625 0.32578125 0.3625 0.15390625
1 0.2984375 0.19921875 0.1515625 0.09921875
1 0.0875 0.53515625 0.175 0.47265625
1 0.51171875 0.20625 0.0515625 0.06484375
1 0.51171875 0.1140625 0.15546875 0.109375
1 0.5734375 0.07734375 0.0875 0.14453125
1 0.615625 0.07734375 0.028125 0.03515625
1 0.69921875 0.07734375 0.15546875 0.14453125
1 0.8765625 0.13671875 0.2390625 0.15390625
1 0.28515625 0.66171875 0.22734375 0.27890625
1 0.22109375 0.46484375 0.16328125 0.15390625
1 0.33828125 0.41796875 0.12734375 0.09921875