1 0.23515625 0.571875 0.31640625 0.33984375
1 0.21015625 0.5640625 0.38984375 0.14921875
1 0.15078125 0.69296875 0.20078125 0.2734375
1 0.271875 0.78828125 0.14296875 0.28828125
1 0.359375 0.865625 0.1234375 0.2578125
1 0.4359375 0.8375 0.17734375 0.30390625
1 0.51171875 0.7375 0.196875 0.1859375
1 0.57890625 0.78359375 0.115625 0.42265625
1 0.7046875 0.86328125 0.1734375 0.2625
1 0.73515625 0.76796875 0.25859375 0.2578125
1 0.80078125 0.9171875 0.08125 0.11328125
1 0.7859375 0.64921875 0.065625 0.1234375
1 0.8375 0.678125 0.1234375 0.16015625
1 0.859375 0.79609375 0.0734375 0.07734375
1 0.878125 0.515625 0.10390625 0.24765625
1 0.9265625 0.7375 0.1390625 0.33984375
1 0.9328125 0.571875 0.0421875 0.071875
1 0.9328125 0.45390625 0.0578125 0.06171875
1 0.9171875 0.36875 0.08125 0.16015625
1 0.7453125 0.46171875 0.2390625 0.325
1 0.87265625 0.31171875 0.115625 0.18046875
1 0.65234375 0.559375 0.22421875 0.29375
1 0.56171875 0.56171875 0.0578125 0.0828125
1 0.41328125 0.48984375 0.2390625 0.16484375
1 0.24140625 0.38125 0.18125 0.16484375
1 0.4015625 0.3765625 0.20859375 0.09296875
1 0.5421875 0.44609375 0.228125 0.10859375
1 0.60390625 0.3375 0.2046875 0.1390625
1 0.68359375 0.2421875 0.23203125 0.1234375
1 0.79765625 0.20078125 0.12734375 0.19609375
1 0.8265625 0.2375 0.06953125 0.1546875
1 0.67734375 0.115625 0.12734375 0.16015625
1 0.55390625 0.134375 0.12734375 0.26796875
1 0.6078125 0.1109375 0.08125 0.14921875
1 0.46328125 0.21640625 0.20078125 0.2265625
1 0.484375 0.234375 0.15078125 0.0875
1 0.4359375 0.06953125 0.1625 0.09765625
1 0.44375 0.04140625 0.19296875 0.0828125
1 0.359375 0.04609375 0.115625 0.0921875
1 0.3046875 0.19296875 0.1390625 0.325
1 0.3375 0.265625 0.0734375 0.14921875
1 0.25078125 0.175 0.1390625 0.278125
1 0.12578125 0.3171875 0.1734375 0.30390625
1 0.034375 0.325 0.06875 0.134375