1 0.7328125 0.80703125 0.196875 0.3171875
1 0.90390625 0.85625 0.184375 0.2671875
1 0.96796875 0.96796875 0.05625 0.0546875
1 0.59609375 0.78203125 0.253125 0.42578125
1 0.48203125 0.79453125 0.26484375 0.40078125
1 0.46953125 0.1140625 0.1125 0.13828125
1 0.92578125 0.15625 0.140625 0.31171875
1 0.33515625 0.13828125 0.1890625 0.13828125
1 0.02421875 0.32890625 0.0484375 0.22265625
1 0.04609375 0.0421875 0.0921875 0.084375
1 0.11640625 0.14609375 0.2328125 0.2921875
1 0.06640625 0.225 0.10859375 0.13359375
1 0.27734375 0.296875 0.36171875 0.1484375
1 0.5 0.41328125 0.1890625 0.19296875
1 0.66484375 0.3734375 0.12421875 0.07421875
1 0.87734375 0.32421875 0.11640625 0.034375
1 0.53984375 0.4953125 0.1484375 0.19765625
1 0.421875 0.56171875 0.08828125 0.10390625
1 0.39140625 0.51484375 0.04453125 0.059375
1 0.365625 0.47265625 0.0640625 0.0546875
1 0.415625 0.03984375 0.0921875 0.07890625
1 0.359375 0.81953125 0.12421875 0.1234375
1 0.26328125 0.69765625 0.084375 0.0890625
1 0.309375 0.64140625 0.08046875 0.0640625
1 0.34921875 0.72734375 0.05625 0.09921875
1 0.33515625 0.91796875 0.10859375 0.0546875
1 0.34375 0.9578125 0.1328125 0.07421875
1 0.184375 0.7875 0.08046875 0.07890625
1 0.15234375 0.7625 0.0640625 0.059375
1 0.2609375 0.8046875 0.08046875 0.10390625
1 0.0703125 0.83671875 0.140625 0.3171875
1 0.2390625 0.86640625 0.253125 0.2578125
1 0.3875 0.92578125 0.16484375 0.13828125
1 0.796875 0.57890625 0.06015625 0.04921875
1 0.84921875 0.58203125 0.04453125 0.0546875
1 0.88125 0.559375 0.04453125 0.059375
1 0.9078125 0.58203125 0.03203125 0.034375
1 0.89921875 0.6015625 0.0484375 0.034375
1 0.86171875 0.6140625 0.028125 0.01953125
1 0.95 0.59921875 0.04453125 0.03984375
1 0.96171875 0.57421875 0.0359375 0.03984375
1 0.95390625 0.53984375 0.04453125 0.04921875
1 0.93984375 0.48984375 0.0484375 0.059375
1 0.98203125 0.4921875 0.028125 0.0546875
1 0.91171875 0.475 0.03984375 0.06953125
1 0.91953125 0.54453125 0.03203125 0.059375
1 0.88984375 0.51484375 0.028125 0.0296875
1 0.86171875 0.4875 0.04453125 0.04453125
1 0.96171875 0.45078125 0.0359375 0.04921875
1 0.9859375 0.4453125 0.0203125 0.0296875
1 0.9859375 0.4109375 0.0203125 0.01953125
1 0.95 0.4109375 0.0359375 0.059375
1 0.91796875 0.36640625 0.04453125 0.04921875
1 0.9015625 0.38359375 0.0359375 0.04453125
1 0.915625 0.428125 0.03984375 0.0546875
1 0.8671875 0.44296875 0.0484375 0.034375
1 0.871875 0.40859375 0.03203125 0.025
1 0.859375 0.37890625 0.03984375 0.04453125
1 0.83359375 0.3765625 0.028125 0.03984375
1 0.83515625 0.4234375 0.03984375 0.04453125
1 0.83515625 0.453125 0.03203125 0.034375
1 0.82734375 0.51953125 0.0484375 0.06953125
1 0.796875 0.53203125 0.0359375 0.04453125
1 0.80703125 0.48984375 0.03984375 0.04921875
1 0.8015625 0.453125 0.0359375 0.04453125
1 0.79140625 0.41328125 0.05625 0.0640625
1 0.74921875 0.42578125 0.0359375 0.03984375
1 0.7734375 0.3859375 0.0359375 0.03984375
1 0.7265625 0.40078125 0.03984375 0.03984375
1 0.7171875 0.4359375 0.04453125 0.03984375
1 0.6765625 0.453125 0.04453125 0.0546875
1 0.65078125 0.4625 0.03984375 0.0640625
1 0.6265625 0.45078125 0.03203125 0.059375
1 0.65625 0.52265625 0.05234375 0.0640625
1 0.6828125 0.5546875 0.03203125 0.03984375
1 0.7046875 0.52734375 0.0359375 0.0546875
1 0.74296875 0.5 0.03984375 0.03984375
1 0.75703125 0.4703125 0.05234375 0.059375
1 0.75078125 0.54921875 0.0484375 0.059375
1 0.16640625 0.51640625 0.3328125 0.1234375
1 0.1328125 0.59921875 0.26484375 0.06953125
1 0.6828125 0.153125 0.37734375 0.16796875