1 0.3796875 0.5890625 0.18203125 0.15546875
1 0.33359375 0.72421875 0.21328125 0.178125
1 0.4640625 0.684375 0.0578125 0.10703125
1 0.46875 0.7625 0.0578125 0.07578125
1 0.4265625 0.88203125 0.1421875 0.20859375
1 0.24921875 0.89296875 0.221875 0.2046875
1 0.2046875 0.69140625 0.16875 0.19140625
1 0.07109375 0.75546875 0.1421875 0.115625
1 0.09765625 0.87109375 0.178125 0.1953125
1 0.63984375 0.6359375 0.23125 0.23984375
1 0.69296875 0.8359375 0.221875 0.23125
1 0.82421875 0.18671875 0.3421875 0.3734375
1 0.91796875 0.43984375 0.15546875 0.221875
1 0.878125 0.653125 0.20859375 0.21328125
1 0.90234375 0.83359375 0.18671875 0.21796875
1 0.76640625 0.48203125 0.2265625 0.21796875
1 0.6421875 0.3203125 0.19140625 0.178125
1 0.55078125 0.5 0.09765625 0.2359375
1 0.59296875 0.1625 0.18203125 0.2
1 0.52890625 0.29296875 0.053125 0.16015625
1 0.62109375 0.05078125 0.2140625 0.1015625
1 0.321875 0.29765625 0.04921875 0.04453125
1 0.3359375 0.33984375 0.03984375 0.03984375
1 0.34921875 0.37109375 0.03984375 0.03125
1 0.346875 0.253125 0.04453125 0.04453125
1 0.3421875 0.21796875 0.0265625 0.0359375
1 0.34921875 0.1640625 0.03984375 0.053125
1 0.36015625 0.11796875 0.0359375 0.03984375
1 0.315625 0.10859375 0.0359375 0.03984375
1 0.30703125 0.06875 0.0359375 0.03984375
1 0.315625 0.153125 0.0359375 0.03125
1 0.30703125 0.19140625 0.04453125 0.04453125
1 0.30234375 0.2359375 0.0359375 0.04453125
1 0.2421875 0.0421875 0.03125 0.04921875
1 0.23125 0.078125 0.053125 0.04921875
1 0.215625 0.121875 0.04921875 0.04921875
1 0.19765625 0.17109375 0.03984375 0.04921875
1 0.17578125 0.23984375 0.04921875 0.04453125
1 0.16875 0.29765625 0.0359375 0.04453125
1 0.253125 0.21328125 0.0359375 0.04453125
1 0.2421875 0.26640625 0.03984375 0.04453125
1 0.23984375 0.29765625 0.04453125 0.04453125
1 0.21796875 0.3359375 0.04453125 0.03984375
1 0.2265625 0.3640625 0.04453125 0.053125
1 0.2109375 0.3890625 0.03125 0.0578125
1 0.22890625 0.42421875 0.0578125 0.0578125
1 0.22890625 0.46015625 0.03125 0.03125
1 0.0203125 0.19765625 0.03984375 0.04921875
1 0.0046875 0.26875 0.00859375 0.03984375
1 0.0046875 0.3046875 0.00859375 0.03125
1 0.00703125 0.346875 0.01328125 0.0359375
1 0.053125 0.015625 0.0265625 0.021875
1 0.578125 0.84921875 0.1421875 0.29296875