1 0.52890625 0.87578125 0.16640625 0.234375
1 0.40078125 0.88984375 0.1234375 0.20703125
1 0.3734375 0.803125 0.14921875 0.3796875
1 0.1921875 0.9140625 0.1265625 0.15859375
1 0.05859375 0.13359375 0.1171875 0.2265625
1 0.046875 0.06171875 0.09375 0.1234375
1 0.04609375 0.24453125 0.0921875 0.14453125
1 0.22109375 0.2859375 0.18984375 0.103125
1 0.21015625 0.12421875 0.14921875 0.2484375
1 0.3359375 0.1 0.09765625 0.2
1 0.4265625 0.09296875 0.10078125 0.1859375
1 0.5359375 0.7203125 0.03125 0.06171875
1 0.5359375 0.534375 0.0203125 0.06171875
1 0.60625 0.42734375 0.02890625 0.06875
1 0.51171875 0.42421875 0.02890625 0.08984375
1 0.4984375 0.2796875 0.02578125 0.0484375
1 0.46953125 0.2796875 0.03125 0.07578125
1 0.446875 0.32734375 0.03125 0.07578125
1 0.4640625 0.3828125 0.02578125 0.06171875
1 0.45703125 0.46171875 0.02265625 0.06875
1 0.45234375 0.596875 0.02578125 0.06171875
1 0.44140625 0.63828125 0.0203125 0.06171875
1 0.4265625 0.534375 0.02578125 0.0484375
1 0.4328125 0.4828125 0.02578125 0.06875
1 0.43671875 0.4140625 0.034375 0.06875
1 0.41953125 0.34453125 0.02265625 0.06875
1 0.43125 0.27265625 0.02265625 0.0484375
1 0.40390625 0.2859375 0.02578125 0.08984375
1 0.25 0.46171875 0.02890625 0.096875
1 0.27578125 0.5203125 0.02265625 0.06171875
1 0.3 0.54140625 0.0203125 0.0484375
1 0.30625 0.5859375 0.0203125 0.04140625
1 0.32890625 0.5515625 0.03125 0.05546875
1 0.33203125 0.61015625 0.02578125 0.06171875
1 0.3578125 0.596875 0.0203125 0.0484375
1 0.371875 0.56875 0.02578125 0.0484375
1 0.40625 0.5828125 0.04296875 0.103125
1 0.3546875 0.52734375 0.03125 0.07578125
1 0.3734375 0.5140625 0.02890625 0.0484375
1 0.3796875 0.46171875 0.02890625 0.06875
1 0.4078125 0.46875 0.02265625 0.0828125
1 0.38671875 0.396875 0.02578125 0.0484375
1 0.3921875 0.35859375 0.0203125 0.04140625
1 0.3734375 0.35546875 0.02265625 0.06171875
1 0.375 0.2828125 0.0203125 0.06875
1 0.38046875 0.20703125 0.0203125 0.06875
1 0.3890625 0.15859375 0.0203125 0.05546875
1 0.3546875 0.22421875 0.02578125 0.0484375
1 0.33046875 0.2 0.02265625 0.05546875
1 0.303125 0.16875 0.02578125 0.06171875
1 0.33203125 0.2515625 0.02578125 0.06171875
1 0.353125 0.265625 0.0171875 0.034375
1 0.3546875 0.3171875 0.02578125 0.06875
1 0.33359375 0.3171875 0.02265625 0.05546875
1 0.3390625 0.4203125 0.02890625 0.0828125
1 0.359375 0.38984375 0.02890625 0.08984375
1 0.35078125 0.465625 0.02890625 0.06171875
1 0.3234375 0.4484375 0.03125 0.06875
1 0.3203125 0.36171875 0.03125 0.07578125
1 0.29453125 0.38984375 0.02578125 0.07578125
1 0.2828125 0.33125 0.02578125 0.05546875
1 0.29921875 0.4484375 0.02265625 0.04140625
1 0.2875 0.4796875 0.0171875 0.0484375
1 0.31328125 0.4828125 0.034375 0.05546875
1 0.04453125 0.76171875 0.0890625 0.25546875
1 0.15078125 0.78984375 0.21015625 0.2140625
1 0.0890625 0.8484375 0.0515625 0.165625
1 0.175 0.74140625 0.21875 0.15859375
1 0.13359375 0.77265625 0.18125 0.0828125
1 0.18125 0.75546875 0.18359375 0.06171875
1 0.13203125 0.70703125 0.11484375 0.06171875
1 0.23125 0.67265625 0.10625 0.06171875
1 0.05625 0.6203125 0.10625 0.11015625
1 0.0875 0.67578125 0.146875 0.096875
1 0.0671875 0.57265625 0.10625 0.1796875
1 0.071875 0.4796875 0.14375 0.15859375
1 0.0734375 0.47265625 0.146875 0.296875
1 0.13203125 0.55859375 0.14921875 0.06875
1 0.19140625 0.46171875 0.0890625 0.096875
1 0.2125 0.4515625 0.09765625 0.17265625
1 0.18125 0.46875 0.06328125 0.13828125
1 0.2484375 0.565625 0.09453125 0.05546875
1 0.253125 0.6140625 0.08046875 0.04140625