1 0.8890625 0.8125 0.2140625 0.16640625
1 0.83984375 0.40078125 0.31328125 0.67734375
1 0.87734375 0.06484375 0.2359375 0.1296875
1 0.6109375 0.140625 0.28984375 0.28125
1 0.51328125 0.48671875 0.3703125 0.484375
1 0.55703125 0.81015625 0.35859375 0.18203125
1 0.725 0.78359375 0.15234375 0.24453125
1 0.33359375 0.79921875 0.2171875 0.203125
1 0.1640625 0.59609375 0.328125 0.49453125
1 0.2828125 0.2109375 0.38203125 0.421875
1 0.06328125 0.3359375 0.12578125 0.43203125
1 0.04375 0.06015625 0.0875 0.11953125
1 0.02265625 0.840625 0.0453125 0.109375
1 0.1390625 0.875 0.18671875 0.0625
1 0.4984375 0.45078125 0.99609375 0.90078125