1 0.13203125 0.67890625 0.03671875 0.059375
1 0.03515625 0.121875 0.03671875 0.065625
1 0.1953125 0.0390625 0.05 0.07734375
1 0.24765625 0.04140625 0.0578125 0.0828125
1 0.175 0.059375 0.0234375 0.07109375
1 0.03203125 0.36640625 0.05703125 0.1015625
1 0.6734375 0.2828125 0.16640625 0.5296875
1 0.5484375 0.23203125 0.08984375 0.309375
1 0.575 0.42578125 0.05 0.0890625
1 0.5796875 0.559375 0.0265625 0.1546875
1 0.521875 0.67265625 0.04296875 0.04765625
1 0.49296875 0.7765625 0.046875 0.07734375
1 0.46171875 0.8421875 0.04296875 0.07734375
1 0.43984375 0.121875 0.11328125 0.2203125
1 0.4265625 0.3125 0.08671875 0.23203125
1 0.38984375 0.43125 0.1 0.1609375