1 0.82578125 0.7953125 0.1328125 0.2578125
1 0.92578125 0.84296875 0.07890625 0.13828125
1 0.9046875 0.7546875 0.04453125 0.06328125
1 0.734375 0.7859375 0.06953125 0.13828125
1 0.70078125 0.81484375 0.09140625 0.18203125
1 0.6171875 0.84921875 0.0953125 0.17578125
1 0.59296875 0.7390625 0.1296875 0.2453125
1 0.66796875 0.62578125 0.06328125 0.2328125
1 0.615625 0.559375 0.07890625 0.15078125
1 0.69609375 0.45625 0.07578125 0.18203125
1 0.7703125 0.41796875 0.07265625 0.11953125
1 0.51875 0.83984375 0.06953125 0.15703125
1 0.42421875 0.8078125 0.29140625 0.2453125
1 0.4046875 0.7859375 0.234375 0.33984375
1 0.525 0.540625 0.1078125 0.2640625
1 0.39375 0.37734375 0.25625 0.57890625
1 0.49375 0.2421875 0.1203125 0.34609375
1 0.3828125 0.509375 0.0953125 0.16328125
1 0.3578125 0.7140625 0.18359375 0.2828125
1 0.29921875 0.51875 0.08515625 0.13203125
1 0.2234375 0.490625 0.08515625 0.13828125
1 0.31328125 0.43671875 0.1203125 0.13203125
1 0.2640625 0.33359375 0.1171875 0.17578125
1 0.146875 0.63515625 0.275 0.31484375
1 0.17734375 0.7421875 0.08203125 0.13828125
1 0.20703125 0.85234375 0.0984375 0.1953125
1 0.29453125 0.82421875 0.07578125 0.16328125
1 0.2421875 0.7453125 0.04765625 0.10703125
1 0.1328125 0.84296875 0.07578125 0.12578125
1 0.1234375 0.7484375 0.03828125 0.06328125
1 0.07734375 0.81484375 0.07890625 0.13203125
1 0.7203125 0.57265625 0.04765625 0.10078125
1 0.7484375 0.515625 0.06015625 0.07578125
1 0.80234375 0.48125 0.04140625 0.10703125
1 0.78984375 0.58203125 0.04140625 0.10703125
1 0.7578125 0.63203125 0.028125 0.10703125
1 0.71484375 0.66328125 0.05078125 0.09453125
1 0.7484375 0.67890625 0.04765625 0.10078125
1 0.78984375 0.66640625 0.021875 0.06328125
1 0.81640625 0.63203125 0.04453125 0.09453125
1 0.83203125 0.546875 0.05078125 0.10078125
1 0.85 0.509375 0.028125 0.05
1 0.8671875 0.56640625 0.01875 0.05
1 0.890625 0.60078125 0.03515625 0.04375
1 0.896875 0.66328125 0.04140625 0.06953125
1 0.92265625 0.66953125 0.04140625 0.09453125
1 0.91015625 0.7328125 0.04140625 0.05625
1 0.8734375 0.7015625 0.03828125 0.06953125
1 0.8546875 0.64140625 0.03828125 0.08828125
1 0.6140625 0.41796875 0.08828125 0.2703125
1 0.596875 0.453125 0.05390625 0.13828125
1 0.67734375 0.39296875 0.05703125 0.2078125