1 0.62265625 0.16953125 0.4546875 0.3390625
1 0.9046875 0.2296875 0.18046875 0.13515625
1 0.90703125 0.1078125 0.175 0.1625
1 0.8328125 0.04609375 0.12890625 0.06953125
1 0.95859375 0.0234375 0.071875 0.04609375
1 0.68046875 0.0078125 0.52578125 0.015625
1 0.346875 0.0421875 0.221875 0.084375
1 0.21640625 0.16015625 0.39140625 0.28203125
1 0.75 0.43046875 0.48984375 0.359375
1 0.9796875 0.51171875 0.03125 0.12734375
1 0.265625 0.35546875 0.45859375 0.31640625
1 0.1546875 0.5484375 0.14453125 0.1390625
1 0.31953125 0.65234375 0.37109375 0.2859375
1 0.54375 0.65859375 0.11875 0.096875
1 0.6390625 0.63359375 0.09296875 0.07734375
1 0.7296875 0.6734375 0.11875 0.11171875
1 0.91015625 0.6875 0.1703125 0.23203125
1 0.690625 0.86328125 0.24765625 0.26640625
1 0.5125 0.7546875 0.12890625 0.096875
1 0.353125 0.81484375 0.0359375 0.03125
1 0.3609375 0.8375 0.03125 0.03125
1 0.49453125 0.90703125 0.06171875 0.04609375
1 0.29375 0.86484375 0.03125 0.03125
1 0.20390625 0.8046875 0.0359375 0.034375
1 0.365625 0.98828125 0.0515625 0.015625
1 0.26015625 0.965625 0.04609375 0.03125
1 0.22421875 0.959375 0.0359375 0.034375
1 0.21875 0.98828125 0.04609375 0.015625
1 0.1828125 0.934375 0.0359375 0.03828125
1 0.1671875 0.95546875 0.02578125 0.02734375
1 0.1109375 0.9171875 0.04609375 0.034375
1 0.11875 0.88046875 0.0515625 0.05390625
1 0.09765625 0.82265625 0.06171875 0.1
1 0.05390625 0.77421875 0.0359375 0.034375
1 0.03125 0.7859375 0.06171875 0.15078125
1 0.059375 0.73515625 0.02578125 0.02734375
1 0.05390625 0.7046875 0.02578125 0.02734375
1 0.028125 0.40234375 0.05625 0.5140625
1 0.928125 0.31484375 0.134375 0.12734375