1 0.81875 0.7328125 0.32109375 0.46640625
1 0.5125 0.71171875 0.325 0.4421875
1 0.18515625 0.61796875 0.3125 0.3796875
1 0.19765625 0.334375 0.38671875 0.2640625
1 0.54921875 0.35546875 0.34140625 0.3265625
1 0.85625 0.34375 0.2796875 0.3703125
1 0.06796875 0.04296875 0.1359375 0.0859375
1 0.2953125 0.1078125 0.2875 0.215625
1 0.6234375 0.0984375 0.325 0.196875
1 0.8828125 0.053125 0.2265625 0.10546875
1 0.0390625 0.58203125 0.078125 0.33671875
1 0.14375 0.9015625 0.2796875 0.1875
1 0.415625 0.93984375 0.271875 0.1109375
1 0.72421875 0.96171875 0.18125 0.0671875
1 0.98984375 0.91796875 0.0125 0.15390625