1 0.8265625 0.7703125 0.24609375 0.23203125
1 0.97890625 0.81171875 0.034375 0.1390625
1 0.9265625 0.60078125 0.13828125 0.30390625
1 0.9 0.20859375 0.1921875 0.4171875
1 0.80390625 0.2703125 0.184375 0.29375
1 0.77109375 0.51015625 0.20390625 0.26796875
1 0.5765625 0.69296875 0.2234375 0.3140625
1 0.590625 0.865625 0.15 0.0515625
1 0.3578125 0.72421875 0.215625 0.325
1 0.459375 0.48984375 0.234375 0.31953125
1 0.64453125 0.3171875 0.19609375 0.3140625
1 0.5171875 0.2140625 0.19609375 0.2421875
1 0.575 0.059375 0.1734375 0.11875
1 0.72890625 0.0515625 0.15 0.103125
1 0.3734375 0.075 0.184375 0.14921875
1 0.22890625 0.12890625 0.21171875 0.2265625
1 0.29453125 0.2859375 0.2421875 0.3140625
1 0.09609375 0.35859375 0.1921875 0.2734375
1 0.23828125 0.5234375 0.2234375 0.25234375
1 0.1265625 0.75703125 0.253125 0.2671875