1 0.08671875 0.42109375 0.090625 0.28046875
1 0.21953125 0.30703125 0.184375 0.33359375
1 0.0203125 0.4296875 0.040625 0.17578125
1 0.01484375 0.653125 0.0296875 0.32421875
1 0.11171875 0.771875 0.06328125 0.26328125
1 0.096875 0.0484375 0.05234375 0.096875
1 0.1078125 0.184375 0.03828125 0.228125
1 0.08203125 0.16640625 0.02265625 0.1578125
1 0.13828125 0.18828125 0.13203125 0.23671875
1 0.2671875 0.10078125 0.20234375 0.184375
1 0.21875 0.07421875 0.184375 0.1484375
1 0.26953125 0.4953125 0.175 0.4296875
1 0.24765625 0.86875 0.22734375 0.2453125
1 0.11796875 0.9515625 0.040625 0.07890625
1 0.08046875 0.91640625 0.05234375 0.14921875
1 0.39765625 0.859375 0.08203125 0.26328125
1 0.3671875 0.95625 0.0296875 0.0703125
1 0.46953125 0.85546875 0.075 0.271875
1 0.3921875 0.4515625 0.175 0.728125
1 0.50234375 0.32421875 0.1453125 0.42109375
1 0.596875 0.0703125 0.275 0.140625
1 0.653125 0.35546875 0.0796875 0.4296875
1 0.6078125 0.2234375 0.0703125 0.16640625
1 0.8796875 0.07421875 0.084375 0.1484375
1 0.9546875 0.12265625 0.08671875 0.21015625
1 0.98203125 0.53515625 0.03203125 0.56171875
1 0.96328125 0.8640625 0.06796875 0.2546875
1 0.6625 0.79375 0.065625 0.30703125
1 0.6875 0.934375 0.0703125 0.1140625
1 0.61484375 0.73671875 0.084375 0.4734375
1 0.565625 0.640625 0.16796875 0.21015625
1 0.56796875 0.8375 0.18203125 0.30703125