1 0.09453125 0.26796875 0.07265625 0.1203125
1 0.1765625 0.4890625 0.2 0.39921875
1 0.09609375 0.69375 0.1203125 0.153125
1 0.234375 0.63359375 0.1125 0.1859375
1 0.265625 0.28671875 0.05078125 0.08203125
1 0.28203125 0.10078125 0.02578125 0.06015625
1 0.22890625 0.0296875 0.1453125 0.059375
1 0.41015625 0.0625 0.1015625 0.125
1 0.33984375 0.06796875 0.08359375 0.10390625
1 0.521875 0.05703125 0.0546875 0.08203125
1 0.59453125 0.0625 0.0765625 0.11484375
1 0.65234375 0.04921875 0.06875 0.0875
1 0.665625 0.03515625 0.0875 0.0703125
1 0.73671875 0.01640625 0.04765625 0.0328125
1 0.76171875 0.03828125 0.06171875 0.0765625
1 0.79609375 0.0875 0.07265625 0.0984375
1 0.81796875 0.021875 0.03671875 0.04375
1 0.85390625 0.0296875 0.0578125 0.059375
1 0.8984375 0.06796875 0.0796875 0.08203125
1 0.93046875 0.02421875 0.0953125 0.0484375
1 0.96875 0.065625 0.0546875 0.13125
1 0.97109375 0.16953125 0.05078125 0.109375
1 0.91640625 0.14765625 0.07265625 0.109375
1 0.934375 0.24296875 0.0875 0.10390625
1 0.9765625 0.36640625 0.03984375 0.13125
1 0.94921875 0.41796875 0.05078125 0.09296875
1 0.978125 0.4703125 0.03671875 0.0984375
1 0.94375 0.5078125 0.0765625 0.0875
1 0.9453125 0.5984375 0.07265625 0.11484375
1 0.89609375 0.65 0.06875 0.0875
1 0.96171875 0.69921875 0.06875 0.109375
1 0.965625 0.7953125 0.06171875 0.09296875
1 0.9765625 0.86875 0.03984375 0.0765625
1 0.834375 0.8578125 0.06875 0.0984375
1 0.8765625 0.9125 0.09453125 0.0875
1 0.9125 0.7625 0.07265625 0.11484375
1 0.84765625 0.71015625 0.0875 0.0984375
1 0.8203125 0.60078125 0.090625 0.13125
1 0.85625 0.540625 0.08359375 0.109375
1 0.8671875 0.45078125 0.0546875 0.10390625
1 0.81484375 0.4703125 0.0796875 0.1203125
1 0.85625 0.3609375 0.04765625 0.0984375
1 0.8984375 0.4265625 0.0578125 0.0765625
1 0.9125 0.35 0.0796875 0.0765625
1 0.87421875 0.27578125 0.04765625 0.07109375
1 0.80703125 0.37421875 0.07265625 0.11484375
1 0.834375 0.18828125 0.0984375 0.18046875
1 0.76171875 0.18828125 0.06171875 0.10390625
1 0.73671875 0.25703125 0.06171875 0.109375
1 0.74921875 0.3390625 0.065625 0.109375
1 0.7109375 0.19140625 0.04765625 0.0875
1 0.6796875 0.10078125 0.0578125 0.10390625
1 0.73828125 0.0984375 0.05078125 0.109375
1 0.6546875 0.16953125 0.065625 0.1203125
1 0.590625 0.15 0.06171875 0.08203125
1 0.54375 0.12265625 0.0546875 0.11484375
1 0.49609375 0.153125 0.06171875 0.0765625
1 0.46015625 0.0328125 0.0546875 0.065625
1 0.00390625 0.69921875 0.00703125 0.065625
1 0.0109375 0.77890625 0.021875 0.10390625
1 0.0421875 0.7734375 0.04765625 0.09296875
1 0.09453125 0.77578125 0.0578125 0.0765625
1 0.0875 0.8609375 0.07265625 0.08203125
1 0.07265625 0.95078125 0.07265625 0.0875
1 0.13984375 0.95078125 0.06875 0.0875
1 0.02890625 0.87421875 0.0578125 0.0875
1 0.17421875 0.71328125 0.05078125 0.03828125
1 0.1984375 0.74296875 0.08359375 0.065625
1 0.27265625 0.76796875 0.0796875 0.10390625
1 0.3109375 0.69375 0.0765625 0.1421875
1 0.334375 0.58203125 0.0796875 0.09296875
1 0.3328125 0.49765625 0.04765625 0.0765625
1 0.30703125 0.46171875 0.04765625 0.07109375
1 0.31484375 0.346875 0.06875 0.11484375
1 0.378125 0.346875 0.065625 0.09296875
1 0.3421875 0.40703125 0.05078125 0.04921875
1 0.378125 0.46171875 0.03671875 0.09296875
1 0.43125 0.47578125 0.0765625 0.1203125
1 0.42734375 0.3796875 0.04765625 0.04921875
1 0.478125 0.41796875 0.06171875 0.11484375
1 0.53984375 0.3828125 0.06875 0.0875
1 0.53828125 0.47578125 0.0578125 0.0875
1 0.4125 0.565625 0.06875 0.09296875
1 0.4015625 0.7265625 0.134375 0.1859375
1 0.321875 0.80625 0.06171875 0.07109375
1 0.32734375 0.88828125 0.07265625 0.09296875
1 0.19453125 0.8578125 0.1125 0.109375
1 0.28359375 0.90703125 0.0875 0.175
1 0.3546875 0.95078125 0.06875 0.0875
1 0.41484375 0.97265625 0.065625 0.04375
1 0.4796875 0.96484375 0.07265625 0.06015625
1 0.4546875 0.8796875 0.0578125 0.13125
1 0.4 0.8828125 0.065625 0.09296875
1 0.48359375 0.7953125 0.07265625 0.07109375
1 0.49453125 0.7046875 0.065625 0.109375
1 0.65078125 0.9703125 0.065625 0.04921875
1 0.66015625 0.89375 0.06171875 0.10390625
1 0.72890625 0.8578125 0.06171875 0.109375
1 0.69453125 0.77578125 0.07265625 0.0984375
1 0.74921875 0.69921875 0.07265625 0.1203125
1 0.69609375 0.69140625 0.04765625 0.09296875
1 0.77265625 0.6390625 0.06875 0.1203125
1 0.809375 0.74296875 0.0765625 0.0765625
1 0.7453125 0.5734375 0.04375 0.065625
1 0.75625 0.5109375 0.065625 0.08203125
1 0.7453125 0.4375 0.065625 0.0875
1 0.69609375 0.37421875 0.06875 0.11484375
1 0.64921875 0.60625 0.06171875 0.0875
1 0.66328125 0.51875 0.03984375 0.0765625
1 0.6890625 0.48671875 0.06171875 0.0765625
1 0.609375 0.5109375 0.08359375 0.11484375
1 0.60546875 0.38828125 0.06171875 0.0984375
1 0.65078125 0.3578125 0.065625 0.09296875
1 0.590625 0.33359375 0.03984375 0.0328125
1 0.6125 0.2625 0.06875 0.0984375
1 0.55625 0.565625 0.04375 0.09296875
1 0.57265625 0.628125 0.06171875 0.065625
1 0.58203125 0.7296875 0.1015625 0.12578125
1 0.64375 0.72109375 0.0578125 0.109375
1 0.57421875 0.86640625 0.0578125 0.14765625
1 0.5203125 0.85 0.05078125 0.12578125
1 0.63984375 0.83359375 0.1015625 0.06015625
1 0.55078125 0.9703125 0.06171875 0.04921875
1 0.4015625 0.19140625 0.15625 0.1421875
1 0.39609375 0.065625 0.1234375 0.13125