1 0.21484375 0.0140625 0.08984375 0.028125
1 0.2828125 0.0421875 0.11484375 0.08359375
1 0.38984375 0.01171875 0.0703125 0.0234375
1 0.5375 0.02578125 0.21484375 0.0515625
1 0.65 0.071875 0.0796875 0.04765625
1 0.6828125 0.0375 0.08515625 0.059375
1 0.75 0.04609375 0.06015625 0.028125
1 0.7953125 0.059375 0.0296875 0.03203125
1 0.8421875 0.04375 0.08515625 0.03984375
1 0.86015625 0.0734375 0.0796875 0.06796875
1 0.81015625 0.10390625 0.06015625 0.03984375
1 0.8578125 0.10390625 0.0453125 0.03984375
1 0.8875 0.13515625 0.06484375 0.04765625
1 0.8203125 0.12734375 0.06015625 0.02421875
1 0.76484375 0.08984375 0.05 0.059375
1 0.725 0.0796875 0.06015625 0.03203125
1 0.67734375 0.10546875 0.0453125 0.04375
1 0.7296875 0.121875 0.0796875 0.0359375
1 0.75 0.153125 0.0796875 0.04375
1 0.83515625 0.17890625 0.0703125 0.0640625
1 0.87265625 0.165625 0.0546875 0.04375
1 0.75234375 0.1953125 0.075 0.04765625
1 0.67734375 0.153125 0.06484375 0.0515625
1 0.68984375 0.20546875 0.08984375 0.0515625
1 0.6078125 0.18125 0.06484375 0.06796875
1 0.6578125 0.23515625 0.0953125 0.05546875
1 0.73515625 0.25078125 0.0703125 0.05546875
1 0.8125 0.23125 0.075 0.04765625
1 0.8453125 0.29296875 0.0796875 0.09921875
1 0.88515625 0.25703125 0.05 0.0515625
1 0.8828125 0.2109375 0.0453125 0.03984375
1 0.88515625 0.3328125 0.05 0.04375
1 0.83984375 0.440625 0.08984375 0.23515625
1 0.71015625 0.4203125 0.25 0.30703125
1 0.70234375 0.3546875 0.06484375 0.0796875
1 0.70234375 0.30703125 0.0546875 0.04765625
1 0.6 0.32890625 0.13984375 0.1234375
1 0.6078125 0.26328125 0.08515625 0.05546875
1 0.5296875 0.21484375 0.1203125 0.19140625
1 0.57265625 0.08984375 0.2046875 0.115625
1 0.4078125 0.09765625 0.23515625 0.13125
1 0.39765625 0.19296875 0.18515625 0.2109375
1 0.46015625 0.325 0.0796875 0.16328125
1 0.35234375 0.35625 0.1546875 0.115625
1 0.23515625 0.27109375 0.1703125 0.11953125
1 0.28984375 0.1734375 0.11015625 0.09921875
1 0.3703125 0.17734375 0.03984375 0.01953125
1 0.22734375 0.09921875 0.125 0.0875
1 0.1671875 0.17890625 0.125 0.10390625
1 0.1953125 0.4046875 0.18984375 0.14765625
1 0.23984375 0.55 0.1796875 0.12734375
1 0.33984375 0.61171875 0.13984375 0.09921875
1 0.3421875 0.55390625 0.025 0.015625
1 0.3453125 0.46640625 0.1703125 0.12734375
1 0.41484375 0.5359375 0.11015625 0.07578125
1 0.5203125 0.45390625 0.1796875 0.14375
1 0.61484375 0.49609375 0.0796875 0.07578125
1 0.6578125 0.4203125 0.125 0.09140625
1 0.72734375 0.5859375 0.1453125 0.12734375
1 0.8375 0.59140625 0.075 0.06796875
1 0.6375 0.6078125 0.075 0.08359375
1 0.5171875 0.61328125 0.16484375 0.12734375
1 0.85 0.60390625 0.11015625 0.09921875
1 0.2203125 0.66953125 0.1203125 0.10390625
1 0.2921875 0.6875 0.1046875 0.08359375
1 0.41015625 0.703125 0.13984375 0.1078125
1 0.54765625 0.7328125 0.16484375 0.11953125
1 0.2546875 0.76328125 0.1 0.09140625
1 0.3421875 0.75703125 0.08515625 0.05546875
1 0.2953125 0.8546875 0.1703125 0.14765625
1 0.4453125 0.81640625 0.1203125 0.11171875
1 0.62265625 0.790625 0.18515625 0.08359375
1 0.7703125 0.775 0.36015625 0.31484375
1 0.4546875 0.86875 0.46015625 0.21484375
1 0.4921875 0.9703125 0.2046875 0.0515625
1 0.65234375 0.93828125 0.13515625 0.115625
1 0.3078125 0.9703125 0.08515625 0.0515625
1 0.3796875 0.98046875 0.05 0.03203125
1 0.2421875 0.96640625 0.08515625 0.059375
1 0.1546875 0.90859375 0.0703125 0.03203125
1 0.1546875 0.95234375 0.08984375 0.04765625
1 0.2 0.98046875 0.06015625 0.03203125
1 0.19765625 0.7890625 0.28515625 0.303125
1 0.22265625 0.76484375 0.175 0.18359375