1 0.7875 0.7421875 0.1609375 0.22734375
1 0.853125 0.5296875 0.140625 0.18828125
1 0.86171875 0.39375 0.10078125 0.1234375
1 0.853125 0.25234375 0.11640625 0.16796875
1 0.68046875 0.046875 0.0765625 0.084375
1 0.75078125 0.05234375 0.05625 0.07421875
1 0.73515625 0.0671875 0.26484375 0.13359375
1 0.7828125 0.13125 0.20859375 0.2625
1 0.66875 0.153125 0.06796875 0.10859375
1 0.6765625 0.35859375 0.28515625 0.33203125
1 0.7046875 0.57421875 0.140625 0.07890625
1 0.66484375 0.70078125 0.0921875 0.1234375
1 0.6484375 0.6015625 0.0765625 0.07421875
1 0.48984375 0.65625 0.24921875 0.31171875
1 0.58203125 0.8515625 0.02421875 0.0296875
1 0.49375 0.83671875 0.03203125 0.0296875
1 0.30703125 0.76953125 0.26875 0.2328125
1 0.353125 0.8515625 0.02421875 0.0296875
1 0.371875 0.83203125 0.0203125 0.01953125
1 0.359375 0.59921875 0.10859375 0.16796875
1 0.359375 0.39609375 0.325 0.35625
1 0.15234375 0.5546875 0.15234375 0.21796875
1 0.246875 0.20078125 0.28515625 0.31171875
1 0.5015625 0.165625 0.265625 0.33125
1 0.3578125 0.0546875 0.14453125 0.10859375
1 0.21484375 0.0421875 0.15625 0.084375
1 0.0984375 0.17109375 0.06015625 0.1828125
1 0.06015625 0.346875 0.1203125 0.16796875
1 0.134375 0.39140625 0.1484375 0.10859375