1 0.859375 0.40625 0.27421875 0.48359375
1 0.9203125 0.8078125 0.1515625 0.3734375
1 0.76875 0.84375 0.31796875 0.30234375
1 0.56875 0.94765625 0.21328125 0.09375
1 0.29609375 0.8546875 0.3390625 0.28046875
1 0.43125 0.70625 0.234375 0.30234375
1 0.653125 0.58515625 0.2453125 0.40078125
1 0.478125 0.35703125 0.3140625 0.51640625
1 0.15703125 0.57421875 0.3140625 0.4671875
1 0.22578125 0.184375 0.26328125 0.36796875
1 0.04140625 0.34375 0.0828125 0.1921875
1 0.32109375 0.4671875 0.0796875 0.21953125
1 0.359375 0.0546875 0.184375 0.109375
1 0.42265625 0.12890625 0.12265625 0.1484375
1 0.58671875 0.06875 0.20546875 0.1375
1 0.74921875 0.11015625 0.15546875 0.21953125
1 0.69140625 0.29140625 0.090625 0.20859375
1 0.9421875 0.06875 0.10859375 0.1375