1 0.95078125 0.84609375 0.090625 0.296875
1 0.8515625 0.909375 0.1375 0.1703125
1 0.71171875 0.81328125 0.16328125 0.253125
1 0.6796875 0.9203125 0.1921875 0.1484375
1 0.54375 0.8265625 0.17421875 0.2140625
1 0.67421875 0.73046875 0.159375 0.18671875
1 0.50390625 0.909375 0.16640625 0.1703125
1 0.4328125 0.975 0.08359375 0.03828125
1 0.75 0.49453125 0.23203125 0.31875
1 0.921875 0.3625 0.1484375 0.45078125
1 0.88203125 0.7140625 0.228125 0.275
1 0.50703125 0.54921875 0.2609375 0.384375
1 0.72109375 0.35703125 0.2609375 0.23046875
1 0.34609375 0.76640625 0.25703125 0.35703125
1 0.23359375 0.89296875 0.25 0.203125
1 0.4984375 0.21171875 0.99609375 0.4234375
1 0.27734375 0.18984375 0.090625 0.1265625
1 0.3546875 0.2609375 0.07265625 0.06015625
1 0.36796875 0.33515625 0.090625 0.13203125
1 0.34609375 0.3734375 0.07578125 0.13203125
1 0.375 0.45078125 0.03984375 0.065625
1 0.43984375 0.384375 0.06875 0.0765625
1 0.3203125 0.5140625 0.090625 0.159375
1 0.2265625 0.54140625 0.134375 0.1484375
1 0.17578125 0.64296875 0.090625 0.14296875
1 0.22265625 0.67890625 0.046875 0.115625
1 0.146875 0.73046875 0.11953125 0.14296875
1 0.0671875 0.8296875 0.0546875 0.15390625
1 0.0234375 0.8765625 0.046875 0.1375
1 0.021875 0.96953125 0.04375 0.04921875
1 0.021875 0.7640625 0.04375 0.08828125
1 0.0546875 0.68125 0.10859375 0.15390625
1 0.08671875 0.59921875 0.09453125 0.11015625
1 0.01796875 0.58828125 0.0359375 0.16484375
1 0.04921875 0.45859375 0.090625 0.1484375
1 0.13046875 0.475 0.115625 0.1703125
1 0.24609375 0.41796875 0.1015625 0.14296875
1 0.284375 0.296875 0.07578125 0.12109375
1 0.1953125 0.31328125 0.10859375 0.12109375
1 0.228125 0.25859375 0.02890625 0.0328125
1 0.16875 0.38203125 0.03984375 0.06015625
1 0.17421875 0.1921875 0.0796875 0.12109375
1 0.2171875 0.22265625 0.0359375 0.09375
1 0.10859375 0.25546875 0.08671875 0.09375
1 0.09765625 0.34375 0.1015625 0.09375
1 0.02734375 0.38203125 0.0546875 0.1046875
1 0.49765625 0.496875 0.9953125 0.99375