1 0.8265625 0.440625 0.21328125 0.4640625
1 0.85703125 0.8453125 0.13359375 0.17890625
1 0.55 0.7796875 0.11328125 0.190625
1 0.4046875 0.80078125 0.0234375 0.065625
1 0.43671875 0.7890625 0.03359375 0.065625
1 0.46640625 0.7796875 0.0265625 0.059375
1 0.446875 0.74140625 0.03359375 0.04140625
1 0.41640625 0.73828125 0.03359375 0.04765625
1 0.3796875 0.79453125 0.0203125 0.0296875
1 0.3765625 0.82734375 0.01328125 0.0359375
1 0.38984375 0.83359375 0.01328125 0.04765625
1 0.35859375 0.8359375 0.03671875 0.04140625
1 0.35859375 0.88359375 0.0296875 0.065625
1 0.38828125 0.9015625 0.0296875 0.065625
1 0.41484375 0.91953125 0.03671875 0.065625
1 0.4453125 0.88984375 0.0296875 0.05390625
1 0.41171875 0.8515625 0.0296875 0.059375
1 0.43984375 0.83046875 0.0265625 0.04140625
1 0.4703125 0.83359375 0.0265625 0.059375
1 0.71484375 0.8484375 0.15703125 0.29140625
1 0.6546875 0.91640625 0.1703125 0.1546875
1 0.6703125 0.49140625 0.06015625 0.17265625
1 0.628125 0.4765625 0.0703125 0.08359375
1 0.56796875 0.51484375 0.08359375 0.065625
1 0.5046875 0.3515625 0.1234375 0.29765625
1 0.66171875 0.30390625 0.203125 0.3453125
1 0.85703125 0.2765625 0.18671875 0.26796875
1 0.8984375 0.125 0.18359375 0.25
1 0.7203125 0.125 0.1796875 0.25
1 0.5484375 0.67578125 0.3765625 0.23203125
1 0.40703125 0.5265625 0.06640625 0.1609375
1 0.3453125 0.5 0.06328125 0.20234375
1 0.1703125 0.86328125 0.33984375 0.26171875
1 0.1765625 0.75625 0.353125 0.29765625
1 0.1515625 0.5859375 0.303125 0.24375
1 0.11796875 0.4640625 0.2359375 0.190625
1 0.2046875 0.16640625 0.409375 0.3328125
1 0.21796875 0.36015625 0.4359375 0.2203125
1 0.4984375 0.11640625 0.31015625 0.23203125