1 0.69375 0.70703125 0.17890625 0.23046875
1 0.60078125 0.56015625 0.175 0.2515625
1 0.76796875 0.4265625 0.20546875 0.28828125
1 0.81171875 0.38984375 0.1859375 0.55
1 0.57421875 0.76953125 0.12890625 0.0734375
1 0.43359375 0.69921875 0.19765625 0.2359375
1 0.32109375 0.84296875 0.17109375 0.12578125
1 0.4109375 0.853125 0.0609375 0.1046875
1 0.2375 0.51015625 0.22421875 0.07890625
1 0.2640625 0.6046875 0.23984375 0.3296875
1 0.46953125 0.58125 0.246875 0.3453125
1 0.359375 0.3453125 0.17890625 0.21953125
1 0.32734375 0.19375 0.12890625 0.1671875
1 0.34609375 0.12265625 0.09921875 0.0578125
1 0.4140625 0.12265625 0.0609375 0.0578125
1 0.30625 0.05 0.11015625 0.07890625
1 0.46796875 0.228125 0.121875 0.1515625
1 0.48671875 0.32734375 0.15234375 0.17265625
1 0.56484375 0.10703125 0.10234375 0.09921875
1 0.6765625 0.06796875 0.14453125 0.1359375
1 0.60625 0.2359375 0.1859375 0.240625
1 0.75859375 0.18359375 0.17109375 0.21953125
1 0.5796875 0.03125 0.1328125 0.0625
1 0.4765625 0.09140625 0.109375 0.1828125
1 0.39453125 0.046875 0.0609375 0.09375
1 0.3421875 0.0890625 0.10625 0.178125
1 0.325 0.2015625 0.15625 0.09921875
1 0.6234375 0.39765625 0.1140625 0.08359375
1 0.17890625 0.38203125 0.20546875 0.1359375
1 0.2546875 0.30625 0.10625 0.21484375
1 0.1484375 0.225 0.13671875 0.1671875
1 0.23203125 0.1046875 0.13671875 0.1671875
1 0.14609375 0.065625 0.10234375 0.13125
1 0.23359375 0.78515625 0.0796875 0.08359375
1 0.33046875 0.74609375 0.0609375 0.046875