1 0.7046875 0.73203125 0.2765625 0.5234375
1 0.88359375 0.9671875 0.053125 0.05390625
1 0.96171875 0.94921875 0.05703125 0.0890625
1 0.66640625 0.39296875 0.346875 0.25
1 0.8546875 0.57421875 0.203125 0.48203125
1 0.9234375 0.4703125 0.1 0.23828125
1 0.86171875 0.2203125 0.18984375 0.25
1 0.75 0.190625 0.06015625 0.11875
1 0.628125 0.24375 0.21640625 0.16640625
1 0.4703125 0.0359375 0.346875 0.07109375
1 0.1703125 0.11640625 0.33984375 0.23203125
1 0.33984375 0.73828125 0.56640625 0.51171875
1 0.3796875 0.42890625 0.3796875 0.33359375
1 0.1296875 0.50546875 0.259375 0.6796875