1 0.6 0.75859375 0.5 0.315625
1 0.18984375 0.61015625 0.146875 0.25625
1 0.246875 0.3359375 0.1203125 0.1015625
1 0.31171875 0.30625 0.096875 0.07734375
1 0.28828125 0.5265625 0.1296875 0.30390625
1 0.86640625 0.45546875 0.06640625 0.29140625
1 0.9015625 0.6546875 0.103125 0.2140625
1 0.96015625 0.55390625 0.0734375 0.1546875
1 0.9265625 0.871875 0.13984375 0.24375
1 0.8 0.56875 0.1203125 0.184375
1 0.78359375 0.684375 0.09296875 0.11875
1 0.71640625 0.61015625 0.1 0.184375
1 0.96328125 0.2859375 0.06640625 0.11875
1 0.98203125 0.38671875 0.0296875 0.10703125
1 0.9296875 0.42890625 0.06640625 0.17890625
1 0.90859375 0.22890625 0.08359375 0.11328125
1 0.83515625 0.24140625 0.103125 0.11328125
1 0.58984375 0.08359375 0.2 0.1546875
1 0.73671875 0.1609375 0.1203125 0.13125
1 0.4453125 0.128125 0.1703125 0.184375
1 0.33828125 0.17890625 0.08984375 0.1546875
1 0.2765625 0.1875 0.1265625 0.1484375
1 0.26796875 0.91640625 0.13671875 0.1546875
1 0.58671875 0.4140625 0.1 0.17265625
1 0.48515625 0.45234375 0.0703125 0.11875
1 0.4984375 0.50625 0.996875 0.9765625
1 0.89140625 0.375 0.21015625 0.38125
1 0.10859375 0.45546875 0.21640625 0.8390625