1 0.55 0.36875 0.50234375 0.49765625
1 0.8421875 0.7390625 0.1078125 0.1390625
1 0.86328125 0.68671875 0.09921875 0.03359375
1 0.171875 0.88046875 0.0453125 0.0671875
1 0.28203125 0.91640625 0.04140625 0.04296875
1 0.3421875 0.9015625 0.0375 0.071875
1 0.3796875 0.9046875 0.02890625 0.03828125
1 0.04765625 0.6796875 0.05390625 0.0671875
1 0.06640625 0.6171875 0.05 0.05703125
1 0.0875 0.58125 0.0328125 0.0140625
1 0.11171875 0.5671875 0.0328125 0.03359375
1 0.1703125 0.55703125 0.0328125 0.03359375
1 0.1828125 0.5265625 0.0328125 0.02890625
1 0.234375 0.50703125 0.0375 0.03828125
1 0.26953125 0.48359375 0.05 0.04765625
1 0.30703125 0.45 0.025 0.04765625
1 0.340625 0.46875 0.04140625 0.03828125
1 0.2078125 0.590625 0.05 0.04296875
1 0.25078125 0.5984375 0.0375 0.05703125
1 0.20546875 0.56015625 0.0375 0.01875
1 0.240625 0.5453125 0.04140625 0.04765625
1 0.28203125 0.54765625 0.04140625 0.03359375
1 0.3171875 0.52890625 0.02890625 0.05234375
1 0.35234375 0.51171875 0.04140625 0.03828125
1 0.159375 0.61015625 0.0453125 0.04296875
1 0.11640625 0.62890625 0.04140625 0.03359375
1 0.12265625 0.66015625 0.0703125 0.03828125
1 0.17421875 0.65078125 0.05 0.04765625
1 0.22578125 0.6578125 0.0375 0.04296875
1 0.26328125 0.671875 0.02890625 0.04296875
1 0.29453125 0.63359375 0.04140625 0.0625
1 0.32578125 0.62890625 0.0375 0.04296875
1 0.36953125 0.61953125 0.04140625 0.05234375
1 0.3671875 0.58359375 0.02890625 0.03828125
1 0.38984375 0.5625 0.025 0.04296875
1 0.40859375 0.59296875 0.02890625 0.04765625
1 0.6453125 0.61953125 0.0375 0.05234375
1 0.68671875 0.63671875 0.0375 0.0671875
1 0.43359375 0.621875 0.0625 0.03828125
1 0.4671875 0.65546875 0.05390625 0.03828125
1 0.51015625 0.675 0.0578125 0.05703125
1 0.57265625 0.64140625 0.04140625 0.04765625
1 0.61171875 0.6578125 0.0375 0.05234375
1 0.62421875 0.68671875 0.02890625 0.03359375
1 0.6578125 0.6796875 0.0453125 0.03828125
1 0.69296875 0.715625 0.0328125 0.05234375
1 0.721875 0.69609375 0.0328125 0.03359375
1 0.14296875 0.74375 0.0453125 0.03359375
1 0.1453125 0.703125 0.05 0.03828125
1 0.1953125 0.71328125 0.04140625 0.02890625
1 0.23046875 0.72734375 0.0453125 0.03828125
1 0.19296875 0.75625 0.0453125 0.05703125
1 0.1578125 0.80390625 0.0578125 0.04765625
1 0.11640625 0.79921875 0.075 0.0671875
1 0.2078125 0.83046875 0.05 0.05234375
1 0.24921875 0.82265625 0.0328125 0.03828125
1 0.24296875 0.8828125 0.05390625 0.0625
1 0.290625 0.87578125 0.05 0.04765625
1 0.2984375 0.825 0.05 0.05234375
1 0.35078125 0.8375 0.0375 0.05703125
1 0.4046875 0.85625 0.0453125 0.04765625
1 0.45234375 0.86328125 0.05 0.0625
1 0.48515625 0.8875 0.04140625 0.0625
1 0.5390625 0.87578125 0.0578125 0.05703125
1 0.55390625 0.828125 0.05390625 0.04765625
1 0.61015625 0.81328125 0.04140625 0.05703125
1 0.64296875 0.78984375 0.05 0.0671875
1 0.59921875 0.78203125 0.0375 0.04296875
1 0.64140625 0.74609375 0.0375 0.02890625
1 0.6578125 0.72734375 0.0375 0.03828125
1 0.58125 0.74375 0.0328125 0.05234375
1 0.59765625 0.71328125 0.0328125 0.02890625
1 0.58515625 0.68671875 0.05 0.03359375
1 0.3109375 0.715625 0.04140625 0.04296875
1 0.35859375 0.70078125 0.0453125 0.03359375
1 0.41875 0.6890625 0.04140625 0.05703125
1 0.45859375 0.7484375 0.0375 0.0625
1 0.42734375 0.7609375 0.0328125 0.04765625
1 0.5 0.74375 0.0375 0.0625
1 0.54375 0.74140625 0.04140625 0.04765625
1 0.5390625 0.784375 0.0328125 0.04765625
1 0.50234375 0.8015625 0.05 0.04296875
1 0.4421875 0.80859375 0.0453125 0.04765625
1 0.40234375 0.8203125 0.04140625 0.04296875
1 0.38203125 0.775 0.0328125 0.04765625
1 0.3484375 0.7515625 0.0328125 0.04765625
1 0.34453125 0.79453125 0.025 0.03828125
1 0.315625 0.76328125 0.04140625 0.04296875
1 0.278125 0.76328125 0.05 0.071875
1 0.23671875 0.784375 0.04140625 0.03828125