1 0.40859375 0.61328125 0.8171875 0.7640625
1 0.84921875 0.8109375 0.13359375 0.1375
1 0.95546875 0.84453125 0.0796875 0.09765625
1 0.946875 0.76015625 0.09765625 0.115625
1 0.93125 0.578125 0.12890625 0.18671875
1 0.9203125 0.65546875 0.0890625 0.10234375
1 0.8625 0.7203125 0.0796875 0.07109375
1 0.7625 0.73984375 0.09296875 0.10234375
1 0.8359375 0.67578125 0.0796875 0.0890625
1 0.81796875 0.61328125 0.0890625 0.07109375
1 0.73984375 0.60703125 0.084375 0.06640625
1 0.7421875 0.66015625 0.0796875 0.07578125
1 0.66875 0.68671875 0.06640625 0.06640625
1 0.64453125 0.32890625 0.35546875 0.16015625
1 0.76015625 0.5046875 0.16015625 0.15546875
1 0.915625 0.44453125 0.16015625 0.18671875