1 0.69453125 0.57109375 0.05078125 0.07109375
1 0.734375 0.5546875 0.04375 0.08203125
1 0.76015625 0.60390625 0.05078125 0.07109375
1 0.71484375 0.6203125 0.0546875 0.06015625
1 0.6875 0.51640625 0.04375 0.03828125
1 0.62734375 0.53828125 0.06171875 0.09296875
1 0.6546875 0.60625 0.065625 0.065625
1 0.6125 0.5984375 0.0328125 0.04921875
1 0.60703125 0.4671875 0.11640625 0.09296875
1 0.55625 0.584375 0.07265625 0.109375
1 0.4984375 0.60625 0.09453125 0.13125
1 0.42734375 0.56015625 0.10546875 0.14765625
1 0.42890625 0.65 0.04375 0.065625
1 0.30546875 0.60078125 0.21796875 0.1859375
1 0.14921875 0.77578125 0.065625 0.284375
1 0.434375 0.45390625 0.06171875 0.065625
1 0.36015625 0.5 0.09453125 0.08203125
1 0.58515625 0.4046875 0.24765625 0.1640625
1 0.7796875 0.4484375 0.31640625 0.1203125
1 0.79296875 0.5328125 0.09453125 0.15859375
1 0.60703125 0.66640625 0.15234375 0.0765625
1 0.49296875 0.36328125 0.2875 0.20234375
1 0.1890625 0.46484375 0.32734375 0.0765625
1 0.13984375 0.50546875 0.16328125 0.04921875
1 0.2578125 0.5109375 0.28359375 0.07109375
1 0.16875 0.565625 0.08359375 0.03828125
1 0.2328125 0.303125 0.34921875 0.25703125