1 0.9453125 0.38671875 0.103125 0.190625
1 0.9453125 0.54140625 0.103125 0.13125
1 0.946875 0.68125 0.1 0.1484375
1 0.93984375 0.88671875 0.11328125 0.2140625
1 0.79140625 0.934375 0.2703125 0.11875
1 0.73984375 0.6484375 0.0796875 0.16640625
1 0.721875 0.7171875 0.05703125 0.11328125
1 0.803125 0.7265625 0.10703125 0.11875
1 0.88515625 0.75 0.0703125 0.04765625
1 0.83671875 0.5265625 0.2 0.4109375
1 0.91015625 0.29453125 0.1734375 0.17265625
1 0.8046875 0.33359375 0.1765625 0.14296875
1 0.89453125 0.13359375 0.1578125 0.2671875
1 0.8953125 0.2140625 0.203125 0.13125
1 0.69140625 0.14296875 0.2234375 0.2859375
1 0.6734375 0.39296875 0.1203125 0.309375
1 0.6765625 0.4015625 0.1203125 0.24375
1 0.65859375 0.628125 0.08984375 0.17265625
1 0.60703125 0.6484375 0.10703125 0.16640625
1 0.63359375 0.75625 0.0796875 0.11875
1 0.51796875 0.54140625 0.08984375 0.190625
1 0.4484375 0.5296875 0.08359375 0.1546875
1 0.36796875 0.57421875 0.0765625 0.1609375
1 0.29296875 0.6640625 0.20703125 0.11328125
1 0.31015625 0.69921875 0.11328125 0.26796875
1 0.26796875 0.57421875 0.0703125 0.1015625
1 0.28203125 0.5234375 0.06328125 0.08359375
1 0.2 0.49140625 0.06640625 0.11328125
1 0.203125 0.58046875 0.06015625 0.0890625
1 0.41328125 0.75 0.10703125 0.1546875
1 0.48984375 0.77109375 0.053125 0.1015625
1 0.46640625 0.6515625 0.146875 0.13671875
1 0.553125 0.73515625 0.06640625 0.1484375
1 0.1703125 0.66640625 0.2203125 0.35703125
1 0.08359375 0.57109375 0.11328125 0.2140625
1 0.06796875 0.41953125 0.1359375 0.2796875
1 0.2046875 0.36875 0.203125 0.309375
1 0.48671875 0.42578125 0.38671875 0.24375
1 0.53203125 0.27109375 0.11640625 0.11328125
1 0.4 0.29140625 0.13359375 0.08359375
1 0.28359375 0.2859375 0.1203125 0.11875