1 0.7484375 0.3390625 0.2140625 0.3171875
1 0.90546875 0.4015625 0.115625 0.21328125
1 0.9296875 0.5296875 0.134375 0.175
1 0.96171875 0.37421875 0.06875 0.11484375
1 0.8171875 0.2046875 0.07578125 0.13671875
1 0.86953125 0.2265625 0.06484375 0.13671875
1 0.7953125 0.06015625 0.1125 0.1203125
1 0.7171875 0.0953125 0.08671875 0.16953125
1 0.63984375 0.08984375 0.09765625 0.15859375
1 0.4328125 0.065625 0.1921875 0.13125
1 0.53984375 0.0546875 0.1015625 0.109375
1 0.83125 0.69921875 0.20625 0.4484375
1 0.509375 0.828125 0.22109375 0.27890625
1 0.6234375 0.6828125 0.04375 0.175
1 0.6796875 0.75703125 0.1046875 0.18046875
1 0.7140625 0.846875 0.1234375 0.1421875
1 0.71015625 0.90703125 0.2171875 0.175
1 0.8296875 0.92109375 0.0796875 0.12578125
1 0.58125 0.59296875 0.1046875 0.21328125
1 0.6375 0.415625 0.10859375 0.2734375
1 0.62109375 0.28671875 0.06875 0.19140625
1 0.37890625 0.22109375 0.1703125 0.24609375
1 0.48203125 0.1640625 0.17421875 0.21875
1 0.5328125 0.36640625 0.1234375 0.2078125
1 0.475 0.5625 0.1234375 0.35
1 0.47265625 0.65859375 0.06875 0.22421875
1 0.36953125 0.68828125 0.1453125 0.4375
1 0.32578125 0.7078125 0.159375 0.34453125
1 0.28984375 0.76484375 0.1015625 0.109375
1 0.228125 0.85546875 0.1015625 0.10390625
1 0.3046875 0.871875 0.06484375 0.09296875
1 0.36796875 0.9265625 0.06875 0.13671875
1 0.2703125 0.93984375 0.15546875 0.109375
1 0.12890625 0.7046875 0.134375 0.1859375
1 0.08359375 0.78671875 0.1453125 0.153125
1 0.1453125 0.9453125 0.1015625 0.0984375
1 0.18671875 0.49765625 0.18515625 0.2734375
1 0.19375 0.328125 0.17734375 0.1640625
1 0.07578125 0.153125 0.1515625 0.30625
1 0.18515625 0.065625 0.1234375 0.13125
1 0.24296875 0.17734375 0.1453125 0.10390625
1 0.2625 0.259375 0.08359375 0.07109375
1 0.521875 0.9453125 0.15234375 0.0984375
1 0.29140625 0.0875 0.11953125 0.1640625