1 0.66328125 0.459375 0.23671875 0.3609375
1 0.5984375 0.20234375 0.17109375 0.2625
1 0.48359375 0.2375 0.11640625 0.19140625
1 0.38203125 0.1640625 0.1671875 0.21875
1 0.2546875 0.18046875 0.109375 0.1203125
1 0.21640625 0.3359375 0.16328125 0.24609375
1 0.3578125 0.3171875 0.134375 0.1859375
1 0.40546875 0.4453125 0.20703125 0.32265625
1 0.48359375 0.71015625 0.20390625 0.30625
1 0.534375 0.64453125 0.13828125 0.3390625
1 0.309375 0.671875 0.15234375 0.240625
1 0.3890625 0.803125 0.05078125 0.0875
1 0.23671875 0.54921875 0.15234375 0.19140625