1 0.95390625 0.22578125 0.0828125 0.11171875
1 0.9640625 0.31640625 0.06171875 0.09296875
1 0.940625 0.37421875 0.10859375 0.07734375
1 0.8890625 0.46328125 0.21171875 0.09296875
1 0.721875 0.25859375 0.54609375 0.1625
1 0.37890625 0.38984375 0.30390625 0.13125
1 0.48984375 0.3921875 0.20625 0.08125
1 0.59296875 0.39375 0.1234375 0.09296875
1 0.7578125 0.3859375 0.309375 0.1390625
1 0.47421875 0.4671875 0.28828125 0.115625
1 0.3296875 0.56171875 0.33984375 0.25078125
1 0.59296875 0.6078125 0.29921875 0.1734375
1 0.73203125 0.5484375 0.1546875 0.1
1 0.88125 0.47890625 0.2265625 0.06953125
1 0.1546875 0.24921875 0.11328125 0.0578125
1 0.278125 0.29375 0.071875 0.03828125
1 0.25546875 0.36640625 0.23203125 0.13125
1 0.01796875 0.41875 0.0359375 0.02734375
1 0.4328125 0.19921875 0.0515625 0.034375
1 0.4875 0.253125 0.015625 0.01953125
1 0.48203125 0.278125 0.02578125 0.0078125
1 0.55703125 0.25078125 0.0203125 0.015625
1 0.51015625 0.19921875 0.0203125 0.01171875
1 0.79609375 0.18125 0.02578125 0.0234375
1 0.14921875 0.5234375 0.2984375 0.18125
1 0.12890625 0.68515625 0.2578125 0.16640625
1 0.35546875 0.69921875 0.42265625 0.20859375
1 0.5234375 0.8375 0.0875 0.246875
1 0.61875 0.63359375 0.309375 0.20078125