1 0.62421875 0.7421875 0.32421875 0.41796875
1 0.5625 0.7421875 0.52890625 0.27578125
1 0.69296875 0.721875 0.3734375 0.1640625
1 0.71328125 0.66015625 0.43984375 0.29765625
1 0.78203125 0.653125 0.4265625 0.29296875
1 0.878125 0.65546875 0.2359375 0.12890625
1 0.76875 0.56640625 0.453125 0.19140625
1 0.5640625 0.33125 0.4 0.30703125
1 0.6578125 0.32890625 0.284375 0.23125
1 0.81796875 0.35078125 0.27578125 0.221875
1 0.9640625 0.12421875 0.0625 0.10703125
1 0.6421875 0.084375 0.59140625 0.16875
1 0.14921875 0.3578125 0.29765625 0.715625
1 0.4109375 0.49140625 0.44921875 0.315625