1 0.82265625 0.878125 0.21171875 0.2328125
1 0.8703125 0.76171875 0.25234375 0.128125
1 0.7421875 0.91015625 0.1328125 0.16875
1 0.61640625 0.875 0.19453125 0.23828125
1 0.628125 0.621875 0.2046875 0.27890625
1 0.85703125 0.65390625 0.26640625 0.121875
1 0.871875 0.59296875 0.24921875 0.209375
1 0.91640625 0.55546875 0.16015625 0.0640625
1 0.8875 0.4828125 0.21875 0.08125
1 0.80234375 0.43046875 0.21171875 0.1046875
1 0.25625 0.8578125 0.0953125 0.2734375
1 0.16015625 0.88671875 0.0953125 0.203125
1 0.08671875 0.834375 0.078125 0.2265625
1 0.06796875 0.93046875 0.075 0.11640625
1 0.02421875 0.8953125 0.04765625 0.1859375
1 0.871875 0.20078125 0.10546875 0.1453125
1 0.91953125 0.26484375 0.0921875 0.0875
1 0.959375 0.19453125 0.06796875 0.07578125
1 0.90234375 0.128125 0.08515625 0.06953125
1 0.84453125 0.09921875 0.0375 0.0578125
1 0.7984375 0.125 0.08203125 0.11015625
1 0.7953125 0.20078125 0.04765625 0.0640625
1 0.73515625 0.1453125 0.04453125 0.08125
1 0.740625 0.2296875 0.06796875 0.0875
1 0.80390625 0.25546875 0.08515625 0.09296875
1 0.90078125 0.328125 0.1296875 0.11015625
1 0.7234375 0.02890625 0.08203125 0.0578125
1 0.76640625 0.0609375 0.071875 0.121875
1 0.684375 0.046875 0.0375 0.09296875
1 0.67421875 0.13984375 0.078125 0.13984375
1 0.921875 0.07265625 0.15 0.1453125
1 0.5015625 0.38984375 0.0546875 0.11640625
1 0.446875 0.3078125 0.06796875 0.11640625
1 0.43203125 0.3984375 0.071875 0.09921875
1 0.371875 0.27890625 0.06171875 0.08125
1 0.3703125 0.375 0.0578125 0.11015625
1 0.32109375 0.32265625 0.04765625 0.07578125
1 0.27109375 0.3140625 0.04453125 0.1046875
1 0.12265625 0.17421875 0.0890625 0.13984375
1 0.13984375 0.59921875 0.11640625 0.1625
1 0.30546875 0.65390625 0.1125 0.18046875
1 0.296875 0.503125 0.10234375 0.15703125
1 0.38203125 0.59609375 0.06796875 0.15703125
1 0.4640625 0.6921875 0.10234375 0.13984375
1 0.41328125 0.6484375 0.06796875 0.11015625
1 0.36484375 0.80234375 0.0953125 0.1859375
1 0.19609375 0.6890625 0.08515625 0.1453125
1 0.09921875 0.6828125 0.075 0.0875
1 0.02734375 0.77890625 0.0546875 0.1046875
1 0.17578125 0.78515625 0.08515625 0.09296875
1 0.06640625 0.40703125 0.1328125 0.69765625
1 0.25625 0.44765625 0.51171875 0.8953125
1 0.40625 0.871875 0.15 0.2328125
1 0.496875 0.8953125 0.1328125 0.19765625
1 0.52578125 0.49453125 0.4296875 0.19765625
1 0.321875 0.1421875 0.378125 0.284375
1 0.60703125 0.0375 0.3140625 0.075
1 0.62421875 0.1421875 0.109375 0.13359375
1 0.54609375 0.13359375 0.06171875 0.19765625
1 0.49296875 0.20625 0.04453125 0.0875
1 0.62109375 0.2671875 0.15 0.1046875
1 0.6328125 0.334375 0.19453125 0.1453125
1 0.74375 0.3078125 0.12265625 0.1046875