1 0.88359375 0.6453125 0.21015625 0.29609375
1 0.8890625 0.62421875 0.2140625 0.44453125
1 0.91328125 0.9390625 0.165625 0.1109375
1 0.7203125 0.75390625 0.11640625 0.08984375
1 0.646875 0.76484375 0.05234375 0.06875
1 0.60546875 0.6296875 0.2328125 0.20078125
1 0.69375 0.5953125 0.184375 0.259375
1 0.6953125 0.27265625 0.30078125 0.41796875
1 0.36484375 0.29375 0.37578125 0.3125
1 0.3890625 0.5609375 0.23671875 0.328125
1 0.56953125 0.70625 0.13125 0.19609375
1 0.434375 0.70625 0.1390625 0.18515625
1 0.31015625 0.6984375 0.1390625 0.20078125
1 0.18046875 0.5765625 0.1578125 0.20078125
1 0.21015625 0.7171875 0.0828125 0.14296875
1 0.15390625 0.63515625 0.26328125 0.1796875
1 0.07734375 0.71171875 0.1015625 0.08984375
1 0.14296875 0.740625 0.05234375 0.06328125
1 0.2046875 0.71171875 0.07890625 0.14296875
1 0.2671875 0.415625 0.165625 0.2484375
1 0.09609375 0.6109375 0.19140625 0.6828125