1 0.0921875 0.05078125 0.184375 0.1015625
1 0.30546875 0.0640625 0.34765625 0.128125
1 0.734375 0.08515625 0.52109375 0.16953125
1 0.83671875 0.1890625 0.16875 0.15859375
1 0.92890625 0.01875 0.13125 0.0375
1 0.5578125 0.2 0.4734375 0.346875
1 0.7765625 0.4828125 0.43671875 0.33203125
1 0.8734375 0.28515625 0.2421875 0.21484375
1 0.28671875 0.46953125 0.47890625 0.31328125
1 0.2734375 0.6828125 0.13671875 0.11328125
1 0.44453125 0.74140625 0.33125 0.26796875
1 0.4265625 0.88125 0.0421875 0.0265625
1 0.55546875 0.8640625 0.03671875 0.02265625
1 0.56875 0.8828125 0.02109375 0.01484375
1 0.5265625 0.91328125 0.05234375 0.03046875
1 0.68671875 0.91484375 0.03671875 0.0265625
1 0.36875 0.9359375 0.0421875 0.02265625
1 0.05546875 0.58515625 0.11015625 0.20390625
1 0.93671875 0.66640625 0.115625 0.1546875
1 0.8234375 0.8453125 0.20546875 0.19609375
1 0.67109375 0.80546875 0.12109375 0.13203125
1 0.665625 0.709375 0.1 0.0984375
1 0.77109375 0.68671875 0.1734375 0.0828125
1 0.16328125 0.228125 0.3265625 0.32109375