1 0.59921875 0.884375 0.04296875 0.08828125
1 0.628125 0.81328125 0.04296875 0.065625
1 0.5359375 0.83515625 0.06875 0.11015625
1 0.50390625 0.75859375 0.06171875 0.08828125
1 0.5109375 0.65078125 0.05390625 0.07109375
1 0.4421875 0.659375 0.06171875 0.11015625
1 0.64453125 0.6234375 0.06875 0.115625
1 0.66640625 0.5359375 0.06171875 0.08203125
1 0.58515625 0.52734375 0.05078125 0.09921875
1 0.6296875 0.45859375 0.06875 0.08203125
1 0.58125 0.3296875 0.05078125 0.12109375
1 0.4890625 0.50859375 0.05390625 0.09375
1 0.4296875 0.496875 0.0578125 0.08203125
1 0.45859375 0.4453125 0.0578125 0.0765625
1 0.428125 0.1921875 0.06875 0.08828125
1 0.596875 0.0546875 0.0625 0.109375
1 0.5109375 0.04140625 0.07578125 0.08203125
1 0.559375 0.115625 0.06484375 0.11015625
1 0.59921875 0.19765625 0.05078125 0.12109375
1 0.69296875 0.24453125 0.09375 0.115625
1 0.6953125 0.30234375 0.090625 0.12109375
1 0.74765625 0.24453125 0.04296875 0.1046875
1 0.63359375 0.33515625 0.05390625 0.11015625
1 0.7 0.42890625 0.02890625 0.08828125
1 0.653125 0.4234375 0.071875 0.09921875
1 0.71875 0.590625 0.04296875 0.1046875
1 0.6765625 0.63203125 0.05390625 0.09921875
1 0.6765625 0.76953125 0.0828125 0.12109375
1 0.64296875 0.83515625 0.0578125 0.09921875
1 0.6625 0.88984375 0.07578125 0.09921875
1 0.61015625 0.7390625 0.0578125 0.115625
1 0.57578125 0.6375 0.046875 0.0765625
1 0.58828125 0.66484375 0.08671875 0.15390625
1 0.46171875 0.74140625 0.06484375 0.09921875
1 0.3953125 0.78046875 0.0828125 0.14296875
1 0.4515625 0.8515625 0.0796875 0.12109375
1 0.509375 0.93984375 0.0796875 0.11015625
1 0.5453125 0.9859375 0.02890625 0.01640625
1 0.42421875 0.91796875 0.090625 0.12109375
1 0.44765625 0.96953125 0.071875 0.04921875
1 0.39140625 0.66484375 0.046875 0.11015625
1 0.43125 0.58203125 0.06875 0.0765625
1 0.3734375 0.503125 0.090625 0.1265625
1 0.35703125 0.54921875 0.0796875 0.11015625
1 0.4890625 0.3984375 0.06875 0.1046875
1 0.5125 0.33515625 0.0359375 0.0765625
1 0.534375 0.23046875 0.08671875 0.14296875
1 0.475 0.20859375 0.03984375 0.0546875
1 0.4765625 0.296875 0.0578125 0.12109375
1 0.44609375 0.34375 0.06171875 0.115625
1 0.4078125 0.365625 0.08671875 0.115625
1 0.37578125 0.4203125 0.071875 0.04921875