1 0.90390625 0.81328125 0.04609375 0.14609375
1 0.7953125 0.82109375 0.02890625 0.1140625
1 0.8390625 0.70703125 0.078125 0.26015625
1 0.884375 0.5484375 0.08046875 0.25234375
1 0.90859375 0.3859375 0.1046875 0.38203125
1 0.9453125 0.134375 0.0609375 0.2359375
1 0.878125 0.203125 0.0390625 0.1140625
1 0.84296875 0.2640625 0.03671875 0.13828125
1 0.85390625 0.34921875 0.0828125 0.09765625
1 0.8171875 0.48359375 0.05390625 0.203125
1 0.74296875 0.7765625 0.04140625 0.1546875
1 0.721875 0.6828125 0.0390625 0.14609375
1 0.771875 0.63046875 0.065625 0.21953125
1 0.70625 0.55703125 0.03203125 0.10546875
1 0.6765625 0.63828125 0.03671875 0.10546875
1 0.64765625 0.68671875 0.03671875 0.0734375
1 0.6828125 0.75625 0.0390625 0.14609375
1 0.6484375 0.796875 0.0390625 0.1140625
1 0.60703125 0.76015625 0.04375 0.17109375
1 0.32578125 0.40234375 0.109375 0.3171875
1 0.3125 0.60546875 0.09296875 0.17109375
1 0.21328125 0.4515625 0.11484375 0.25234375
1 0.62578125 0.5078125 0.11484375 0.33359375
1 0.7484375 0.33359375 0.06796875 0.26015625
1 0.77109375 0.3453125 0.0734375 0.10546875
1 0.77421875 0.42265625 0.04609375 0.1140625
1 0.79765625 0.26015625 0.0390625 0.14609375
1 0.840625 0.1421875 0.03671875 0.10546875
1 0.8015625 0.121875 0.03671875 0.13046875
1 0.85859375 0.02421875 0.13203125 0.0484375
1 0.8734375 0.09765625 0.06796875 0.1140625
1 0.915625 0.09375 0.04140625 0.1546875
1 0.7984375 0.1015625 0.04609375 0.18671875
1 0.75234375 0.12578125 0.0609375 0.21953125
1 0.765625 0.0203125 0.05390625 0.040625
1 0.634375 0.27265625 0.14609375 0.54453125