1 0.6953125 0.63671875 0.203125 0.2484375
1 0.7953125 0.54296875 0.07421875 0.121875
1 0.85 0.5046875 0.06640625 0.065625
1 0.8828125 0.57109375 0.09375 0.228125
1 0.86328125 0.63671875 0.109375 0.23828125
1 0.7828125 0.4546875 0.08984375 0.065625
1 0.6640625 0.4265625 0.1640625 0.2234375
1 0.5234375 0.38828125 0.171875 0.21796875
1 0.51953125 0.5453125 0.125 0.1265625
1 0.57421875 0.690625 0.1953125 0.2234375
1 0.396875 0.71328125 0.16796875 0.21796875
1 0.36328125 0.48984375 0.1953125 0.23828125
1 0.4515625 0.2890625 0.14453125 0.19296875
1 0.5953125 0.23828125 0.18359375 0.1828125
1 0.73828125 0.28203125 0.15625 0.1671875
1 0.6578125 0.134375 0.12109375 0.1265625
1 0.56640625 0.08125 0.09375 0.121875
1 0.46484375 0.10390625 0.171875 0.17734375
1 0.3359375 0.121875 0.09375 0.1015625
1 0.3734375 0.1875 0.07421875 0.0609375
1 0.26953125 0.2890625 0.234375 0.29453125
1 0.2359375 0.49765625 0.06640625 0.13203125
1 0.146875 0.4109375 0.09765625 0.1015625
1 0.1484375 0.53515625 0.15625 0.1671875
1 0.225 0.6828125 0.16796875 0.228125