1 0.4984375 0.103125 0.03125 0.0515625
1 0.5328125 0.11328125 0.03125 0.04140625
1 0.6 0.11328125 0.0421875 0.0515625
1 0.6390625 0.12890625 0.0421875 0.0515625
1 0.6953125 0.2375 0.03125 0.0515625
1 0.73203125 0.2140625 0.02734375 0.04609375
1 0.7296875 0.26015625 0.0234375 0.02578125
1 0.6390625 0.21171875 0.0421875 0.071875
1 0.6078125 0.1671875 0.05 0.04609375
1 0.54453125 0.14921875 0.06171875 0.04140625
1 0.565625 0.18828125 0.05 0.07734375
1 0.46328125 0.12109375 0.03828125 0.0359375
1 0.42890625 0.12890625 0.0234375 0.0203125
1 0.41484375 0.20078125 0.05 0.0828125
1 0.47890625 0.175 0.06953125 0.06171875
1 0.52109375 0.22421875 0.07734375 0.0671875
1 0.52734375 0.1859375 0.02734375 0.0203125
1 0.53828125 0.15234375 0.05 0.0359375
1 0.58671875 0.24765625 0.05390625 0.0515625
1 0.63515625 0.28359375 0.0421875 0.071875
1 0.5828125 0.29609375 0.05390625 0.0359375
1 0.5671875 0.31953125 0.03125 0.0203125
1 0.57890625 0.34296875 0.03828125 0.04609375
1 0.54609375 0.321875 0.02734375 0.02578125
1 0.54453125 0.365625 0.04609375 0.0515625
1 0.5078125 0.34765625 0.0421875 0.0359375
1 0.53671875 0.29609375 0.03125 0.04609375
1 0.5078125 0.27578125 0.0421875 0.04609375
1 0.5484375 0.2734375 0.04609375 0.03125
1 0.4671875 0.31171875 0.03828125 0.0359375
1 0.5 0.31171875 0.034375 0.015625
1 0.4421875 0.27578125 0.0578125 0.04609375
1 0.4671875 0.221875 0.04609375 0.04140625
1 0.4171875 0.321875 0.03125 0.02578125
1 0.43984375 0.38125 0.03125 0.04140625
1 0.3921875 0.2859375 0.01953125 0.015625
1 0.36640625 0.48984375 0.05390625 0.0515625
1 0.18515625 0.23984375 0.06171875 0.05703125
1 0.21015625 0.265625 0.065625 0.05703125
1 0.1953125 0.30703125 0.05 0.02578125
1 0.15234375 0.3171875 0.05 0.0671875
1 0.26796875 0.265625 0.0421875 0.05703125
1 0.303125 0.23984375 0.0734375 0.09765625
1 0.35546875 0.2265625 0.06171875 0.04140625
1 0.3921875 0.21875 0.02734375 0.04609375
1 0.384375 0.265625 0.08125 0.05703125
1 0.3609375 0.3140625 0.0421875 0.0515625
1 0.32265625 0.309375 0.034375 0.03125
1 0.37421875 0.3609375 0.03828125 0.03125
1 0.15625 0.384375 0.065625 0.05703125
1 0.23359375 0.321875 0.034375 0.04609375
1 0.1078125 0.384375 0.03125 0.0359375
1 0.0984375 0.49453125 0.0421875 0.03125
1 0.13125 0.41484375 0.06171875 0.04609375
1 0.1546875 0.5 0.06171875 0.103125
1 0.20625 0.44609375 0.08125 0.0875
1 0.2453125 0.4171875 0.0578125 0.0828125
1 0.26484375 0.34765625 0.065625 0.0875
1 0.31640625 0.45859375 0.09296875 0.071875
1 0.3359375 0.38125 0.07734375 0.0828125
1 0.4015625 0.41484375 0.06171875 0.0671875
1 0.27578125 0.47421875 0.065625 0.071875
1 0.31484375 0.5640625 0.05 0.09765625
1 0.2796875 0.57734375 0.05 0.103125
1 0.1875 0.5796875 0.0734375 0.0671875
1 0.18515625 0.6671875 0.04609375 0.07734375
1 0.23515625 0.64140625 0.06171875 0.07734375
1 0.7203125 0.29609375 0.034375 0.0359375
1 0.69140625 0.33515625 0.03125 0.03125
1 0.66640625 0.32734375 0.02734375 0.0359375
1 0.621875 0.34765625 0.05390625 0.05703125
1 0.64453125 0.365625 0.03125 0.03125
1 0.6734375 0.36328125 0.0421875 0.04609375
1 0.67734375 0.38125 0.02734375 0.0203125
1 0.7046875 0.365625 0.034375 0.0515625
1 0.75703125 0.34765625 0.06171875 0.04609375
1 0.77421875 0.39140625 0.0421875 0.0515625
1 0.79921875 0.41015625 0.03125 0.0359375
1 0.8453125 0.41484375 0.03828125 0.05703125
1 0.81640625 0.5875 0.034375 0.04140625
1 0.7875 0.515625 0.0234375 0.03125
1 0.7703125 0.54921875 0.02734375 0.0359375
1 0.78203125 0.58984375 0.034375 0.0359375
1 0.74140625 0.5671875 0.0234375 0.0203125
1 0.74296875 0.5875 0.02734375 0.0203125
1 0.7453125 0.62109375 0.03125 0.02578125
1 0.7546875 0.68828125 0.02734375 0.04609375
1 0.70234375 0.59765625 0.03125 0.04140625
1 0.71640625 0.64921875 0.0421875 0.04140625
1 0.7375 0.76015625 0.03828125 0.0359375
1 0.72578125 0.68828125 0.0234375 0.04609375
1 0.57734375 0.39140625 0.034375 0.04140625
1 0.57734375 0.428125 0.0421875 0.04140625
1 0.55 0.40703125 0.05 0.04140625
1 0.5671875 0.45078125 0.03828125 0.0359375
1 0.53828125 0.46640625 0.034375 0.0359375
1 0.6078125 0.4640625 0.05 0.04140625
1 0.62734375 0.4171875 0.0578125 0.06171875
1 0.6625 0.4328125 0.0421875 0.04140625
1 0.63125 0.484375 0.034375 0.04140625
1 0.65078125 0.471875 0.034375 0.0359375
1 0.671875 0.4796875 0.03125 0.0515625
1 0.6875 0.45390625 0.03125 0.0515625
1 0.70625 0.48203125 0.0234375 0.02578125
1 0.69296875 0.51796875 0.034375 0.04609375
1 0.65859375 0.54140625 0.0421875 0.04140625
1 0.646875 0.52578125 0.034375 0.04140625
1 0.61796875 0.53828125 0.03125 0.04609375
1 0.62578125 0.57734375 0.03125 0.04140625
1 0.65234375 0.575 0.03125 0.0359375
1 0.596875 0.51796875 0.05 0.0671875
1 0.66953125 0.62109375 0.034375 0.04609375
1 0.63515625 0.61875 0.05 0.04140625
1 0.63359375 0.66484375 0.03125 0.0515625
1 0.6640625 0.65234375 0.03828125 0.0359375
1 0.6875 0.68046875 0.04609375 0.0515625
1 0.69921875 0.71171875 0.03125 0.03125
1 0.6890625 0.7421875 0.034375 0.03125
1 0.6484375 0.7296875 0.04609375 0.04609375
1 0.615625 0.70625 0.02734375 0.03125
1 0.59296875 0.63125 0.034375 0.04609375
1 0.58671875 0.68046875 0.03828125 0.03125
1 0.59296875 0.71171875 0.034375 0.01015625
1 0.5890625 0.7578125 0.034375 0.03125
1 0.55390625 0.68046875 0.01953125 0.0203125
1 0.55625 0.64453125 0.03125 0.0203125
1 0.5578125 0.61875 0.01171875 0.0203125
1 0.5734375 0.59765625 0.034375 0.0515625
1 0.52734375 0.5671875 0.01953125 0.0515625
1 0.51328125 0.50546875 0.03125 0.04140625
1 0.49453125 0.47421875 0.03125 0.0515625
1 0.47109375 0.5640625 0.04609375 0.04609375
1 0.51171875 0.56953125 0.0421875 0.0359375
1 0.434375 0.55390625 0.02734375 0.0359375
1 0.4109375 0.53828125 0.01953125 0.0359375
1 0.46875 0.44609375 0.01171875 0.02578125
1 0.509375 0.44296875 0.0234375 0.04140625
1 0.41484375 0.603125 0.034375 0.0515625
1 0.44765625 0.61875 0.0234375 0.0515625
1 0.47890625 0.61875 0.03828125 0.06171875
1 0.42890625 0.65703125 0.03125 0.0359375
1 0.46171875 0.6671875 0.02734375 0.02578125
1 0.525 0.634375 0.0234375 0.03125
1 0.5078125 0.603125 0.02734375 0.0203125
1 0.5421875 0.61328125 0.02734375 0.03125
1 0.5015625 0.6703125 0.0234375 0.03125
1 0.525 0.6828125 0.0234375 0.0359375
1 0.37421875 0.73984375 0.05390625 0.04609375
1 0.36875 0.825 0.034375 0.04140625
1 0.40546875 0.8171875 0.03125 0.0359375
1 0.39609375 0.77578125 0.034375 0.0359375
1 0.42109375 0.78359375 0.0234375 0.03125
1 0.40703125 0.75 0.02734375 0.0359375
1 0.43828125 0.74453125 0.01953125 0.02578125
1 0.434375 0.690625 0.02734375 0.03125
1 0.44609375 0.72421875 0.02734375 0.02578125
1 0.47109375 0.70078125 0.015625 0.0203125
1 0.4921875 0.7140625 0.01953125 0.02578125
1 0.4578125 0.75546875 0.02734375 0.04609375
1 0.4921875 0.74765625 0.02734375 0.04140625
1 0.5171875 0.75234375 0.0234375 0.03125
1 0.52734375 0.7265625 0.034375 0.03125
1 0.5421875 0.75234375 0.01953125 0.0203125
1 0.565625 0.75546875 0.01953125 0.04609375
1 0.596875 0.79921875 0.034375 0.0203125
1 0.62578125 0.79375 0.015625 0.0203125
1 0.6296875 0.7578125 0.03125 0.03125
1 0.646875 0.78359375 0.034375 0.03125
1 0.66640625 0.7703125 0.034375 0.02578125
1 0.58671875 0.821875 0.0234375 0.0359375
1 0.575 0.84765625 0.03125 0.0359375
1 0.62578125 0.8328125 0.0234375 0.0359375
1 0.5640625 0.8328125 0.03125 0.0359375
1 0.60234375 0.8890625 0.0234375 0.0359375
1 0.540625 0.79375 0.03828125 0.04140625
1 0.5078125 0.79609375 0.02734375 0.04609375
1 0.51171875 0.83984375 0.05 0.03125
1 0.5078125 0.87109375 0.034375 0.04140625
1 0.4765625 0.85078125 0.02734375 0.04140625
1 0.44375 0.85546875 0.03125 0.03125
1 0.44375 0.821875 0.0234375 0.02578125
1 0.46875 0.79375 0.05 0.0515625