1 0.278125 0.8140625 0.18515625 0.1640625
1 0.12890625 0.19375 0.18515625 0.16953125
1 0.06015625 0.71875 0.1203125 0.15859375
1 0.32578125 0.3578125 0.46171875 0.33359375
1 0.36171875 0.371875 0.2 0.0875
1 0.3328125 0.44296875 0.090625 0.0875
1 0.178125 0.4890625 0.1671875 0.15859375
1 0.4421875 0.51875 0.12734375 0.196875
1 0.5109375 0.57890625 0.06171875 0.109375
1 0.5421875 0.36328125 0.0796875 0.09296875
1 0.4984375 0.31953125 0.1234375 0.12578125
1 0.4 0.2953125 0.11640625 0.0875
1 0.3578125 0.584375 0.06171875 0.0875
1 0.3546875 0.69375 0.06171875 0.0765625
1 0.23828125 0.71015625 0.090625 0.0984375
1 0.15078125 0.74609375 0.06875 0.07109375
1 0.16171875 0.6390625 0.06875 0.0984375
1 0.26328125 0.6609375 0.10546875 0.0984375
1 0.34921875 0.65 0.15234375 0.175
1 0.409375 0.77890625 0.06171875 0.04921875
1 0.3984375 0.69375 0.06171875 0.1203125
1 0.45234375 0.69140625 0.06875 0.11484375
1 0.47109375 0.74296875 0.06875 0.0875
1 0.5671875 0.78671875 0.11640625 0.1640625
1 0.78203125 0.60625 0.2109375 0.175
1 0.68515625 0.4453125 0.0984375 0.19140625
1 0.7578125 0.4015625 0.12734375 0.10390625
1 0.6015625 0.45625 0.1125 0.25703125
1 0.36875 0.50546875 0.57109375 0.60625
1 0.71484375 0.2078125 0.52734375 0.415625
1 0.80546875 0.30078125 0.134375 0.1421875
1 0.834375 0.30859375 0.134375 0.10390625
1 0.7453125 0.07109375 0.1234375 0.0984375
1 0.92578125 0.12578125 0.1203125 0.175
1 0.8765625 0.346875 0.07265625 0.04921875
1 0.909375 0.27890625 0.05078125 0.021875
1 0.77109375 0.171875 0.13828125 0.10390625
1 0.67109375 0.1171875 0.090625 0.13671875
1 0.8125 0.42890625 0.08359375 0.07109375