1 0.30546875 0.821875 0.44453125 0.26640625
1 0.54296875 0.86171875 0.03125 0.065625
1 0.553125 0.9296875 0.03515625 0.03984375
1 0.553125 0.75390625 0.03515625 0.03984375
1 0.628125 0.91171875 0.03515625 0.025
1 0.628125 0.9375 0.03515625 0.03515625
1 0.675 0.91953125 0.03515625 0.06015625
1 0.7109375 0.91171875 0.03515625 0.0453125
1 0.79921875 0.8921875 0.03125 0.0453125
1 0.77578125 0.73125 0.0234375 0.03515625
1 0.81875 0.75625 0.03125 0.0453125
1 0.69296875 0.73125 0.0234375 0.01484375
1 0.6734375 0.71640625 0.015625 0.01484375
1 0.65546875 0.7765625 0.03515625 0.025
1 0.8953125 0.6359375 0.20078125 0.29609375
1 0.9328125 0.70390625 0.046875 0.0203125
1 0.92734375 0.39921875 0.1375 0.19609375
1 0.93671875 0.27109375 0.11796875 0.1109375
1 0.91328125 0.1359375 0.13359375 0.17109375
1 0.77734375 0.04765625 0.20859375 0.0953125
1 0.73046875 0.23125 0.3421875 0.38203125
1 0.78515625 0.4546875 0.16171875 0.115625
1 0.71640625 0.4921875 0.10234375 0.10078125
1 0.73828125 0.603125 0.0984375 0.140625
1 0.5453125 0.54765625 0.2953125 0.36171875
1 0.17109375 0.5 0.3421875 0.65859375
1 0.053125 0.13828125 0.0828125 0.14609375
1 0.234375 0.1328125 0.31875 0.265625
1 0.51796875 0.1234375 0.3109375 0.24609375
1 0.36640625 0.29609375 0.3625 0.4421875
1 0.37578125 0.5 0.1140625 0.19609375