1 0.76171875 0.85 0.21484375 0.28984375
1 0.92890625 0.74296875 0.134375 0.50234375
1 0.8765625 0.8390625 0.11640625 0.31171875
1 0.7671875 0.54609375 0.21796875 0.328125
1 0.86875 0.37421875 0.2546875 0.26796875
1 0.8765625 0.153125 0.23984375 0.21875
1 0.67421875 0.2515625 0.25078125 0.4046875
1 0.58203125 0.4671875 0.15234375 0.27890625
1 0.52890625 0.5625 0.20703125 0.2515625
1 0.54375 0.828125 0.21484375 0.33359375
1 0.63671875 0.74296875 0.1015625 0.1859375
1 0.32890625 0.77890625 0.25078125 0.37734375
1 0.2890625 0.4671875 0.35234375 0.26796875
1 0.4578125 0.24296875 0.2109375 0.41015625
1 0.2984375 0.27578125 0.16015625 0.18046875
1 0.33984375 0.1171875 0.12734375 0.15859375
1 0.1421875 0.11484375 0.28359375 0.2296875
1 0.121875 0.29765625 0.24375 0.26796875
1 0.02734375 0.11484375 0.0546875 0.0875
1 0.06171875 0.5765625 0.1234375 0.28984375
1 0.12890625 0.74609375 0.22890625 0.36640625
1 0.26875 0.91796875 0.1890625 0.153125
1 0.41640625 0.915625 0.1203125 0.15859375
1 0.08515625 0.8546875 0.1703125 0.278125