1 0.15703125 0.8640625 0.31328125 0.2609375
1 0.434375 0.89609375 0.2125 0.196875
1 0.93671875 0.7953125 0.11953125 0.39921875
1 0.76328125 0.85390625 0.29453125 0.27109375
1 0.8171875 0.8328125 0.2984375 0.3140625
1 0.8734375 0.4890625 0.24609375 0.31953125
1 0.7296875 0.5640625 0.13828125 0.13828125
1 0.6171875 0.60078125 0.2203125 0.2125
1 0.815625 0.7046875 0.1453125 0.1328125
1 0.48125 0.72890625 0.425 0.2765625
1 0.5390625 0.92578125 0.09296875 0.1171875
1 0.16953125 0.94453125 0.27265625 0.10078125
1 0.25 0.62265625 0.22421875 0.5421875
1 0.0953125 0.56640625 0.16796875 0.43046875
1 0.03203125 0.65703125 0.06328125 0.34609375
1 0.07109375 0.3109375 0.14140625 0.303125
1 0.17890625 0.16484375 0.11953125 0.3296875
1 0.39765625 0.19140625 0.1453125 0.3828125
1 0.01640625 0.0609375 0.0328125 0.121875
1 0.06171875 0.14375 0.1234375 0.2875
1 0.68671875 0.4171875 0.328125 0.16484375
1 0.66953125 0.2078125 0.40703125 0.2765625
1 0.85078125 0.234375 0.20859375 0.2875
1 0.8859375 0.125 0.2203125 0.25
1 0.9703125 0.321875 0.05234375 0.1328125
1 0.68828125 0.05859375 0.20546875 0.1171875
1 0.54375 0.0609375 0.15625 0.121875
1 0.4890625 0.428125 0.22421875 0.5375
1 0.36015625 0.30546875 0.13046875 0.55859375