1 0.64140625 0.12265625 0.0796875 0.12578125
1 0.7859375 0.27890625 0.07265625 0.2078125
1 0.8546875 0.3609375 0.08671875 0.0984375
1 0.89296875 0.33046875 0.06875 0.07109375
1 0.93125 0.32265625 0.05078125 0.0546875
1 0.9328125 0.4046875 0.09765625 0.0875
1 0.98203125 0.45078125 0.02890625 0.08203125
1 0.93125 0.4921875 0.115625 0.1421875
1 0.9640625 0.628125 0.06484375 0.1640625
1 0.92578125 0.73203125 0.14140625 0.328125
1 0.89296875 0.54375 0.0546875 0.07109375
1 0.83125 0.51328125 0.090625 0.13125
1 0.85 0.42890625 0.11953125 0.09296875
1 0.68984375 0.25703125 0.1265625 0.1203125
1 0.71171875 0.35 0.090625 0.0984375
1 0.78984375 0.4265625 0.0796875 0.13125
1 0.7609375 0.5078125 0.15234375 0.2296875
1 0.82265625 0.65546875 0.0578125 0.0984375
1 0.83671875 0.52421875 0.07265625 0.13125
1 0.7859375 0.69140625 0.115625 0.19140625
1 0.76640625 0.77890625 0.08359375 0.10390625
1 0.828125 0.86640625 0.07578125 0.12578125
1 0.74296875 0.86640625 0.0578125 0.09296875
1 0.68984375 0.84453125 0.06875 0.12578125
1 0.6234375 0.63359375 0.203125 0.2078125
1 0.7140625 0.53828125 0.203125 0.16953125
1 0.6359375 0.3828125 0.1046875 0.1640625
1 0.55234375 0.52734375 0.27890625 0.25703125
1 0.54140625 0.33046875 0.08359375 0.13671875
1 0.5890625 0.25390625 0.08359375 0.10390625
1 0.478125 0.22109375 0.10859375 0.15859375
1 0.42578125 0.325 0.06875 0.10390625
1 0.4765625 0.33046875 0.03984375 0.08203125
1 0.3953125 0.30078125 0.13046875 0.3171875
1 0.28984375 0.21328125 0.13046875 0.196875
1 0.18984375 0.259375 0.18515625 0.25703125
1 0.32265625 0.34140625 0.09453125 0.10390625
1 0.0703125 0.36328125 0.06875 0.16953125
1 0.1375 0.38515625 0.07265625 0.12578125
1 0.17734375 0.40703125 0.0796875 0.10390625
1 0.15546875 0.4921875 0.1234375 0.109375
1 0.03046875 0.4171875 0.0609375 0.08125
1 0.046875 0.57890625 0.09375 0.3171875
1 0.103125 0.5984375 0.19921875 0.31171875
1 0.07578125 0.78046875 0.1515625 0.0984375
1 0.0359375 0.909375 0.071875 0.16875
1 0.22265625 0.8609375 0.19921875 0.26796875
1 0.4453125 0.80078125 0.2609375 0.28984375
1 0.5328125 0.77578125 0.08671875 0.35
1 0.5671875 0.8390625 0.09765625 0.22421875
1 0.58671875 0.8359375 0.115625 0.13125
1 0.18671875 0.328125 0.07578125 0.1640625
1 0.11796875 0.6828125 0.08359375 0.1203125
1 0.18828125 0.609375 0.07265625 0.09296875
1 0.2625 0.5625 0.06875 0.0765625
1 0.20078125 0.69140625 0.09765625 0.32265625
1 0.3046875 0.565625 0.225 0.32265625
1 0.42578125 0.51328125 0.20625 0.2953125
1 0.30078125 0.47578125 0.17421875 0.0984375
1 0.38046875 0.4046875 0.09453125 0.0984375