1 0.30625 0.85234375 0.44375 0.2828125
1 0.4640625 0.7265625 0.028125 0.06953125
1 0.475 0.7734375 0.03125 0.05
1 0.93046875 0.93359375 0.10703125 0.11953125
1 0.940625 0.86171875 0.06953125 0.11328125
1 0.984375 0.84296875 0.025 0.11328125
1 0.82421875 0.95 0.11328125 0.08828125
1 0.734375 0.90546875 0.07890625 0.17578125
1 0.7609375 0.68203125 0.13828125 0.32109375
1 0.85546875 0.7546875 0.13203125 0.32734375
1 0.9578125 0.7796875 0.046875 0.08828125
1 0.90703125 0.12265625 0.17890625 0.2453125
1 0.86640625 0.15703125 0.046875 0.13828125
1 0.90390625 0.2046875 0.040625 0.08203125
1 0.978125 0.3078125 0.0375 0.2390625
1 0.9796875 0.33359375 0.028125 0.1890625
1 0.9671875 0.36796875 0.028125 0.10703125
1 0.9515625 0.2671875 0.028125 0.09453125
1 0.89921875 0.2734375 0.05625 0.11953125
1 0.92890625 0.32734375 0.040625 0.10078125
1 0.88046875 0.41796875 0.15078125 0.3078125
1 0.83671875 0.553125 0.04375 0.07578125
1 0.86796875 0.58515625 0.05625 0.08828125
1 0.90703125 0.61328125 0.034375 0.06953125
1 0.91015625 0.68515625 0.046875 0.10078125
1 0.93515625 0.7421875 0.034375 0.10078125
1 0.965625 0.6890625 0.0375 0.06953125
1 0.971875 0.62578125 0.05 0.06953125
1 0.9421875 0.59140625 0.034375 0.11328125
1 0.978125 0.525 0.0375 0.15703125
1 0.75 0.1984375 0.12890625 0.39609375
1 0.7640625 0.2140625 0.2140625 0.42734375
1 0.7703125 0.475 0.08203125 0.16953125
1 0.60234375 0.465625 0.2484375 0.490625
1 0.5421875 0.67890625 0.12265625 0.2515625
1 0.57109375 0.83359375 0.10390625 0.2078125
1 0.5546875 0.965625 0.09765625 0.05625
1 0.64140625 0.88359375 0.10703125 0.2203125
1 0.65546875 0.7796875 0.07265625 0.2015625
1 0.5515625 0.07578125 0.12890625 0.15078125
1 0.63359375 0.06640625 0.059375 0.13203125
1 0.63203125 0.1921875 0.11953125 0.13203125
1 0.62890625 0.2046875 0.0375 0.05625
1 0.33046875 0.10390625 0.16953125 0.2078125
1 0.42578125 0.2828125 0.16640625 0.2515625
1 0.37890625 0.471875 0.2359375 0.56640625
1 0.5046875 0.2109375 0.059375 0.11953125
1 0.5515625 0.2515625 0.053125 0.12578125
1 0.509375 0.3109375 0.0375 0.09453125
1 0.4515625 0.12890625 0.053125 0.10703125
1 0.42578125 0.08515625 0.046875 0.10703125
1 0.46484375 0.0375 0.0640625 0.075
1 0.5046875 0.09140625 0.053125 0.11953125
1 0.5296875 0.040625 0.046875 0.08125
1 0.56640625 0.11640625 0.0375 0.09453125
1 0.5390625 0.14453125 0.040625 0.11328125
1 0.36796875 0.528125 0.16953125 0.37734375
1 0.296875 0.68203125 0.034375 0.04375
1 0.2890625 0.40859375 0.06328125 0.16328125
1 0.21875 0.44375 0.07890625 0.15703125
1 0.17890625 0.31796875 0.07578125 0.15703125
1 0.2484375 0.3015625 0.07578125 0.12578125
1 0.2109375 0.17578125 0.07578125 0.13828125
1 0.13828125 0.1953125 0.07578125 0.16328125
1 0.17421875 0.06328125 0.07265625 0.12578125
1 0.2109375 0.05625 0.025 0.06328125
1 0.2 0.00625 0.028125 0.0125
1 0.2734375 0.2578125 0.01875 0.06328125
1 0.2921875 0.2984375 0.025 0.05625
1 0.24375 0.58515625 0.09140625 0.13828125
1 0.203125 0.68515625 0.16015625 0.10078125
1 0.18203125 0.56328125 0.05 0.09453125
1 0.16015625 0.49375 0.03125 0.06953125
1 0.16796875 0.42734375 0.021875 0.05
1 0.14140625 0.43671875 0.025 0.04375
1 0.11171875 0.35859375 0.07265625 0.16328125
1 0.07578125 0.2734375 0.03125 0.08203125
1 0.08203125 0.2046875 0.0375 0.05625
1 0.11796875 0.08515625 0.028125 0.05625
1 0.06953125 0.12578125 0.05 0.10078125
1 0.0390625 0.0375 0.034375 0.06328125