1 0.10234375 0.46484375 0.20390625 0.278125
1 0.95 0.665625 0.09375 0.278125
1 0.90625 0.87265625 0.18046875 0.24296875
1 0.071875 0.67734375 0.14375 0.23046875
1 0.15703125 0.834375 0.03984375 0.03515625
1 0.13515625 0.884375 0.0234375 0.04140625
1 0.1203125 0.95 0.03359375 0.04140625
1 0.10390625 0.96171875 0.0203125 0.06484375
1 0.0734375 0.9234375 0.03984375 0.03515625
1 0.03515625 0.9671875 0.03671875 0.053125
1 0.53046875 0.3578125 0.24453125 0.2546875
1 0.63359375 0.5328125 0.15703125 0.3078125
1 0.453125 0.5265625 0.20390625 0.34296875
1 0.39453125 0.54765625 0.3140625 0.23046875
1 0.6890625 0.5765625 0.2609375 0.28984375
1 0.690625 0.725 0.17734375 0.2546875
1 0.53828125 0.771875 0.1671875 0.21875
1 0.409375 0.76640625 0.2375 0.21875