1 0.6484375 0.8015625 0.13125 0.18046875
1 0.69140625 0.95078125 0.06953125 0.0875
1 0.828125 0.6984375 0.0734375 0.0671875
1 0.8359375 0.575 0.16640625 0.20078125
1 0.9359375 0.45078125 0.11953125 0.23203125
1 0.9171875 0.24453125 0.15859375 0.21171875
1 0.8046875 0.36875 0.15859375 0.20078125
1 0.80859375 0.16015625 0.16640625 0.20625
1 0.55 0.71171875 0.11953125 0.16484375
1 0.65078125 0.25234375 0.15078125 0.19609375
1 0.69921875 0.07734375 0.1625 0.1546875
1 0.54453125 0.13125 0.1546875 0.18046875
1 0.51953125 0.2734375 0.11953125 0.134375
1 0.57890625 0.0234375 0.1234375 0.04609375
1 0.47421875 0.04609375 0.0859375 0.0921875
1 0.42265625 0.16015625 0.12734375 0.175
1 0.42109375 0.25546875 0.07734375 0.05703125
1 0.44609375 0.35859375 0.12734375 0.14921875
1 0.409375 0.50546875 0.115625 0.14453125
1 0.32421875 0.55390625 0.09296875 0.10859375
1 0.29375 0.5125 0.1078125 0.16015625
1 0.26640625 0.41015625 0.1078125 0.1390625
1 0.19296875 0.484375 0.09296875 0.134375
1 0.359375 0.40234375 0.09296875 0.09296875
1 0.3375 0.278125 0.11171875 0.1546875
1 0.25078125 0.25 0.1 0.1390625
1 0.29765625 0.10546875 0.1078125 0.18046875
1 0.3703125 0.0515625 0.1234375 0.103125