1 0.9671875 0.95390625 0.0578125 0.08203125
1 0.8890625 0.9265625 0.06875 0.09296875
1 0.83984375 0.96484375 0.0578125 0.06015625
1 0.778125 0.95625 0.0578125 0.0765625
1 0.7578125 0.828125 0.06875 0.10390625
1 0.6453125 0.88828125 0.1203125 0.18046875
1 0.53125 0.8171875 0.11640625 0.18046875
1 0.57109375 0.9703125 0.04375 0.04921875
1 0.11484375 0.175 0.22890625 0.35
1 0.2234375 0.3609375 0.12734375 0.1859375
1 0.13828125 0.6828125 0.109375 0.153125
1 0.19453125 0.7921875 0.1203125 0.2078125
1 0.26875 0.90703125 0.1453125 0.175
1 0.36015625 0.959375 0.065625 0.07109375
1 0.42734375 0.9703125 0.06875 0.04921875
1 0.04765625 0.88515625 0.09453125 0.21875
1 0.02578125 0.9375 0.05078125 0.11484375
1 0.07109375 0.80625 0.1421875 0.37734375
1 0.16875 0.91015625 0.06875 0.16953125
1 0.13671875 0.45625 0.27265625 0.30078125
1 0.27265625 0.4703125 0.17421875 0.328125
1 0.28203125 0.4921875 0.19296875 0.30625
1 0.30546875 0.4921875 0.2109375 0.30625
1 0.30546875 0.50546875 0.24765625 0.27890625
1 0.30703125 0.540625 0.24375 0.2296875
1 0.49453125 0.96484375 0.02890625 0.03828125
1 0.4875 0.92109375 0.04375 0.07109375
1 0.509375 0.9125 0.01484375 0.0328125
1 0.46328125 0.9375 0.02578125 0.06015625
1 0.434375 0.91796875 0.0328125 0.065625
1 0.44765625 0.85 0.03671875 0.07109375
1 0.4578125 0.80859375 0.01484375 0.04375
1 0.44375 0.7953125 0.021875 0.03828125
1 0.42890625 0.7625 0.02890625 0.06015625
1 0.41640625 0.71875 0.02578125 0.04921875
1 0.390625 0.68046875 0.03984375 0.03828125
1 0.36171875 0.6640625 0.02578125 0.03828125
1 0.32734375 0.67734375 0.03671875 0.0546875
1 0.35234375 0.70234375 0.03671875 0.04921875
1 0.36015625 0.7484375 0.04375 0.0546875
1 0.3875 0.72109375 0.0328125 0.0546875
1 0.4015625 0.75703125 0.0328125 0.06015625
1 0.4203125 0.80859375 0.03984375 0.04375
1 0.38515625 0.803125 0.03671875 0.065625
1 0.4125 0.85546875 0.03984375 0.06015625
1 0.4 0.915625 0.03671875 0.07109375
1 0.3578125 0.88828125 0.0328125 0.04921875
1 0.378125 0.85546875 0.02890625 0.04921875
1 0.33828125 0.86875 0.02890625 0.04375
1 0.34921875 0.82265625 0.03671875 0.07109375
1 0.309375 0.8359375 0.04375 0.0765625
1 0.334375 0.759375 0.04375 0.065625
1 0.3 0.76796875 0.02578125 0.06015625
1 0.30703125 0.72109375 0.04765625 0.0546875
1 0.30703125 0.65546875 0.0546875 0.0875
1 0.265625 0.69921875 0.04375 0.0546875
1 0.26875 0.7734375 0.04375 0.09296875
1 0.26171875 0.64765625 0.05078125 0.06015625
1 0.28515625 0.57890625 0.03984375 0.065625
1 0.31484375 0.5625 0.03984375 0.065625
1 0.35078125 0.609375 0.0328125 0.04921875
1 0.3765625 0.609375 0.02578125 0.02734375
1 0.39453125 0.64453125 0.0328125 0.0546875
1 0.43125 0.64453125 0.03984375 0.065625
1 0.4328125 0.5953125 0.03671875 0.04375
1 0.4453125 0.5625 0.0328125 0.04375
1 0.421875 0.53828125 0.02890625 0.04921875
1 0.4015625 0.57109375 0.04765625 0.06015625
1 0.38359375 0.521875 0.03984375 0.03828125
1 0.35078125 0.5328125 0.03984375 0.06015625