1 0.56640625 0.5640625 0.1890625 0.3625
1 0.759375 0.5234375 0.109375 0.28203125
1 0.48671875 0.4359375 0.14765625 0.3359375
1 0.58984375 0.27890625 0.12421875 0.23515625
1 0.340625 0.30859375 0.13828125 0.18828125
1 0.4484375 0.76484375 0.1359375 0.21484375
1 0.2640625 0.6546875 0.09140625 0.23515625
1 0.5296875 0.07734375 0.08515625 0.1546875
1 0.3890625 0.12109375 0.1296875 0.12109375
1 0.64296875 0.140625 0.1296875 0.18828125
1 0.67109375 0.271875 0.05 0.10078125
1 0.69921875 0.2984375 0.07109375 0.140625
1 0.64609375 0.41640625 0.06484375 0.14765625
1 0.7078125 0.48671875 0.1 0.28828125
1 0.69296875 0.62109375 0.09453125 0.18125
1 0.77265625 0.62109375 0.0765625 0.2078125
1 0.7171875 0.7484375 0.046875 0.0734375
1 0.6609375 0.78828125 0.11796875 0.06015625
1 0.628125 0.71171875 0.159375 0.21484375
1 0.528125 0.76171875 0.06484375 0.19453125
1 0.4484375 0.62421875 0.09453125 0.10703125
1 0.32734375 0.6640625 0.08828125 0.2546875
1 0.39375 0.55703125 0.103125 0.18828125
1 0.38046875 0.73515625 0.09453125 0.2078125
1 0.3625 0.37265625 0.159375 0.22109375
1 0.28203125 0.45 0.05625 0.1609375
1 0.21953125 0.5234375 0.04453125 0.228125
1 0.240625 0.359375 0.08515625 0.06015625
1 0.25390625 0.275 0.09453125 0.0671875
1 0.29765625 0.2015625 0.0828125 0.134375
1 0.36015625 0.2046875 0.03515625 0.046875
1 0.39375 0.184375 0.04453125 0.0734375
1 0.43828125 0.21796875 0.06796875 0.0734375
1 0.4984375 0.19140625 0.0828125 0.12734375