1 0.97890625 0.79765625 0.03359375 0.07890625
1 0.871875 0.75234375 0.0453125 0.05234375
1 0.8109375 0.765625 0.06015625 0.08984375
1 0.73046875 0.715625 0.04921875 0.06328125
1 0.65859375 0.72890625 0.04921875 0.06875
1 0.6734375 0.81015625 0.0265625 0.0421875
1 0.5546875 0.86875 0.0375 0.05234375
1 0.70390625 0.6078125 0.0640625 0.07890625
1 0.746875 0.634375 0.0375 0.06875
1 0.81875 0.60234375 0.0375 0.03671875
1 0.88125 0.60234375 0.0640625 0.0578125
1 0.9015625 0.56328125 0.053125 0.05234375
1 0.96796875 0.56015625 0.05625 0.06875
1 0.9359375 0.52109375 0.06015625 0.05234375
1 0.85625 0.51875 0.06015625 0.0578125
1 0.8890625 0.5265625 0.0265625 0.03125
1 0.9 0.49765625 0.04921875 0.0578125
1 0.84140625 0.565625 0.0453125 0.04765625
1 0.7921875 0.55234375 0.0453125 0.05234375
1 0.73203125 0.5265625 0.053125 0.0421875
1 0.771875 0.48125 0.04140625 0.03671875
1 0.92109375 0.34765625 0.06796875 0.05234375
1 0.9640625 0.40234375 0.0640625 0.06875
1 0.93984375 0.25234375 0.0453125 0.06328125
1 0.97578125 0.3 0.04140625 0.06328125
1 0.88125 0.27890625 0.04921875 0.0421875
1 0.8921875 0.334375 0.03359375 0.04765625
1 0.92421875 0.3421875 0.053125 0.0421875
1 0.77578125 0.31015625 0.04140625 0.06328125
1 0.85625 0.18984375 0.0375 0.05234375
1 0.93359375 0.1578125 0.071875 0.09453125
1 0.8546875 0.15 0.03359375 0.04765625
1 0.8984375 0.09765625 0.06015625 0.04765625
1 0.8078125 0.13125 0.053125 0.0421875
1 0.81484375 0.1765625 0.053125 0.0578125
1 0.76796875 0.1421875 0.04921875 0.084375
1 0.7890625 0.09453125 0.03046875 0.03125
1 0.71328125 0.10234375 0.053125 0.0578125
1 0.75625 0.05546875 0.04921875 0.04765625
1 0.7953125 0.01015625 0.053125 0.0203125
1 0.65078125 0.2265625 0.03359375 0.06328125
1 0.690625 0.25234375 0.0453125 0.05234375
1 0.66640625 0.29453125 0.04921875 0.06328125
1 0.74140625 0.26015625 0.04140625 0.03671875
1 0.71328125 0.28125 0.0375 0.0265625
1 0.64921875 0.35546875 0.06796875 0.08984375
1 0.62109375 0.30234375 0.03359375 0.03671875
1 0.57734375 0.284375 0.0453125 0.0421875
1 0.58515625 0.33671875 0.0453125 0.06328125
1 0.61328125 0.40234375 0.04921875 0.04765625
1 0.65625 0.43671875 0.07578125 0.05234375
1 0.7171875 0.415625 0.053125 0.0734375
1 0.66953125 0.4921875 0.04921875 0.04765625
1 0.6546875 0.55 0.07890625 0.06875
1 0.609375 0.5 0.04921875 0.06328125
1 0.590625 0.46328125 0.04140625 0.0734375
1 0.553125 0.4765625 0.04921875 0.04765625
1 0.5 0.4734375 0.0640625 0.0734375
1 0.53046875 0.54453125 0.04140625 0.0578125
1 0.56953125 0.534375 0.06796875 0.06875
1 0.55625 0.58984375 0.04140625 0.05234375
1 0.57890625 0.61015625 0.04140625 0.06328125
1 0.52109375 0.61328125 0.0375 0.04765625
1 0.509375 0.6578125 0.0453125 0.05234375
1 0.46796875 0.64765625 0.0375 0.05234375
1 0.453125 0.4921875 0.0375 0.04765625
1 0.43046875 0.45546875 0.03046875 0.04765625
1 0.40390625 0.47109375 0.02265625 0.0265625
1 0.4359375 0.41328125 0.04921875 0.0578125
1 0.47890625 0.41875 0.0375 0.0578125
1 0.4984375 0.4734375 0.053125 0.06328125
1 0.46640625 0.34453125 0.04921875 0.04765625
1 0.471875 0.2921875 0.053125 0.04765625
1 0.51328125 0.32890625 0.0453125 0.0578125
1 0.5171875 0.28125 0.0375 0.03671875
1 0.47578125 0.23125 0.0453125 0.06328125
1 0.52421875 0.234375 0.0453125 0.0578125
1 0.62109375 0.1765625 0.03359375 0.0578125
1 0.5625 0.09765625 0.0453125 0.06875
1 0.61328125 0.03984375 0.04921875 0.04765625
1 0.64140625 0.015625 0.06796875 0.03125
1 0.56796875 0.03125 0.04921875 0.05234375
1 0.4359375 0.1578125 0.04140625 0.06328125
1 0.4640625 0.15234375 0.01484375 0.02109375
1 0.39453125 0.1921875 0.05625 0.06875
1 0.3453125 0.16875 0.04921875 0.0421875
1 0.271875 0.21015625 0.03046875 0.03125
1 0.26640625 0.13125 0.04921875 0.0421875
1 0.3 0.1234375 0.03359375 0.03671875
1 0.26796875 0.10234375 0.03046875 0.0265625
1 0.38515625 0.06875 0.0375 0.03125
1 0.42109375 0.06875 0.03359375 0.0421875
1 0.45625 0.08984375 0.0453125 0.03125
1 0.42109375 0.01875 0.04140625 0.03671875
1 0.4546875 0.015625 0.03359375 0.03125
1 0.36640625 0.01328125 0.0453125 0.0265625
1 0.3640625 0.0265625 0.04921875 0.05234375
1 0.2375 0.065625 0.02265625 0.03671875
1 0.2625 0.0421875 0.04140625 0.0421875
1 0.27890625 0.0265625 0.03046875 0.05234375
1 0.23515625 0.0234375 0.0328125 0.046875
1 0.21328125 0.0421875 0.03359375 0.0421875
1 0.2015625 0.00546875 0.03359375 0.01015625
1 0.18515625 0.01875 0.03046875 0.03671875
1 0.12265625 0.08984375 0.04140625 0.06328125
1 0.11875 0.17109375 0.04140625 0.06875
1 0.10546875 0.2 0.0375 0.05234375
1 0.0828125 0.234375 0.053125 0.04765625
1 0.03046875 0.23125 0.053125 0.05234375
1 0.00546875 0.19765625 0.0109375 0.06875
1 0.246875 0.5078125 0.04921875 0.07890625
1 0.31875 0.59765625 0.04921875 0.06875
1 0.2921875 0.63125 0.03359375 0.06328125
1 0.2546875 0.58984375 0.05625 0.084375
1 0.21484375 0.63125 0.03046875 0.05234375
1 0.25078125 0.66015625 0.05625 0.04765625
1 0.21484375 0.53125 0.0375 0.06328125
1 0.1984375 0.48671875 0.05625 0.04765625
1 0.146875 0.51015625 0.0453125 0.05234375
1 0.1734375 0.54453125 0.0453125 0.0578125
1 0.15859375 0.59765625 0.053125 0.06875
1 0.13203125 0.56328125 0.0375 0.06328125
1 0.1078125 0.50234375 0.03359375 0.03671875
1 0.08515625 0.4765625 0.04140625 0.04765625
1 0.11484375 0.46875 0.03359375 0.03125
1 0.12109375 0.42890625 0.0453125 0.0578125
1 0.1625 0.41875 0.0375 0.04765625
1 0.13359375 0.3765625 0.03359375 0.03671875
1 0.109375 0.35234375 0.0375 0.06328125
1 0.06640625 0.29765625 0.04140625 0.0578125
1 0.03046875 0.29765625 0.02265625 0.03671875
1 0.04140625 0.34453125 0.053125 0.0578125
1 0.0109375 0.27890625 0.021875 0.0734375
1 0.009375 0.35546875 0.01875 0.0265625
1 0.06796875 0.38671875 0.0375 0.0265625
1 0.06796875 0.42890625 0.0453125 0.04765625
1 0.02109375 0.53984375 0.04140625 0.08984375
1 0.06015625 0.6 0.0453125 0.06328125
1 0.11484375 0.61875 0.0640625 0.0578125
1 0.10546875 0.66328125 0.06015625 0.05234375
1 0.16796875 0.6578125 0.05625 0.05234375
1 0.21328125 0.71875 0.05625 0.06875
1 0.246875 0.68984375 0.0640625 0.05234375
1 0.16015625 0.77109375 0.04921875 0.06875
1 0.109375 0.75234375 0.0375 0.0421875
1 0.17578125 0.8421875 0.05625 0.05234375
1 0.07890625 0.82109375 0.06015625 0.084375
1 0.028125 0.81328125 0.05625 0.06875
1 0.42109375 0.89453125 0.04921875 0.05234375
1 0.390625 0.865625 0.04140625 0.06875
1 0.36796875 0.81015625 0.0640625 0.084375
1 0.3453125 0.85546875 0.04921875 0.04765625
1 0.3625 0.9 0.06015625 0.0421875
1 0.2890625 0.8921875 0.0640625 0.04765625
1 0.290625 0.83984375 0.06015625 0.06875
1 0.3109375 0.77109375 0.04140625 0.0578125
1 0.34921875 0.76015625 0.03359375 0.04765625
1 0.33203125 0.7265625 0.053125 0.0421875
1 0.271875 0.76015625 0.0453125 0.04765625
1 0.23359375 0.81015625 0.06015625 0.0734375