1 0.89453125 0.6921875 0.17265625 0.35234375
1 0.971875 0.62890625 0.05 0.2015625
1 0.984375 0.8078125 0.025 0.18203125
1 0.88046875 0.7921875 0.2328125 0.40234375
1 0.7953125 0.82421875 0.2328125 0.2640625
1 0.7625 0.90234375 0.14140625 0.18203125
1 0.6921875 0.93359375 0.05 0.11953125
1 0.60703125 0.85234375 0.18203125 0.2828125
1 0.528125 0.92734375 0.11328125 0.13203125
1 0.5 0.7640625 0.10703125 0.1953125
1 0.525 0.66953125 0.10078125 0.14453125
1 0.63515625 0.7265625 0.07578125 0.08203125
1 0.65546875 0.65078125 0.11640625 0.1953125
1 0.57265625 0.534375 0.10078125 0.2140625
1 0.5078125 0.56328125 0.040625 0.09453125
1 0.42890625 0.88984375 0.12890625 0.2078125
1 0.30625 0.93671875 0.12265625 0.11328125
1 0.36484375 0.7703125 0.14453125 0.2703125
1 0.41328125 0.62265625 0.14140625 0.2265625
1 0.43671875 0.49375 0.10078125 0.16953125
1 0.5078125 0.35234375 0.14140625 0.3015625
1 0.61796875 0.40234375 0.040625 0.17578125
1 0.703125 0.45625 0.17890625 0.33359375
1 0.88046875 0.475 0.2203125 0.534375
1 0.91796875 0.48125 0.0375 0.06953125
1 0.9578125 0.521875 0.046875 0.06328125
1 0.96875 0.42734375 0.05625 0.2640625
1 0.90546875 0.2984375 0.0375 0.09453125
1 0.87890625 0.34921875 0.040625 0.09453125
1 0.86640625 0.2890625 0.059375 0.06328125
1 0.82265625 0.2765625 0.021875 0.05
1 0.7953125 0.2265625 0.0375 0.05
1 0.8015625 0.37421875 0.10703125 0.2703125
1 0.82890625 0.2109375 0.09765625 0.15703125
1 0.9390625 0.16328125 0.11015625 0.1890625
1 0.975 0.1984375 0.04375 0.16953125
1 0.87109375 0.16953125 0.05625 0.08828125
1 0.87109375 0.08515625 0.06328125 0.16953125
1 0.90546875 0.07890625 0.06953125 0.15703125
1 0.940625 0.05 0.05 0.08828125
1 0.81953125 0.07890625 0.028125 0.08203125
1 0.84765625 0.09140625 0.034375 0.10703125
1 0.7875 0.053125 0.028125 0.08203125
1 0.759375 0.06328125 0.034375 0.07578125
1 0.7234375 0.0375 0.01875 0.05
1 0.696875 0.0125 0.021875 0.025
1 0.64140625 0.06953125 0.15703125 0.08828125
1 0.734375 0.10703125 0.040625 0.07578125
1 0.778125 0.13515625 0.053125 0.09453125
1 0.7203125 0.1984375 0.10703125 0.11953125
1 0.67109375 0.13828125 0.08515625 0.10078125
1 0.62734375 0.17265625 0.046875 0.08203125
1 0.59140625 0.17890625 0.03125 0.09453125
1 0.5578125 0.13515625 0.08515625 0.13203125
1 0.5390625 0.17578125 0.034375 0.06328125
1 0.5546875 0.2234375 0.021875 0.05625
1 0.58046875 0.2703125 0.034375 0.07578125
1 0.61640625 0.2609375 0.08828125 0.10703125
1 0.471875 0.16015625 0.09453125 0.2078125
1 0.49453125 0.040625 0.0671875 0.08125
1 0.5625 0.034375 0.06875 0.06875
1 0.60703125 0.015625 0.0375 0.03125
1 0.42109375 0.2421875 0.06328125 0.2453125
1 0.42109375 0.38984375 0.03125 0.06328125
1 0.33046875 0.31796875 0.16953125 0.35859375
1 0.34765625 0.540625 0.07890625 0.10078125
1 0.2796875 0.6984375 0.12578125 0.2765625
1 0.2265625 0.88671875 0.10703125 0.1890625
1 0.13359375 0.940625 0.14140625 0.10703125
1 0.12578125 0.85859375 0.11328125 0.11953125
1 0.16640625 0.7078125 0.10703125 0.1953125
1 0.228125 0.57890625 0.07890625 0.13828125
1 0.2859375 0.5 0.05625 0.13203125
1 0.2234375 0.41484375 0.08828125 0.2015625
1 0.221875 0.36171875 0.053125 0.09453125
1 0.11015625 0.2015625 0.2203125 0.40234375
1 0.34140625 0.10078125 0.37421875 0.2015625
1 0.40625 0.05 0.128125 0.1
1 0.25859375 0.040625 0.0859375 0.08125
1 0.3109375 0.021875 0.0375 0.04375
1 0.221875 0.09453125 0.059375 0.08828125
1 0.225 0.2546875 0.053125 0.11953125
1 0.12734375 0.478125 0.14140625 0.2140625
1 0.11484375 0.7046875 0.16015625 0.3015625
1 0.0359375 0.9296875 0.071875 0.125
1 0.0265625 0.67890625 0.053125 0.2515625
1 0.0390625 0.50859375 0.078125 0.2265625
1 0.4984375 0.496875 0.996875 0.99375