1 0.7828125 0.61328125 0.19375 0.39296875
1 0.8765625 0.41953125 0.19375 0.375
1 0.859375 0.35703125 0.09375 0.17890625
1 0.328125 0.2265625 0.1671875 0.45234375
1 0.37265625 0.38359375 0.090625 0.3515625
1 0.34453125 0.5953125 0.0734375 0.14296875
1 0.24453125 0.54140625 0.1140625 0.2265625
1 0.4265625 0.8125 0.19765625 0.36328125
1 0.525 0.75625 0.0671875 0.2859375
1 0.49140625 0.4765625 0.13359375 0.309375
1 0.48828125 0.25625 0.140625 0.309375
1 0.140625 0.44375 0.27421875 0.45859375
1 0.1953125 0.7828125 0.22421875 0.26796875
1 0.24921875 0.86328125 0.20390625 0.26171875
1 0.0453125 0.73515625 0.090625 0.51796875
1 0.090625 0.05390625 0.18046875 0.10703125
1 0.30078125 0.0890625 0.2671875 0.178125
1 0.43125 0.05625 0.1 0.1125
1 0.07890625 0.14296875 0.15703125 0.14296875