1 0.6171875 0.51875 0.3640625 0.4921875
1 0.76953125 0.8234375 0.2828125 0.3421875
1 0.93828125 0.7328125 0.115625 0.3421875
1 0.94453125 0.925 0.10390625 0.1390625
1 0.884375 0.371875 0.2234375 0.41171875
1 0.89765625 0.08828125 0.196875 0.1765625
1 0.65234375 0.09375 0.30859375 0.1875
1 0.67109375 0.278125 0.27109375 0.22421875
1 0.58515625 0.92265625 0.196875 0.14453125
1 0.56484375 0.796875 0.16328125 0.1390625
1 0.46484375 0.65546875 0.15625 0.240625
1 0.43125 0.3265625 0.215625 0.278125
1 0.45703125 0.146875 0.2234375 0.29375
1 0.29921875 0.06953125 0.15234375 0.1390625
1 0.20234375 0.17890625 0.175 0.27265625
1 0.3234375 0.18203125 0.0671875 0.10703125
1 0.23203125 0.409375 0.09296875 0.165625
1 0.31953125 0.34765625 0.096875 0.1921875
1 0.315625 0.55625 0.1484375 0.22421875
1 0.2859375 0.74296875 0.059375 0.128125
1 0.3734375 0.73828125 0.115625 0.128125
1 0.440625 0.8609375 0.16015625 0.203125
1 0.48671875 0.97578125 0.15625 0.0375
1 0.24140625 0.66875 0.11171875 0.1390625
1 0.16953125 0.53203125 0.08515625 0.1125
1 0.13203125 0.37734375 0.1078125 0.1875
1 0.0765625 0.50234375 0.1 0.16015625
1 0.05390625 0.27265625 0.1078125 0.18203125
1 0.05 0.09921875 0.078125 0.14453125
1 0.14296875 0.08828125 0.1078125 0.15546875
1 0.196875 0.02109375 0.059375 0.0421875
1 0.0984375 0.02421875 0.13046875 0.0484375
1 0.8125 0.38515625 0.1453125 0.0640625