1 0.88828125 0.71640625 0.21640625 0.3609375
1 0.70234375 0.64921875 0.13125 0.09296875
1 0.76484375 0.75 0.09296875 0.12890625
1 0.66640625 0.73984375 0.10390625 0.09765625
1 0.65078125 0.83984375 0.16640625 0.134375
1 0.75703125 0.85546875 0.06953125 0.09296875
1 0.3703125 0.79375 0.18515625 0.21640625
1 0.509375 0.78125 0.1625 0.23203125
1 0.50546875 0.66015625 0.06171875 0.0828125
1 0.56953125 0.6703125 0.065625 0.103125
1 0.61171875 0.59765625 0.05 0.0828125
1 0.57109375 0.5359375 0.06171875 0.09296875
1 0.62734375 0.54609375 0.065625 0.0828125
1 0.70078125 0.57734375 0.0734375 0.06171875
1 0.51171875 0.5828125 0.0578125 0.09296875
1 0.459375 0.61875 0.04609375 0.0828125
1 0.459375 0.56171875 0.06171875 0.06171875
1 0.57734375 0.46875 0.0578125 0.071875
1 0.63515625 0.471875 0.0578125 0.0875
1 0.69296875 0.4796875 0.05 0.09296875
1 0.62734375 0.425 0.0578125 0.0359375
1 0.66015625 0.40703125 0.05390625 0.06171875
1 0.5421875 0.4125 0.065625 0.071875
1 0.57890625 0.33515625 0.05390625 0.071875
1 0.5890625 0.40234375 0.034375 0.06171875
1 0.61796875 0.365625 0.04609375 0.0828125
1 0.5234375 0.3453125 0.0578125 0.0515625
1 0.70234375 0.2859375 0.1625 0.2421875
1 0.80078125 0.24765625 0.0578125 0.14453125
1 0.8375 0.3140625 0.17734375 0.1859375
1 0.91875 0.3453125 0.1234375 0.134375
1 0.36328125 0.64453125 0.115625 0.09296875
1 0.21015625 0.54375 0.15078125 0.18046875
1 0.1 0.615625 0.1546875 0.16015625
1 0.065625 0.77578125 0.1234375 0.23203125
1 0.17734375 0.8375 0.29375 0.18046875
1 0.24921875 0.70625 0.14296875 0.16484375
1 0.15078125 0.71640625 0.08515625 0.103125
1 0.0890625 0.484375 0.17734375 0.37109375
1 0.29765625 0.29921875 0.29375 0.484375
1 0.57734375 0.265625 0.10390625 0.1390625