1 0.88984375 0.6953125 0.14453125 0.234375
1 0.90859375 0.265625 0.14453125 0.25
1 0.709375 0.29140625 0.21640625 0.29140625
1 0.6390625 0.58828125 0.175 0.23984375
1 0.6828125 0.79140625 0.1484375 0.15625
1 0.46796875 0.70546875 0.159375 0.203125
1 0.4125 0.47421875 0.17109375 0.22890625
1 0.4640625 0.21328125 0.1671875 0.22890625
1 0.596875 0.3984375 0.19765625 0.22421875
1 0.85390625 0.47421875 0.23203125 0.22890625
1 0.83671875 0.1328125 0.1140625 0.171875
1 0.38046875 0.1328125 0.25078125 0.21328125
1 0.23203125 0.33046875 0.20546875 0.19296875
1 0.1125 0.18984375 0.11015625 0.19296875
1 0.25859375 0.56484375 0.1671875 0.21328125
1 0.296875 0.78125 0.159375 0.22890625
1 0.121875 0.71875 0.09140625 0.17734375
1 0.096875 0.46875 0.1859375 0.23984375