1 0.4625 0.415625 0.26640625 0.29765625
1 0.49296875 0.615625 0.26640625 0.146875
1 0.53125 0.77109375 0.10234375 0.1640625
1 0.653125 0.67578125 0.0796875 0.2046875
1 0.73359375 0.6265625 0.115625 0.115625
1 0.7265625 0.5421875 0.084375 0.13359375
1 0.7046875 0.29296875 0.1109375 0.09765625
1 0.55078125 0.1734375 0.10703125 0.115625
1 0.15546875 0.484375 0.178125 0.053125
1 0.18203125 0.4109375 0.15078125 0.06640625
1 0.26875 0.378125 0.146875 0.115625
1 0.178125 0.27578125 0.0890625 0.0625
1 0.2640625 0.24453125 0.12890625 0.0890625
1 0.3640625 0.26640625 0.09765625 0.0796875
1 0.35078125 0.178125 0.12421875 0.0796875
1 0.44453125 0.19140625 0.115625 0.09765625
1 0.46875 0.13125 0.0578125 0.09296875
1 0.553125 0.2359375 0.10234375 0.0890625
1 0.52421875 0.29296875 0.10703125 0.09765625
1 0.60703125 0.3625 0.1375 0.12890625
1 0.7421875 0.41328125 0.10703125 0.115625
1 0.815625 0.50703125 0.06640625 0.10703125
1 0.73359375 0.54921875 0.0625 0.1109375
1 0.3625 0.83359375 0.07578125 0.06640625
1 0.42890625 0.76875 0.12890625 0.13359375
1 0.31328125 0.76640625 0.1203125 0.1203125
1 0.14921875 0.5640625 0.084375 0.115625
1 0.31328125 0.615625 0.24453125 0.2
1 0.4265625 0.70703125 0.10703125 0.09765625
1 0.2109375 0.678125 0.10234375 0.12890625
1 0.2265625 0.73359375 0.053125 0.0625
1 0.453125 0.47578125 0.78203125 0.79140625