1 0.709375 0.65546875 0.109375 0.67734375
1 0.55625 0.64453125 0.24765625 0.69921875
1 0.4765625 0.56796875 0.26171875 0.52421875
1 0.4203125 0.4921875 0.3015625 0.4484375
1 0.44921875 0.34140625 0.16328125 0.33359375
1 0.56875 0.128125 0.1125 0.21328125
1 0.6625 0.1390625 0.228125 0.278125
1 0.66171875 0.284375 0.1234375 0.0984375
1 0.7765625 0.09296875 0.18515625 0.1859375
1 0.28515625 0.8140625 0.37421875 0.3609375
1 0.078125 0.5953125 0.15625 0.2515625
1 0.22734375 0.52421875 0.1421875 0.30625
1 0.33125 0.459375 0.0796875 0.2515625
1 0.38515625 0.3359375 0.05078125 0.04921875
1 0.06171875 0.328125 0.1234375 0.2078125
1 0.2 0.284375 0.15234375 0.153125
1 0.3015625 0.26484375 0.0875 0.13671875
1 0.3984375 0.215625 0.1125 0.06015625
1 0.3890625 0.27578125 0.09453125 0.08203125