1 0.575 0.43515625 0.20703125 0.2796875
1 0.65703125 0.28984375 0.09609375 0.0828125
1 0.728125 0.409375 0.10703125 0.17578125
1 0.75078125 0.61953125 0.13828125 0.20234375
1 0.8375 0.60078125 0.0578125 0.1140625
1 0.75703125 0.846875 0.1265625 0.18125
1 0.66875 0.7515625 0.1109375 0.1453125
1 0.584375 0.69140625 0.103125 0.1609375
1 0.64140625 0.89375 0.1109375 0.1609375
1 0.54609375 0.9375 0.1265625 0.1140625
1 0.46953125 0.775 0.17265625 0.2328125
1 0.43671875 0.58046875 0.12265625 0.165625
1 0.31796875 0.68359375 0.1609375 0.21796875
1 0.30625 0.22265625 0.45234375 0.41484375