1 0.8109375 0.721875 0.04609375 0.06171875
1 0.828125 0.78125 0.0578125 0.05703125
1 0.78359375 0.80703125 0.04609375 0.0671875
1 0.778125 0.74765625 0.02734375 0.04140625
1 0.74921875 0.74453125 0.03828125 0.05703125
1 0.7375 0.8140625 0.04609375 0.0828125
1 0.6953125 0.8015625 0.04609375 0.05703125
1 0.70859375 0.7421875 0.05 0.06171875
1 0.721875 0.68828125 0.03125 0.04609375
1 0.6796875 0.68828125 0.04609375 0.05703125
1 0.65078125 0.6546875 0.0421875 0.04140625
1 0.64296875 0.70078125 0.02734375 0.04140625
1 0.63515625 0.60859375 0.0421875 0.04140625
1 0.615625 0.6546875 0.034375 0.0515625
1 0.5890625 0.61875 0.034375 0.03125
1 0.5734375 0.58984375 0.034375 0.02578125
1 0.55625 0.62890625 0.04609375 0.04140625
1 0.58515625 0.6546875 0.034375 0.0203125
1 0.53671875 0.59765625 0.03828125 0.04140625
1 0.509375 0.5828125 0.03828125 0.03125
1 0.48046875 0.5671875 0.0421875 0.03125
1 0.48046875 0.53359375 0.02734375 0.0359375
1 0.43828125 0.53125 0.05 0.04140625
1 0.34921875 0.76796875 0.065625 0.11328125
1 0.303125 0.45859375 0.034375 0.03125
1 0.29921875 0.4921875 0.034375 0.02578125
1 0.33359375 0.51015625 0.05 0.0515625
1 0.34921875 0.46640625 0.034375 0.02578125
1 0.2625 0.484375 0.04609375 0.06171875
1 0.6078125 0.76015625 0.13515625 0.14921875
1 0.60625 0.89140625 0.13125 0.14453125
1 0.44765625 0.94296875 0.1625 0.103125
1 0.490625 0.821875 0.17734375 0.1703125
1 0.34921875 0.89921875 0.11171875 0.12890625
1 0.4109375 0.63671875 0.096875 0.16015625
1 0.3359375 0.63125 0.13125 0.16015625
1 0.24140625 0.6671875 0.065625 0.07734375
1 0.25703125 0.765625 0.11171875 0.09765625
1 0.2875 0.8140625 0.0578125 0.04140625
1 0.71640625 0.55703125 0.0578125 0.04140625
1 0.778125 0.5828125 0.065625 0.04140625
1 0.6546875 0.54375 0.05 0.02578125
1 0.696875 0.5796875 0.0734375 0.02578125
1 0.73359375 0.6234375 0.03125 0.0515625
1 0.853125 0.603125 0.05390625 0.0828125
1 0.9359375 0.63671875 0.11953125 0.0671875
1 0.9359375 0.6859375 0.11953125 0.0203125
1 0.90546875 0.70390625 0.11953125 0.14921875
1 0.79921875 0.64921875 0.08515625 0.0828125
1 0.7625 0.6671875 0.05 0.10859375
1 0.1890625 0.69296875 0.05390625 0.10859375
1 0.23515625 0.59296875 0.06953125 0.0828125
1 0.2875 0.55390625 0.065625 0.04609375
1 0.15234375 0.603125 0.096875 0.09296875
1 0.20078125 0.5359375 0.06953125 0.04140625
1 0.23515625 0.56171875 0.06171875 0.0828125
1 0.5484375 0.53125 0.06171875 0.06171875
1 0.55234375 0.559375 0.06171875 0.0359375
1 0.59296875 0.4875 0.0890625 0.0875
1 0.60625 0.5234375 0.05390625 0.0359375
1 0.61015625 0.5515625 0.03125 0.04140625
1 0.525 0.4875 0.07734375 0.0359375
1 0.65625 0.4921875 0.04609375 0.05703125
1 0.68125 0.49453125 0.0421875 0.04140625
1 0.73359375 0.5 0.03125 0.03125
1 0.7453125 0.5078125 0.03828125 0.04609375
1 0.7609375 0.5203125 0.03828125 0.0515625
1 0.7875 0.5203125 0.03125 0.04140625
1 0.81640625 0.52578125 0.02734375 0.03125
1 0.79921875 0.55703125 0.1 0.03125
1 0.90546875 0.5078125 0.05 0.10859375
1 0.9265625 0.5359375 0.04609375 0.0515625
1 0.9109375 0.440625 0.06171875 0.04609375
1 0.96171875 0.40703125 0.06953125 0.0515625
1 0.97109375 0.37890625 0.0421875 0.0359375
1 0.9671875 0.5078125 0.0578125 0.11875
1 0.2296875 0.428125 0.0890625 0.11328125
1 0.30078125 0.39140625 0.09296875 0.103125
1 0.06015625 0.58515625 0.0578125 0.04609375
1 0.09296875 0.53828125 0.0234375 0.015625
1 0.040625 0.5234375 0.01953125 0.015625
1 0.02734375 0.55390625 0.03828125 0.0359375
1 0.19296875 0.46875 0.03828125 0.04140625
1 0.16015625 0.471875 0.02734375 0.0359375
1 0.1546875 0.4359375 0.06171875 0.0359375
1 0.1234375 0.46171875 0.03125 0.0359375
1 0.121875 0.49765625 0.01953125 0.0359375
1 0.10625 0.4921875 0.02734375 0.02578125
1 0.15859375 0.50234375 0.03828125 0.015625
1 0.04609375 0.45390625 0.03828125 0.03125
1 0.07109375 0.46171875 0.0421875 0.0359375
1 0.03671875 0.43046875 0.034375 0.02578125
1 0.05390625 0.4046875 0.03828125 0.0359375
1 0.0828125 0.4203125 0.0421875 0.04609375
1 0.1390625 0.41484375 0.09296875 0.0359375
1 0.015625 0.45625 0.03125 0.0671875
1 0.20234375 0.31953125 0.02734375 0.03125
1 0.17578125 0.3296875 0.01953125 0.0515625
1 0.15625 0.36328125 0.034375 0.05703125
1 0.11953125 0.3734375 0.03828125 0.04609375
1 0.11171875 0.33984375 0.06171875 0.0515625
1 0.0734375 0.31953125 0.1 0.071875
1 0.01171875 0.35546875 0.0234375 0.04140625
1 0.82265625 0.46875 0.03828125 0.0515625
1 0.8515625 0.49765625 0.02734375 0.04609375
1 0.78359375 0.4796875 0.03828125 0.03125
1 0.78359375 0.440625 0.03125 0.0359375
1 0.82421875 0.43046875 0.0421875 0.02578125
1 0.86328125 0.47421875 0.0421875 0.06171875
1 0.753125 0.4796875 0.03125 0.03125
1 0.71796875 0.471875 0.03125 0.04609375
1 0.74140625 0.45078125 0.03828125 0.0359375
1 0.73203125 0.41484375 0.02734375 0.02578125
1 0.7546875 0.42265625 0.01953125 0.0203125
1 0.76484375 0.4125 0.03125 0.03125
1 0.78203125 0.38671875 0.034375 0.03125
1 0.79375 0.41484375 0.01953125 0.02578125
1 0.81640625 0.3890625 0.02734375 0.05703125
1 0.83984375 0.39453125 0.02734375 0.04609375
1 0.86875 0.4171875 0.03828125 0.06171875
1 0.95 0.35078125 0.06171875 0.03125
1 0.959375 0.31171875 0.0421875 0.0359375
1 0.95546875 0.26796875 0.0421875 0.03125
1 0.92109375 0.30703125 0.034375 0.02578125
1 0.903125 0.33984375 0.0234375 0.03125
1 0.85546875 0.34296875 0.034375 0.0359375
1 0.8203125 0.353125 0.034375 0.015625
1 0.7875 0.35546875 0.03125 0.03125
1 0.52890625 0.43828125 0.08515625 0.06171875
1 0.4828125 0.46640625 0.04609375 0.07734375
1 0.4515625 0.48984375 0.07734375 0.04140625
1 0.3703125 0.4921875 0.03125 0.04609375
1 0.4 0.5078125 0.01953125 0.015625
1 0.39765625 0.45859375 0.06953125 0.06171875
1 0.434375 0.43828125 0.05 0.06171875
1 0.46328125 0.4046875 0.06953125 0.04609375
1 0.20859375 0.35859375 0.03125 0.0359375
1 0.2390625 0.34765625 0.03125 0.04609375
1 0.25859375 0.3171875 0.03125 0.04609375
1 0.2875 0.3171875 0.02734375 0.04609375
1 0.31484375 0.30703125 0.034375 0.04609375
1 0.33359375 0.29609375 0.02734375 0.05703125
1 0.37421875 0.29921875 0.015625 0.0515625
1 0.3765625 0.25546875 0.01171875 0.015625
1 0.4015625 0.28359375 0.04609375 0.06171875
1 0.2546875 0.278125 0.06953125 0.0828125
1 0.20078125 0.265625 0.03125 0.04609375
1 0.53671875 0.178125 0.1078125 0.12890625
1 0.73359375 0.20078125 0.07734375 0.0828125
1 0.728125 0.2578125 0.0890625 0.071875
1 0.68515625 0.29609375 0.0734375 0.0671875
1 0.7625 0.3140625 0.01953125 0.03125
1 0.7875 0.3140625 0.0234375 0.04140625
1 0.81640625 0.309375 0.034375 0.03125
1 0.74921875 0.3375 0.03828125 0.015625
1 0.79375 0.2734375 0.034375 0.04140625
1 0.83046875 0.2703125 0.03828125 0.0359375
1 0.8453125 0.23203125 0.03828125 0.04140625
1 0.60390625 0.38671875 0.065625 0.11328125
1 0.66953125 0.42265625 0.096875 0.09296875
1 0.66640625 0.35859375 0.11171875 0.04609375
1 0.7453125 0.365625 0.05390625 0.071875
1 0.38984375 0.40234375 0.03828125 0.04140625
1 0.434375 0.35859375 0.0578125 0.04609375
1 0.44765625 0.30703125 0.0234375 0.05703125
1 0.475 0.3171875 0.0234375 0.0359375
1 0.4984375 0.35078125 0.03828125 0.06171875
1 0.525 0.30390625 0.0234375 0.0203125
1 0.55234375 0.309375 0.03125 0.03125
1 0.575 0.31953125 0.0234375 0.04140625
1 0.52890625 0.3328125 0.015625 0.015625
1 0.534375 0.35859375 0.02734375 0.02578125
1 0.55625 0.34765625 0.03125 0.0359375
1 0.4984375 0.2578125 0.03125 0.04140625
1 0.5234375 0.24765625 0.01953125 0.03125
1 0.54453125 0.2296875 0.0234375 0.02578125
1 0.55625 0.24765625 0.03125 0.04140625
1 0.52890625 0.27578125 0.03828125 0.0359375
1 0.62734375 0.23984375 0.08125 0.0875
1 0.42109375 0.21640625 0.1078125 0.071875
1 0.31640625 0.21171875 0.05390625 0.071875
1 0.0171875 0.69609375 0.034375 0.06171875