1 0.25390625 0.25546875 0.215625 0.3453125
1 0.38046875 0.40234375 0.3921875 0.175
1 0.3671875 0.5078125 0.09609375 0.396875
1 0.4828125 0.5671875 0.1421875 0.20625
1 0.47109375 0.73203125 0.25 0.28828125
1 0.31953125 0.69296875 0.26953125 0.38671875
1 0.19609375 0.6859375 0.1921875 0.40234375
1 0.09453125 0.3890625 0.18046875 0.3765625
1 0.4984375 0.2375 0.1421875 0.2265625
1 0.6171875 0.31953125 0.2421875 0.19609375
1 0.6671875 0.190625 0.0578125 0.09296875
1 0.859375 0.3765625 0.265625 0.52578125
1 0.95 0.38125 0.0921875 0.1234375
1 0.96328125 0.615625 0.065625 0.09765625
1 0.90390625 0.64453125 0.06953125 0.071875
1 0.74453125 0.721875 0.165625 0.19609375
1 0.5328125 0.74453125 0.2578125 0.1390625
1 0.625 0.80390625 0.18828125 0.16484375
1 0.66328125 0.58984375 0.20390625 0.190625
1 0.6578125 0.4359375 0.2078125 0.12890625
1 0.509375 0.365625 0.1265625 0.0828125