1 0.8953125 0.86875 0.203125 0.25
1 0.9546875 0.9609375 0.08359375 0.065625
1 0.7484375 0.93125 0.08359375 0.125
1 0.81640625 0.91953125 0.053125 0.1484375
1 0.78984375 0.7828125 0.03984375 0.0890625
1 0.83828125 0.85703125 0.0296875 0.14296875
1 0.86640625 0.67265625 0.053125 0.23828125
1 0.88671875 0.76484375 0.046875 0.1015625
1 0.7796875 0.61640625 0.16015625 0.1609375
1 0.6796875 0.8359375 0.20703125 0.315625
1 0.6453125 0.80625 0.26328125 0.375
1 0.796875 0.68125 0.1 0.125
1 0.83203125 0.55625 0.0703125 0.13671875
1 0.8203125 0.33046875 0.11328125 0.1484375
1 0.8796875 0.39296875 0.0265625 0.0953125
1 0.91484375 0.48828125 0.05703125 0.08359375
1 0.9546875 0.49375 0.08359375 0.17890625
1 0.7765625 0.4140625 0.0796875 0.1015625
1 0.91484375 0.309375 0.04296875 0.14296875
1 0.09296875 0.44375 0.146875 0.23203125
1 0.28984375 0.16640625 0.06640625 0.16640625
1 0.10703125 0.3359375 0.0734375 0.13671875
1 0.03828125 0.434375 0.0765625 0.1546875
1 0.01171875 0.70546875 0.0234375 0.26796875
1 0.075 0.76484375 0.08984375 0.2203125
1 0.18671875 0.7265625 0.1265625 0.309375
1 0.10859375 0.88984375 0.1296875 0.20859375
1 0.03515625 0.9078125 0.0703125 0.17265625
1 0.303125 0.79140625 0.23984375 0.4046875
1 0.46015625 0.38984375 0.60703125 0.75625
1 0.46328125 0.8484375 0.1203125 0.29140625