1 0.59453125 0.459375 0.17109375 0.2234375
1 0.58125 0.47890625 0.08828125 0.0984375
1 0.46328125 0.50234375 0.16640625 0.18046875
1 0.221875 0.171875 0.33359375 0.21484375
1 0.25 0.13515625 0.32421875 0.14140625
1 0.51640625 0.11796875 0.134375 0.115625
1 0.59296875 0.19921875 0.18515625 0.15859375
1 0.77578125 0.1609375 0.125 0.046875
1 0.85859375 0.19921875 0.16171875 0.15859375
1 0.88671875 0.465625 0.115625 0.14140625
1 0.784375 0.4546875 0.096875 0.1375
1 0.83359375 0.7578125 0.21328125 0.21015625
1 0.63671875 0.828125 0.06953125 0.06875
1 0.66875 0.81953125 0.04140625 0.0515625
1 0.58125 0.8046875 0.06953125 0.05546875
1 0.64140625 0.690625 0.06953125 0.034375
1 0.52578125 0.7578125 0.07890625 0.0984375
1 0.28671875 0.79375 0.30546875 0.14609375
1 0.12265625 0.76796875 0.125 0.12890625
1 0.15703125 0.57734375 0.1390625 0.1671875
1 0.29140625 0.5109375 0.1390625 0.1375
1 0.10859375 0.48515625 0.10625 0.1203125