1 0.71796875 0.3375 0.21640625 0.20078125
1 0.84140625 0.49765625 0.09296875 0.190625
1 0.77578125 0.45390625 0.04609375 0.071875
1 0.7796875 0.3765625 0.4328125 0.2265625
1 0.753125 0.440625 0.30859375 0.2421875
1 0.57890625 0.5359375 0.06171875 0.0828125
1 0.6078125 0.5953125 0.05 0.04609375
1 0.55234375 0.59296875 0.03828125 0.03125
1 0.534375 0.55390625 0.034375 0.04609375
1 0.63515625 0.4875 0.065625 0.05703125
1 0.57890625 0.4046875 0.07734375 0.09765625
1 0.51953125 0.4359375 0.10390625 0.16015625
1 0.5828125 0.3296875 0.05390625 0.04140625
1 0.509375 0.33515625 0.1390625 0.06171875
1 0.5 0.36875 0.12734375 0.0671875
1 0.42265625 0.35859375 0.065625 0.02578125
1 0.40703125 0.33984375 0.05 0.03125
1 0.37265625 0.35546875 0.034375 0.0203125
1 0.359375 0.3296875 0.03828125 0.03125
1 0.4421875 0.4921875 0.1890625 0.1703125
1 0.44375 0.57734375 0.05390625 0.0515625
1 0.45390625 0.575 0.18125 0.09765625
1 0.33046875 0.58984375 0.0734375 0.04609375
1 0.33359375 0.54921875 0.0734375 0.04609375
1 0.31640625 0.5125 0.08515625 0.07734375
1 0.2703125 0.5671875 0.06953125 0.103125
1 0.253125 0.59296875 0.034375 0.0515625
1 0.22578125 0.58984375 0.05 0.0671875
1 0.29375 0.54609375 0.16953125 0.04140625
1 0.2859375 0.4765625 0.09296875 0.0671875
1 0.26640625 0.321875 0.18515625 0.20078125
1 0.075 0.678125 0.15 0.46875
1 0.1796875 0.46875 0.15078125 0.09296875
1 0.34375 0.4359375 0.18515625 0.10859375