1 0.7625 0.36015625 0.1984375 0.18515625
1 0.83671875 0.52578125 0.1796875 0.18125
1 0.6609375 0.6296875 0.22578125 0.20703125
1 0.71875 0.4765625 0.1109375 0.090625
1 0.5671875 0.45078125 0.19375 0.228125
1 0.475 0.50625 0.165625 0.18515625
1 0.4171875 0.3125 0.22578125 0.21953125
1 0.17265625 0.35546875 0.22578125 0.19375
1 0.3109375 0.5 0.14296875 0.15546875
1 0.35234375 0.60546875 0.20703125 0.20234375
1 0.19375 0.6765625 0.203125 0.1640625
1 0.16328125 0.5109375 0.1703125 0.1765625
1 0.06875 0.55546875 0.1375 0.2234375