1 0.41640625 0.521875 0.71484375 0.40234375
1 0.72578125 0.35078125 0.5375 0.52421875
1 0.93046875 0.62734375 0.12890625 0.1546875
1 0.89765625 0.7125 0.11796875 0.059375
1 0.86015625 0.815625 0.26875 0.19921875
1 0.93828125 0.909375 0.11328125 0.08515625
1 0.7796875 0.9171875 0.21484375 0.10703125
1 0.56484375 0.89296875 0.2796875 0.19921875
1 0.6828125 0.82265625 0.31171875 0.1546875
1 0.74453125 0.67734375 0.19921875 0.14375
1 0.50234375 0.76015625 0.28515625 0.13984375
1 0.36015625 0.85625 0.2796875 0.09609375
1 0.18828125 0.88203125 0.23671875 0.059375
1 0.2234375 0.78046875 0.2953125 0.15859375
1 0.08046875 0.8171875 0.1609375 0.12890625
1 0.09375 0.66640625 0.1875 0.2765625
1 0.17734375 0.32109375 0.13984375 0.0734375
1 0.2203125 0.27109375 0.11796875 0.0625
1 0.35234375 0.315625 0.2203125 0.1140625
1 0.3921875 0.2328125 0.11796875 0.06640625
1 0.51875 0.20078125 0.17734375 0.04765625
1 0.58046875 0.1328125 0.0859375 0.1109375
1 0.69921875 0.13125 0.171875 0.0921875
1 0.825 0.12578125 0.134375 0.059375
1 0.94375 0.10703125 0.10234375 0.0515625
1 0.8953125 0.08125 0.19921875 0.059375
1 0.66015625 0.053125 0.2359375 0.10625
1 0.7203125 0.0609375 0.0859375 0.0625
1 0.80078125 0.05703125 0.075 0.04765625
1 0.69375 0.09609375 0.096875 0.03671875
1 0.4625 0.10546875 0.13984375 0.08515625
1 0.2984375 0.16640625 0.2953125 0.20703125
1 0.4625 0.153125 0.22578125 0.05546875
1 0.13671875 0.234375 0.1453125 0.12890625