1 0.7265625 0.90625 0.08203125 0.16328125
1 0.91484375 0.7453125 0.07890625 0.12109375
1 0.9265625 0.88515625 0.1015625 0.12109375
1 0.959375 0.62421875 0.0625 0.109375
1 0.87578125 0.609375 0.059375 0.0546875
1 0.88515625 0.2421875 0.065625 0.096875
1 0.9625 0.3578125 0.06875 0.20625
1 0.78359375 0.23046875 0.04609375 0.08515625
1 0.85078125 0.3125 0.04921875 0.07890625
1 0.8734375 0.3875 0.0625 0.07265625
1 0.7953125 0.4453125 0.05546875 0.103125
1 0.75234375 0.38203125 0.04296875 0.07265625
1 0.70625 0.37265625 0.0625 0.07890625
1 0.559375 0.42421875 0.05546875 0.07265625
1 0.61328125 0.4390625 0.07890625 0.0546875
1 0.61484375 0.390625 0.07578125 0.0546875
1 0.4359375 0.6125 0.059375 0.096875
1 0.54296875 0.26328125 0.05546875 0.090625
1 0.4671875 0.22109375 0.0625 0.090625
1 0.38359375 0.22421875 0.065625 0.0609375
1 0.34609375 0.27890625 0.06875 0.096875
1 0.040625 0.58203125 0.0625 0.08515625
1 0.0640625 0.70625 0.08203125 0.103125
1 0.3265625 0.896875 0.1015625 0.1453125
1 0.35078125 0.4125 0.07890625 0.1578125
1 0.65625 0.11796875 0.2 0.2359375
1 0.88203125 0.0421875 0.0390625 0.084375
1 0.81640625 0.07890625 0.12421875 0.08515625
1 0.82421875 0.1453125 0.12109375 0.12109375
1 0.62265625 0.30625 0.1046875 0.11484375
1 0.6953125 0.3125 0.071875 0.0546875
1 0.7984375 0.33359375 0.0625 0.12109375
1 0.75234375 0.31484375 0.0359375 0.07265625
1 0.8359375 0.390625 0.04609375 0.11484375
1 0.8609375 0.47578125 0.07578125 0.11484375
1 0.65234375 0.63671875 0.3734375 0.3515625
1 0.85234375 0.53671875 0.071875 0.07890625
1 0.8328125 0.62734375 0.04609375 0.103125
1 0.9015625 0.66953125 0.065625 0.0546875
1 0.91796875 0.63046875 0.01953125 0.0609375
1 0.88828125 0.73359375 0.0328125 0.16953125
1 0.84765625 0.690625 0.0359375 0.0609375
1 0.81953125 0.81484375 0.1046875 0.16328125
1 0.8703125 0.87265625 0.08203125 0.19375
1 0.6625 0.90625 0.11796875 0.17578125
1 0.5640625 0.90625 0.11171875 0.17578125
1 0.42421875 0.93671875 0.1734375 0.11484375
1 0.44296875 0.76953125 0.13125 0.23046875
1 0.17890625 0.3578125 0.07578125 0.02421875
1 0.1921875 0.28203125 0.0359375 0.0546875
1 0.2375 0.2546875 0.04921875 0.0484375
1 0.128125 0.37265625 0.0390625 0.06640625
1 0.15546875 0.9390625 0.134375 0.109375
1 0.25234375 0.67265625 0.2953125 0.5453125
1 0.465625 0.41796875 0.18984375 0.31484375
1 0.28515625 0.3421875 0.05234375 0.07890625
1 0.41953125 0.1515625 0.065625 0.0609375
1 0.01484375 0.71484375 0.0296875 0.21796875
1 0.0640625 0.8 0.07578125 0.0609375
1 0.2671875 0.73671875 0.0625 0.11484375
1 0.28515625 0.66953125 0.11171875 0.06640625
1 0.1390625 0.72421875 0.02265625 0.090625
1 0.234375 0.86328125 0.06875 0.07890625