1 0.2234375 0.6890625 0.44609375 0.35546875
1 0.5609375 0.7859375 0.6 0.18359375
1 0.57890625 0.675 0.55703125 0.271875
1 0.5359375 0.54140625 0.52109375 0.2390625
1 0.24140625 0.64453125 0.18203125 0.178125
1 0.14140625 0.471875 0.28203125 0.1890625
1 0.2515625 0.3109375 0.38203125 0.24453125
1 0.175 0.10546875 0.0640625 0.2109375
1 0.35546875 0.10546875 0.3109375 0.2109375
1 0.46953125 0.13046875 0.38203125 0.228125
1 0.57109375 0.228125 0.47890625 0.2890625
1 0.65390625 0.41640625 0.47109375 0.3890625