1 0.75859375 0.74609375 0.184375 0.303125
1 0.890625 0.7203125 0.08671875 0.1828125
1 0.921875 0.63125 0.1078125 0.14296875
1 0.82109375 0.4796875 0.1703125 0.2859375
1 0.68203125 0.9171875 0.184375 0.15390625
1 0.7359375 0.9859375 0.08359375 0.0171875
1 0.4671875 0.6625 0.23984375 0.41171875
1 0.578125 0.7859375 0.184375 0.25703125
1 0.64765625 0.50859375 0.2046875 0.33125
1 0.22421875 0.67734375 0.23984375 0.40546875
1 0.30546875 0.30546875 0.22890625 0.4515625
1 0.534375 0.3140625 0.24296875 0.30859375
1 0.6578125 0.1828125 0.2328125 0.30859375
1 0.7484375 0.2796875 0.065625 0.12578125
1 0.53984375 0.0828125 0.128125 0.165625
1 0.43203125 0.16875 0.14921875 0.22265625
1 0.21328125 0.1828125 0.15625 0.2859375
1 0.19296875 0.3828125 0.08671875 0.1828125
1 0.06953125 0.64609375 0.05546875 0.16015625
1 0.20859375 0.86015625 0.1875 0.14296875
1 0.315625 0.93984375 0.221875 0.10859375
1 0.03125 0.0515625 0.0625 0.103125
1 0.3890625 0.034375 0.19453125 0.06875