1 0.37109375 0.5734375 0.2546875 0.63359375
1 0.609375 0.3140625 0.2875 0.37734375
1 0.59296875 0.3171875 0.19609375 0.48125
1 0.58203125 0.30625 0.0578125 0.0765625
1 0.63125 0.3140625 0.04765625 0.08203125
1 0.8171875 0.16640625 0.35625 0.3328125
1 0.9453125 0.328125 0.1015625 0.21875
1 0.66171875 0.696875 0.2765625 0.30078125
1 0.66015625 0.8828125 0.06875 0.07109375
1 0.934375 0.89921875 0.1234375 0.19140625
1 0.68515625 0.934375 0.178125 0.1203125
1 0.5109375 0.97265625 0.1125 0.04375
1 0.30546875 0.89375 0.24765625 0.20234375
1 0.46640625 0.128125 0.2515625 0.25625
1 0.30078125 0.03515625 0.1015625 0.0703125
1 0.22734375 0.23515625 0.24375 0.35
1 0.12890625 0.5078125 0.22890625 0.21875
1 0.03828125 0.6859375 0.0765625 0.26796875
1 0.12734375 0.77578125 0.18203125 0.30625
1 0.03828125 0.9703125 0.04765625 0.04921875
1 0.0453125 0.93203125 0.0546875 0.08203125
1 0.1125 0.96484375 0.065625 0.04921875
1 0.03125 0.33359375 0.06171875 0.2734375
1 0.05234375 0.10390625 0.1046875 0.2078125
1 0.16484375 0.03515625 0.1203125 0.0703125