1 0.03125 0.7625 0.0625 0.03984375
1 0.03125 0.76875 0.0625 0.053125
1 0.01328125 0.85546875 0.0265625 0.03984375
1 0.87578125 0.2625 0.115625 0.3203125
1 0.8 0.184375 0.10703125 0.1734375
1 0.92890625 0.33984375 0.0359375 0.1734375
1 0.79140625 0.315625 0.32890625 0.38203125
1 0.821875 0.4046875 0.178125 0.284375
1 0.60703125 0.26640625 0.41328125 0.4359375
1 0.621875 0.1578125 0.1953125 0.315625
1 0.3734375 0.39765625 0.35546875 0.4046875
1 0.3578125 0.6 0.47578125 0.515625
1 0.55078125 0.821875 0.30234375 0.18671875
1 0.7375 0.78671875 0.30234375 0.18671875
1 0.7 0.64453125 0.29765625 0.24921875
1 0.8640625 0.59765625 0.2625 0.2796875
1 0.6359375 0.4953125 0.4625 0.43125
1 0.54453125 0.45546875 0.90234375 0.90234375