1 0.84140625 0.7375 0.2625 0.40234375
1 0.90703125 0.81953125 0.17734375 0.35078125
1 0.91484375 0.50234375 0.1625 0.28359375
1 0.9015625 0.1859375 0.1890625 0.37109375
1 0.97421875 0.0203125 0.0421875 0.040625
1 0.78984375 0.1109375 0.25078125 0.221875
1 0.75703125 0.2421875 0.06953125 0.09296875
1 0.76640625 0.14453125 0.096875 0.09296875
1 0.7046875 0.178125 0.0734375 0.09765625
1 0.69296875 0.2625 0.0734375 0.11328125
1 0.646875 0.33515625 0.096875 0.1234375
1 0.68125 0.384375 0.11171875 0.1390625
1 0.6234375 0.50234375 0.0734375 0.1390625
1 0.60390625 0.41484375 0.0578125 0.07734375
1 0.57734375 0.33515625 0.05 0.071875
1 0.53671875 0.28125 0.04609375 0.04609375
1 0.57890625 0.25546875 0.06171875 0.07734375
1 0.63515625 0.24453125 0.0421875 0.04609375
1 0.565625 0.18828125 0.0421875 0.0671875
1 0.62734375 0.18046875 0.0890625 0.1859375
1 0.5578125 0.0953125 0.08125 0.11875
1 0.51328125 0.05390625 0.03125 0.05703125
1 0.63671875 0.059375 0.246875 0.11875
1 0.4265625 0.221875 0.25078125 0.29921875
1 0.4828125 0.484375 0.2546875 0.38125
1 0.67578125 0.4328125 0.49453125 0.73203125
1 0.6625 0.76796875 0.0890625 0.11328125
1 0.68359375 0.8328125 0.08515625 0.12890625
1 0.71640625 0.92265625 0.2125 0.14453125
1 0.2671875 0.0640625 0.265625 0.128125
1 0.33203125 0.134375 0.1625 0.26796875
1 0.38046875 0.221875 0.1734375 0.44296875
1 0.38984375 0.32734375 0.246875 0.6546875
1 0.39765625 0.73203125 0.20859375 0.21640625
1 0.4328125 0.89140625 0.06953125 0.103125
1 0.465625 0.94296875 0.0421875 0.0515625
1 0.48671875 0.9875 0.0234375 0.015625
1 0.50546875 0.9484375 0.03828125 0.04140625
1 0.52109375 0.9765625 0.03828125 0.02578125
1 0.5578125 0.95859375 0.0578125 0.071875
1 0.60625 0.971875 0.05390625 0.04609375
1 0.590625 0.925 0.03828125 0.07734375
1 0.60390625 0.86875 0.0421875 0.05703125
1 0.61171875 0.80703125 0.0421875 0.07734375
1 0.66015625 0.77578125 0.08515625 0.09765625
1 0.5671875 0.81953125 0.06171875 0.06171875
1 0.55 0.88125 0.0578125 0.0828125
1 0.52109375 0.83515625 0.06171875 0.06171875
1 0.4671875 0.825 0.04609375 0.0515625
1 0.4421875 0.8140625 0.02734375 0.0515625
1 0.36875 0.88671875 0.05 0.071875
1 0.38203125 0.8453125 0.03125 0.0203125
1 0.36484375 0.9359375 0.0421875 0.04609375
1 0.39375 0.95859375 0.04609375 0.071875
1 0.4359375 0.971875 0.05390625 0.04609375
1 0.31640625 0.68046875 0.04609375 0.04140625
1 0.2796875 0.4875 0.196875 0.33515625
1 0.40703125 0.221875 0.3046875 0.28828125
1 0.11796875 0.1828125 0.2125 0.365625
1 0.3265625 0.1265625 0.0578125 0.0671875
1 0.025 0.2734375 0.05 0.54609375
1 0.146875 0.56171875 0.29375 0.865625
1 0.16640625 0.634375 0.08515625 0.21640625
1 0.221875 0.65703125 0.02734375 0.05703125
1 0.2390625 0.68828125 0.04609375 0.0671875
1 0.221875 0.71640625 0.0734375 0.071875
1 0.221875 0.7625 0.05 0.071875
1 0.17734375 0.75234375 0.04609375 0.06171875
1 0.12734375 0.75546875 0.03125 0.0359375
1 0.17734375 0.821875 0.04609375 0.0671875
1 0.228125 0.84296875 0.05390625 0.09765625
1 0.18359375 0.8890625 0.0578125 0.0671875
1 0.17578125 0.95625 0.0578125 0.07734375
1 0.20859375 0.96875 0.03828125 0.0515625
1 0.22578125 0.96171875 0.034375 0.0671875
1 0.17578125 0.93828125 0.12734375 0.11328125
1 0.115625 0.8609375 0.09296875 0.1546875
1 0.4984375 0.49765625 0.99609375 0.99453125