1 0.85625 0.84609375 0.24765625 0.29609375
1 0.96171875 0.6953125 0.0703125 0.37265625
1 0.91953125 0.4734375 0.15390625 0.33125
1 0.98671875 0.271875 0.0203125 0.15390625
1 0.9515625 0.12421875 0.090625 0.225
1 0.884375 0.1890625 0.17734375 0.2484375
1 0.79609375 0.29296875 0.20078125 0.34921875
1 0.74921875 0.62421875 0.20703125 0.384375
1 0.88984375 0.66875 0.09375 0.15390625
1 0.70078125 0.8671875 0.08359375 0.12421875
1 0.62890625 0.90859375 0.234375 0.171875
1 0.5703125 0.659375 0.2109375 0.40859375
1 0.69765625 0.3671875 0.1703125 0.284375
1 0.56328125 0.45 0.190625 0.26015625
1 0.6 0.1625 0.1703125 0.31328125
1 0.690625 0.059375 0.0765625 0.11796875
1 0.70546875 0.1953125 0.08046875 0.165625
1 0.496875 0.1421875 0.03671875 0.10625
1 0.45625 0.33125 0.15078125 0.29609375
1 0.3859375 0.59140625 0.190625 0.31953125
1 0.37109375 0.8578125 0.22109375 0.271875
1 0.5 0.8671875 0.096875 0.2546875
1 0.29453125 0.775 0.0671875 0.15390625
1 0.1921875 0.63046875 0.19765625 0.3609375
1 0.1890625 0.89609375 0.1703125 0.1953125
1 0.1375 0.4203125 0.17421875 0.284375
1 0.24453125 0.28125 0.1140625 0.24296875
1 0.3140625 0.21875 0.1671875 0.3078125
1 0.4296875 0.13046875 0.1234375 0.13046875
1 0.03046875 0.28984375 0.06015625 0.17734375
1 0.0484375 0.5296875 0.096875 0.32578125
1 0.071875 0.79609375 0.14375 0.3015625
1 0.06484375 0.96484375 0.11015625 0.059375