1 0.46171875 0.86328125 0.27890625 0.14921875
1 0.5984375 0.8796875 0.11484375 0.13125
1 0.5 0.93125 0.09296875 0.07265625
1 0.5109375 0.778125 0.16953125 0.07265625
1 0.63671875 0.78515625 0.09296875 0.109375
1 0.58203125 0.73984375 0.11484375 0.04765625
1 0.45390625 0.7328125 0.21875 0.12734375
1 0.30078125 0.7453125 0.153125 0.0796875
1 0.22109375 0.821875 0.14765625 0.0875
1 0.27578125 0.8453125 0.13671875 0.0984375
1 0.15 0.72578125 0.11484375 0.1125
1 0.06015625 0.75625 0.1203125 0.15234375
1 0.12265625 0.80703125 0.09296875 0.04375
1 0.4046875 0.0578125 0.13125 0.0875
1 0.5328125 0.0578125 0.10390625 0.07265625
1 0.63359375 0.07265625 0.0765625 0.07265625
1 0.71875 0.0984375 0.08203125 0.0796875
1 0.80625 0.1328125 0.12578125 0.06171875
1 0.8796875 0.17109375 0.109375 0.0796875
1 0.9484375 0.21796875 0.09296875 0.0875
1 0.85234375 0.2234375 0.0984375 0.0984375
1 0.75703125 0.1578125 0.08203125 0.04765625
1 0.715625 0.2234375 0.21875 0.08359375
1 0.6640625 0.1546875 0.09296875 0.08359375
1 0.584375 0.13671875 0.0765625 0.0765625
1 0.240625 0.0578125 0.13125 0.0796875
1 0.325 0.04921875 0.04921875 0.06875
1 0.3609375 0.1203125 0.0984375 0.07265625
1 0.4703125 0.1203125 0.0875 0.065625
1 0.5296875 0.1015625 0.0765625 0.04375
1 0.13125 0.11796875 0.196875 0.1125
1 0.0296875 0.2453125 0.059375 0.090625
1 0.04375 0.18203125 0.065625 0.065625
1 0.10390625 0.21796875 0.13125 0.0875
1 0.13125 0.165625 0.1421875 0.03984375
1 0.07109375 0.62734375 0.0984375 0.08359375
1 0.14765625 0.63125 0.0765625 0.08359375
1 0.27578125 0.66171875 0.15859375 0.09453125
1 0.40703125 0.6453125 0.10390625 0.0984375
1 0.49765625 0.6671875 0.1203125 0.08359375
1 0.66640625 0.67109375 0.1640625 0.0984375
1 0.759375 0.66328125 0.0984375 0.090625
1 0.7734375 0.6109375 0.09296875 0.07265625
1 0.67734375 0.5890625 0.1203125 0.0796875
1 0.6171875 0.63125 0.065625 0.0546875
1 0.55703125 0.578125 0.13125 0.1453125
1 0.37421875 0.5796875 0.09296875 0.0984375
1 0.2703125 0.5875 0.09296875 0.08359375
1 0.16953125 0.55078125 0.13125 0.1125
1 0.10390625 0.53984375 0.0875 0.04765625
1 0.03515625 0.5671875 0.0703125 0.0875
1 0.1640625 0.44921875 0.153125 0.1203125
1 0.30078125 0.49296875 0.1421875 0.12734375
1 0.42890625 0.45625 0.12578125 0.08359375
1 0.51328125 0.4765625 0.0875 0.0796875
1 0.6203125 0.43828125 0.18046875 0.10546875
1 0.6203125 0.52734375 0.10390625 0.109375
1 0.715625 0.49453125 0.13125 0.09453125
1 0.79765625 0.53828125 0.1203125 0.07265625
1 0.89375 0.50546875 0.12578125 0.0578125
1 0.7953125 0.44375 0.09296875 0.0875
1 0.8140625 0.40390625 0.065625 0.0796875
1 0.9125 0.44375 0.13125 0.07265625
1 0.91796875 0.4 0.13125 0.0578125
1 0.9484375 0.3421875 0.09296875 0.0875
1 0.89375 0.2984375 0.10390625 0.0578125
1 0.828125 0.29453125 0.07109375 0.04375
1 0.7734375 0.27109375 0.09296875 0.0328125
1 0.7296875 0.31484375 0.18046875 0.08359375
1 0.71875 0.4 0.11484375 0.0796875
1 0.828125 0.38515625 0.06015625 0.05078125
1 0.5546875 0.38203125 0.13671875 0.0796875
1 0.565625 0.32890625 0.19140625 0.08359375
1 0.54375 0.2671875 0.15859375 0.0765625
1 0.5515625 0.2109375 0.13125 0.0578125
1 0.5 0.15625 0.08203125 0.07265625
1 0.57890625 0.15078125 0.065625 0.0765625
1 0.4046875 0.2203125 0.13125 0.08359375
1 0.2953125 0.378125 0.153125 0.1234375
1 0.434375 0.37421875 0.12578125 0.07265625
1 0.39921875 0.2984375 0.1203125 0.0796875
1 0.36875 0.27421875 0.08203125 0.0546875
1 0.25390625 0.3109375 0.10390625 0.06171875
1 0.24296875 0.27109375 0.09296875 0.04765625
1 0.2484375 0.2203125 0.18046875 0.0765625
1 0.2953125 0.1578125 0.1421875 0.08359375
1 0.0984375 0.290625 0.196875 0.109375
1 0.1421875 0.36015625 0.153125 0.0578125
1 0.04609375 0.4671875 0.0921875 0.090625
1 0.0515625 0.38828125 0.103125 0.0796875