1 0.8015625 0.259375 0.18515625 0.20234375
1 0.84375 0.35546875 0.0875 0.0875
1 0.88203125 0.4375 0.14921875 0.21875
1 0.75234375 0.46171875 0.11640625 0.20234375
1 0.75625 0.43203125 0.0875 0.2515625
1 0.69296875 0.13671875 0.03984375 0.0765625
1 0.65078125 0.109375 0.02890625 0.04375
1 0.60546875 0.0953125 0.0328125 0.03828125
1 0.57109375 0.084375 0.04375 0.04921875
1 0.5578125 0.13125 0.04765625 0.04375
1 0.5796875 0.1640625 0.03984375 0.0546875
1 0.6125 0.13671875 0.03984375 0.0328125
1 0.65078125 0.153125 0.02890625 0.04375
1 0.678125 0.21015625 0.0328125 0.06015625
1 0.64765625 0.215625 0.03671875 0.07109375
1 0.61640625 0.171875 0.0328125 0.03828125
1 0.55234375 0.171875 0.021875 0.03828125
1 0.55625 0.215625 0.02890625 0.03828125
1 0.5875 0.21015625 0.02578125 0.03828125
1 0.6234375 0.2515625 0.03984375 0.04375
1 0.61484375 0.21015625 0.021875 0.02734375
1 0.65625 0.27578125 0.04765625 0.04921875
1 0.62734375 0.303125 0.03984375 0.03828125
1 0.6578125 0.31953125 0.03671875 0.03828125
1 0.59296875 0.303125 0.02890625 0.03828125
1 0.578125 0.259375 0.03671875 0.04921875
1 0.55625 0.28984375 0.03671875 0.0546875
1 0.44765625 0.07890625 0.0578125 0.09296875
1 0.48203125 0.175 0.0765625 0.0984375
1 0.42734375 0.153125 0.04765625 0.0765625
1 0.4125 0.19921875 0.0328125 0.04921875
1 0.3796875 0.23515625 0.0546875 0.0875
1 0.46875 0.2625 0.0578125 0.0765625
1 0.37109375 0.13125 0.065625 0.1203125
1 0.33828125 0.2046875 0.0578125 0.07109375
1 0.334375 0.14765625 0.021875 0.0328125
1 0.2875 0.71015625 0.1234375 0.196875
1 0.265625 0.5734375 0.11640625 0.1640625
1 0.1578125 0.609375 0.134375 0.18046875
1 0.2 0.75390625 0.1234375 0.1859375
1 0.2546875 0.3828125 0.0875 0.1421875
1 0.3234375 0.37421875 0.05078125 0.23515625
1 0.40703125 0.478125 0.1234375 0.14765625
1 0.47109375 0.41015625 0.06171875 0.1640625
1 0.42578125 0.30859375 0.04375 0.19140625
1 0.3796875 0.346875 0.06171875 0.13671875
1 0.74375 0.64453125 0.1203125 0.1859375
1 0.82734375 0.60390625 0.04765625 0.10390625
1 0.778125 0.80859375 0.09453125 0.153125
1 0.78515625 0.89375 0.03671875 0.04921875
1 0.709375 0.86640625 0.0578125 0.08203125
1 0.59453125 0.78125 0.27265625 0.109375
1 0.64375 0.69140625 0.05078125 0.08203125
1 0.67109375 0.49453125 0.1125 0.11484375
1 0.70546875 0.47265625 0.109375 0.14765625
1 0.6 0.43203125 0.0796875 0.1640625
1 0.5765625 0.4890625 0.0546875 0.08203125
1 0.56015625 0.371875 0.04375 0.0984375
1 0.5328125 0.35 0.03984375 0.0875
1 0.51484375 0.40703125 0.06171875 0.13671875
1 0.53984375 0.5296875 0.0984375 0.109375
1 0.490625 0.565625 0.1234375 0.07109375
1 0.6015625 0.61484375 0.06875 0.06015625
1 0.65078125 0.5953125 0.0796875 0.0984375
1 0.834375 0.7046875 0.0765625 0.065625
1 0.49609375 0.6421875 0.2578125 0.18046875
1 0.51640625 0.79765625 0.11640625 0.35
1 0.45078125 0.759375 0.13125 0.2953125
1 0.36015625 0.65 0.065625 0.2734375
1 0.39296875 0.7515625 0.0875 0.26796875
1 0.22734375 0.14453125 0.04765625 0.02734375
1 0.27109375 0.175 0.04765625 0.0328125
1 0.26015625 0.18828125 0.10546875 0.07109375
1 0.2328125 0.19140625 0.13125 0.0984375
1 0.23828125 0.23515625 0.1203125 0.13125
1 0.27265625 0.24609375 0.0578125 0.04375
1 0.24921875 0.26484375 0.08359375 0.07109375
1 0.26171875 0.3140625 0.021875 0.06015625
1 0.2421875 0.31171875 0.0328125 0.0765625
1 0.1765625 0.2296875 0.1203125 0.1859375
1 0.1984375 0.2703125 0.06875 0.12578125
1 0.14375 0.19921875 0.06875 0.10390625
1 0.165625 0.27578125 0.1203125 0.20234375
1 0.1453125 0.284375 0.11640625 0.21875
1 0.17265625 0.3609375 0.01796875 0.065625
1 0.19609375 0.3796875 0.021875 0.09296875
1 0.08515625 0.3390625 0.06171875 0.1859375
1 0.0875 0.33046875 0.109375 0.12578125
1 0.13125 0.38828125 0.05078125 0.153125
1 0.14375 0.41796875 0.02578125 0.09296875
1 0.1546875 0.4375 0.02578125 0.0984375