1 0.80078125 0.3609375 0.08125 0.1234375
1 0.43828125 0.559375 0.11171875 0.1703125
1 0.6140625 0.765625 0.115625 0.11875
1 0.71640625 0.85859375 0.11171875 0.1703125
1 0.74140625 0.73203125 0.1234375 0.1234375
1 0.77578125 0.61328125 0.06171875 0.11328125
1 0.5734375 0.51796875 0.065625 0.09765625
1 0.459375 0.45078125 0.07734375 0.05703125
1 0.5 0.278125 0.096875 0.103125
1 0.4328125 0.265625 0.03828125 0.07734375
1 0.121875 0.39453125 0.08125 0.1390625
1 0.11953125 0.60546875 0.13125 0.1390625
1 0.1875 0.70390625 0.10390625 0.1390625
1 0.38046875 0.8734375 0.0734375 0.0359375
1 0.46171875 0.91484375 0.12734375 0.12890625
1 0.38203125 0.6984375 0.1078125 0.221875
1 0.328125 0.07734375 0.09296875 0.103125
1 0.43046875 0.12890625 0.0734375 0.11328125
1 0.49453125 0.16015625 0.61015625 0.26796875
1 0.46171875 0.45390625 0.7609375 0.33984375
1 0.5171875 0.6828125 0.771875 0.3140625
1 0.53671875 0.89140625 0.5484375 0.20625
1 0.94375 0.7859375 0.01953125 0.02578125
1 0.96328125 0.5515625 0.0421875 0.03125
1 0.92265625 0.515625 0.05390625 0.04140625
1 0.89609375 0.34765625 0.04609375 0.0359375