1 0.45703125 0.184375 0.0390625 0.08203125
1 0.29453125 0.15390625 0.046875 0.0921875
1 0.378125 0.14140625 0.08125 0.0765625
1 0.1765625 0.11796875 0.065625 0.06171875
1 0.14765625 0.0640625 0.046875 0.09765625
1 0.05 0.08984375 0.05390625 0.09765625
1 0.1203125 0.0234375 0.05390625 0.04609375
1 0.2171875 0.028125 0.06953125 0.05625
1 0.26328125 0.0921875 0.06171875 0.0515625
1 0.3078125 0.05390625 0.05 0.09765625
1 0.36796875 0.06171875 0.05390625 0.08203125
1 0.42265625 0.0796875 0.05390625 0.09765625
1 0.46484375 0.08984375 0.046875 0.0875
1 0.525 0.1203125 0.0578125 0.05625
1 0.5234375 0.06640625 0.06953125 0.0515625
1 0.57734375 0.10234375 0.046875 0.06171875
1 0.6375 0.1 0.0578125 0.0875
1 0.68984375 0.128125 0.0390625 0.08203125
1 0.74453125 0.09765625 0.046875 0.071875
1 0.73203125 0.03046875 0.0234375 0.0609375
1 0.68203125 0.01796875 0.0390625 0.0359375
1 0.64765625 0.0359375 0.05390625 0.03046875
1 0.69765625 0.03046875 0.0390625 0.0609375
1 0.7109375 0.0796875 0.03515625 0.04609375
1 0.6203125 0.015625 0.06171875 0.03046875
1 0.5796875 0.04140625 0.0578125 0.0515625
1 0.52265625 0.0203125 0.0703125 0.040625
1 0.4640625 0.0203125 0.046875 0.040625
1 0.4265625 0.02578125 0.046875 0.0515625
1 0.3875 0.0203125 0.046875 0.040625
1 0.33828125 0.0125 0.0421875 0.025
1 0.94765625 0.15859375 0.05 0.0921875
1 0.95703125 0.31796875 0.046875 0.071875
1 0.8234375 0.33359375 0.03515625 0.08203125
1 0.8375 0.38984375 0.046875 0.06171875
1 0.878125 0.42578125 0.03515625 0.071875
1 0.790625 0.43828125 0.046875 0.05625
1 0.75 0.40546875 0.04296875 0.04140625
1 0.71484375 0.39765625 0.02734375 0.06640625
1 0.67421875 0.41796875 0.046875 0.06640625
1 0.65078125 0.471875 0.06953125 0.0515625
1 0.596875 0.5359375 0.046875 0.05625
1 0.60859375 0.5875 0.05390625 0.06640625
1 0.53515625 0.58203125 0.0390625 0.0765625
1 0.62578125 0.8359375 0.05 0.071875
1 0.73046875 0.90546875 0.0578125 0.06640625
1 0.7328125 0.55859375 0.046875 0.071875
1 0.7578125 0.45859375 0.05 0.04609375
1 0.77890625 0.50234375 0.05390625 0.0515625
1 0.846875 0.54375 0.05 0.06171875
1 0.796875 0.56171875 0.0578125 0.05625
1 0.90859375 0.5515625 0.04296875 0.0765625
1 0.94765625 0.56953125 0.03515625 0.08203125
1 0.8875 0.7921875 0.2171875 0.40546875
1 0.1375 0.1640625 0.275 0.328125
1 0.7375 0.19453125 0.515625 0.3890625
1 0.88203125 0.43828125 0.22890625 0.39453125
1 0.05234375 0.50234375 0.1046875 0.2765625
1 0.42265625 0.85625 0.05390625 0.10234375
1 0.4203125 0.74375 0.065625 0.0515625
1 0.3546875 0.815625 0.04296875 0.06171875
1 0.3640625 0.9234375 0.07734375 0.06171875
1 0.30625 0.89765625 0.046875 0.08203125
1 0.2515625 0.9 0.06953125 0.0875
1 0.27890625 0.9640625 0.07734375 0.06171875
1 0.209375 0.97421875 0.05390625 0.04140625
1 0.1859375 0.94375 0.07734375 0.08203125
1 0.1453125 0.828125 0.0578125 0.06640625
1 0.459375 0.6921875 0.05 0.0515625
1 0.046875 0.7203125 0.07734375 0.06640625
1 0.09921875 0.6765625 0.065625 0.071875
1 0.15703125 0.628125 0.08125 0.128125
1 0.04296875 0.871875 0.08515625 0.071875
1 0.0875 0.7921875 0.0734375 0.11796875
1 0.2828125 0.80234375 0.05390625 0.11796875
1 0.2578125 0.628125 0.065625 0.05625
1 0.21484375 0.48984375 0.0890625 0.0765625
1 0.37421875 0.53359375 0.05 0.10234375
1 0.56171875 0.9 0.06953125 0.05625
1 0.24609375 0.72578125 0.4765625 0.53828125
1 0.66640625 0.7203125 0.403125 0.5484375
1 0.04296875 0.3359375 0.08515625 0.16953125
1 0.38359375 0.36953125 0.565625 0.4203125
1 0.290625 0.52578125 0.05390625 0.04609375
1 0.2984375 0.4765625 0.06171875 0.0515625
1 0.26171875 0.45625 0.0578125 0.0515625
1 0.3078125 0.44375 0.05 0.05625
1 0.33125 0.4234375 0.0578125 0.0765625
1 0.28671875 0.39765625 0.05390625 0.05625
1 0.23828125 0.40546875 0.05 0.06171875
1 0.25546875 0.35625 0.05390625 0.05625
1 0.2015625 0.35625 0.0390625 0.06640625
1 0.203125 0.42578125 0.04296875 0.06171875
1 0.16640625 0.39453125 0.0390625 0.071875
1 0.13203125 0.38203125 0.046875 0.06640625