1 0.78671875 0.721875 0.41796875 0.484375
1 0.30234375 0.6265625 0.6046875 0.4265625
1 0.7640625 0.4 0.4625 0.3109375
1 0.89296875 0.20234375 0.2046875 0.19140625
1 0.9109375 0.0734375 0.16875 0.146875
1 0.78828125 0.05078125 0.2171875 0.1015625
1 0.3953125 0.275 0.790625 0.44375
1 0.2265625 0.315625 0.39140625 0.3640625
1 0.28828125 0.10859375 0.2921875 0.2171875
1 0.34453125 0.06875 0.6890625 0.1375
1 0.07109375 0.09765625 0.1421875 0.1953125
1 0.0359375 0.321875 0.0625 0.2265625
1 0.10234375 0.65078125 0.2046875 0.378125