1 0.60703125 0.54453125 0.084375 0.1203125
1 0.76015625 0.80703125 0.0625 0.09296875
1 0.815625 0.9375 0.10234375 0.10703125
1 0.52421875 0.49765625 0.10703125 0.0796875
1 0.5109375 0.57578125 0.115625 0.06640625
1 0.81796875 0.45546875 0.0796875 0.084375
1 0.67109375 0.1625 0.0890625 0.1109375
1 0.60234375 0.1046875 0.07578125 0.10234375
1 0.4578125 0.28671875 0.0796875 0.084375
1 0.40234375 0.40859375 0.1109375 0.09765625
1 0.3359375 0.29765625 0.1203125 0.10703125
1 0.29765625 0.3421875 0.09765625 0.0796875
1 0.15546875 0.5109375 0.10703125 0.09765625
1 0.26875 0.56640625 0.12890625 0.10234375
1 0.17109375 0.6046875 0.09296875 0.10703125
1 0.22421875 0.69296875 0.1203125 0.1421875
1 0.05546875 0.7625 0.1109375 0.1203125
1 0.1578125 0.89296875 0.084375 0.09765625
1 0.015625 0.96640625 0.03125 0.0578125
1 0.01796875 0.41796875 0.0359375 0.0796875
1 0.10234375 0.0625 0.07109375 0.0625
1 0.24921875 0.0359375 0.07109375 0.0625
1 0.0203125 0.078125 0.03984375 0.0578125
1 0.015625 0.01328125 0.03125 0.0265625
1 0.9625 0.0578125 0.06640625 0.0625
1 0.746875 0.03125 0.0625 0.04453125
1 0.846875 0.1109375 0.2 0.07109375
1 0.321875 0.15078125 0.1375 0.178125
1 0.22890625 0.23125 0.2265625 0.053125
1 0.1359375 0.346875 0.24453125 0.1953125
1 0.88203125 0.546875 0.084375 0.0796875
1 0.92421875 0.4734375 0.07109375 0.04921875
1 0.79765625 0.5421875 0.084375 0.0890625
1 0.73984375 0.4953125 0.084375 0.07578125
1 0.6890625 0.5625 0.0625 0.07578125
1 0.353125 0.53359375 0.084375 0.10703125
1 0.06015625 0.653125 0.1203125 0.1421875
1 0.40703125 0.77578125 0.12890625 0.1109375