1 0.5984375 0.04375 0.08515625 0.0875
1 0.4328125 0.11875 0.07734375 0.103125
1 0.52734375 0.1671875 0.13515625 0.0671875
1 0.5734375 0.134375 0.13515625 0.09296875
1 0.6796875 0.1984375 0.06953125 0.1390625
1 0.33359375 0.103125 0.08125 0.071875
1 0.30703125 0.03125 0.02734375 0.06171875
1 0.33984375 0.0359375 0.03828125 0.071875
1 0.2625 0.02578125 0.03828125 0.0515625
1 0.1890625 0.04921875 0.03125 0.09765625
1 0.21015625 0.0515625 0.02734375 0.103125
1 0.15625 0.02578125 0.02734375 0.0515625
1 0.934375 0.64140625 0.1234375 0.3140625
1 0.96328125 0.57734375 0.065625 0.16484375
1 0.878125 0.65234375 0.11953125 0.30390625
1 0.8203125 0.66015625 0.10390625 0.278125
1 0.77578125 0.67265625 0.13125 0.2734375
1 0.78203125 0.79921875 0.14296875 0.2265625
1 0.6625 0.71875 0.11953125 0.20078125
1 0.5671875 0.73984375 0.1 0.12890625
1 0.5078125 0.84296875 0.08125 0.12890625
1 0.6140625 0.89921875 0.1390625 0.190625
1 0.696875 0.89921875 0.0890625 0.1390625
1 0.45390625 0.928125 0.05 0.06171875
1 0.41875 0.87109375 0.05 0.0515625
1 0.36640625 0.9046875 0.03828125 0.05703125
1 0.4 0.9046875 0.034375 0.05703125
1 0.37421875 0.96640625 0.04609375 0.05703125
1 0.4109375 0.95859375 0.0421875 0.0515625
1 0.23515625 0.9171875 0.06953125 0.0828125
1 0.1890625 0.925 0.03828125 0.05703125
1 0.16015625 0.95390625 0.034375 0.071875
1 0.19921875 0.95625 0.0421875 0.0359375
1 0.23515625 0.984375 0.03125 0.0203125
1 0.29140625 0.9796875 0.0578125 0.03125
1 0.065625 0.9765625 0.04609375 0.0359375
1 0.2875 0.80703125 0.05 0.05703125
1 0.2796875 0.84296875 0.0421875 0.0359375
1 0.2125 0.8328125 0.1 0.04609375
1 0.16640625 0.8765625 0.05390625 0.03125
1 0.0984375 0.89140625 0.0734375 0.071875
1 0.04453125 0.87890625 0.0734375 0.09765625
1 0.11953125 0.8328125 0.08515625 0.0671875
1 0.20234375 0.7859375 0.0734375 0.04609375
1 0.2703125 0.778125 0.06171875 0.06171875
1 0.2625 0.71171875 0.08515625 0.0828125
1 0.20234375 0.74765625 0.0578125 0.04140625
1 0.13515625 0.78125 0.06171875 0.0671875
1 0.065625 0.80703125 0.06953125 0.05703125
1 0.60234375 0.54921875 0.1390625 0.1390625
1 0.67734375 0.4921875 0.12734375 0.16015625
1 0.78203125 0.45078125 0.11953125 0.10859375
1 0.8703125 0.48203125 0.05 0.0359375
1 0.45390625 0.571875 0.15078125 0.1546875
1 0.2140625 0.61875 0.05 0.0828125
1 0.24921875 0.63671875 0.05 0.05703125
1 0.16640625 0.6625 0.03828125 0.05703125
1 0.171875 0.62109375 0.034375 0.02578125
1 0.11796875 0.6625 0.05 0.04609375
1 0.08125 0.6828125 0.06171875 0.04609375
1 0.121875 0.70390625 0.0734375 0.04609375
1 0.06953125 0.72421875 0.03125 0.02578125
1 0.21015625 0.54375 0.0578125 0.04609375
1 0.1890625 0.571875 0.03125 0.04140625
1 0.1390625 0.57734375 0.06953125 0.0515625
1 0.0828125 0.58515625 0.05 0.04609375
1 0.11171875 0.5671875 0.015625 0.01015625
1 0.19296875 0.50546875 0.03125 0.03125
1 0.1953125 0.45859375 0.05 0.0515625
1 0.21015625 0.4765625 0.02734375 0.0359375
1 0.16796875 0.51796875 0.01953125 0.05703125
1 0.140625 0.52578125 0.034375 0.04140625
1 0.09296875 0.5234375 0.05390625 0.0359375
1 0.1296875 0.4921875 0.02734375 0.0359375
1 0.0890625 0.4921875 0.03828125 0.02578125
1 0.15859375 0.4765625 0.0234375 0.04609375
1 0.590625 0.45625 0.05390625 0.07734375
1 0.60390625 0.39453125 0.0734375 0.0671875
1 0.68125 0.4796875 0.13515625 0.1234375
1 0.6390625 0.41015625 0.0578125 0.05703125
1 0.51953125 0.365625 0.0890625 0.09296875
1 0.5640625 0.35546875 0.07734375 0.0828125
1 0.0640625 0.46171875 0.02734375 0.0359375
1 0.08515625 0.46875 0.03125 0.03125
1 0.11171875 0.45078125 0.1078125 0.05703125
1 0.16796875 0.4171875 0.096875 0.03125
1 0.17578125 0.39140625 0.08125 0.03125
1 0.20234375 0.365625 0.0578125 0.0203125
1 0.23359375 0.33515625 0.08125 0.071875
1 0.2859375 0.29921875 0.07734375 0.04140625
1 0.31484375 0.24765625 0.065625 0.071875
1 0.2859375 0.2140625 0.06171875 0.0875
1 0.53125 0.44609375 0.02734375 0.04609375
1 0.5578125 0.45625 0.01953125 0.0359375
1 0.515625 0.47421875 0.034375 0.03125
1 0.47890625 0.440625 0.03125 0.04609375
1 0.50390625 0.440625 0.01171875 0.02578125
1 0.50546875 0.4125 0.03125 0.04140625
1 0.48046875 0.3734375 0.01953125 0.0359375
1 0.46328125 0.384375 0.015625 0.015625
1 0.45 0.3609375 0.034375 0.03125
1 0.3046875 0.5671875 0.03828125 0.04140625
1 0.2875 0.5359375 0.02734375 0.04140625
1 0.27421875 0.5 0.03125 0.04140625
1 0.26796875 0.48203125 0.02734375 0.02578125
1 0.31875 0.51796875 0.034375 0.05703125
1 0.33359375 0.53828125 0.02734375 0.04609375
1 0.353125 0.55703125 0.02734375 0.04140625
1 0.3765625 0.54375 0.02734375 0.0359375
1 0.36875 0.515625 0.02734375 0.03125
1 0.36484375 0.48203125 0.02734375 0.02578125
1 0.41328125 0.471875 0.03125 0.04609375
1 0.44609375 0.4484375 0.034375 0.0515625
1 0.44609375 0.484375 0.02734375 0.03125
1 0.38984375 0.46171875 0.015625 0.02578125
1 0.41484375 0.428125 0.02734375 0.03125
1 0.409375 0.4046875 0.03125 0.015625
1 0.43984375 0.4171875 0.03828125 0.03125
1 0.4328125 0.3890625 0.0234375 0.02578125
1 0.384375 0.428125 0.02734375 0.04140625
1 0.359375 0.41015625 0.03125 0.0359375
1 0.3453125 0.44609375 0.02734375 0.0359375
1 0.31484375 0.46171875 0.02734375 0.0359375
1 0.33359375 0.42265625 0.01953125 0.03125
1 0.30859375 0.4328125 0.0234375 0.0203125
1 0.2875 0.45078125 0.01953125 0.02578125
1 0.84140625 0.44609375 0.03125 0.04609375
1 0.7703125 0.40234375 0.02734375 0.04140625
1 0.74140625 0.39140625 0.03125 0.03125
1 0.728125 0.35546875 0.02734375 0.04140625
1 0.746875 0.365625 0.01953125 0.03125
1 0.696875 0.32734375 0.034375 0.04609375
1 0.72421875 0.325 0.01953125 0.0203125
1 0.70625 0.3015625 0.03828125 0.0359375
1 0.68515625 0.28359375 0.034375 0.03125
1 0.23359375 0.396875 0.02734375 0.03125
1 0.25078125 0.43046875 0.03828125 0.0359375
1 0.26484375 0.396875 0.034375 0.04140625
1 0.2859375 0.384375 0.03125 0.04609375
1 0.3109375 0.39453125 0.034375 0.04609375
1 0.27578125 0.35078125 0.034375 0.04140625
1 0.29921875 0.3296875 0.02734375 0.04140625
1 0.33359375 0.36875 0.02734375 0.0359375
1 0.34375 0.39140625 0.03125 0.03125
1 0.37265625 0.37109375 0.034375 0.04140625
1 0.36328125 0.33984375 0.03828125 0.03125
1 0.3609375 0.3015625 0.034375 0.0359375
1 0.33984375 0.2859375 0.0234375 0.0359375
1 0.3609375 0.27578125 0.02734375 0.02578125
1 0.3921875 0.28359375 0.02734375 0.04140625
1 0.39375 0.24765625 0.03125 0.03125
1 0.4 0.21875 0.02734375 0.0359375
1 0.4265625 0.20625 0.02734375 0.03125
1 0.43046875 0.2296875 0.034375 0.0359375
1 0.42265625 0.2578125 0.02734375 0.03125
1 0.42109375 0.28125 0.03125 0.0359375
1 0.44765625 0.30703125 0.03125 0.0359375
1 0.43828125 0.3375 0.02734375 0.04609375
1 0.4171875 0.31953125 0.03125 0.03125
1 0.39375 0.321875 0.03125 0.02578125
1 0.40703125 0.34765625 0.0421875 0.0359375
1 0.40546875 0.3734375 0.03125 0.0359375
1 0.4515625 0.2703125 0.03125 0.0359375
1 0.46171875 0.2265625 0.02734375 0.03125
1 0.47890625 0.20859375 0.03125 0.04609375
1 0.509375 0.20859375 0.03125 0.04609375
1 0.52890625 0.23203125 0.0234375 0.03125
1 0.5015625 0.2421875 0.03125 0.03125
1 0.4765625 0.26796875 0.02734375 0.03125
1 0.4984375 0.278125 0.03828125 0.04140625
1 0.52890625 0.27578125 0.03828125 0.04609375
1 0.55234375 0.20859375 0.03125 0.0359375
1 0.58671875 0.2265625 0.03125 0.03125
1 0.60625 0.20625 0.0234375 0.04140625
1 0.62734375 0.221875 0.01953125 0.04140625
1 0.61171875 0.2625 0.02734375 0.04140625
1 0.63359375 0.2578125 0.015625 0.0203125
1 0.5578125 0.24453125 0.02734375 0.02578125
1 0.56015625 0.265625 0.0234375 0.02578125
1 0.55625 0.29375 0.03828125 0.04140625
1 0.58515625 0.3015625 0.02734375 0.0359375
1 0.5828125 0.26796875 0.0234375 0.03125
1 0.61953125 0.30703125 0.034375 0.0359375
1 0.65859375 0.309375 0.02734375 0.03125
1 0.61171875 0.3453125 0.01953125 0.03125
1 0.63671875 0.34296875 0.0234375 0.0359375
1 0.6625 0.3453125 0.034375 0.0203125
1 0.66796875 0.384375 0.04609375 0.0359375