1 0.87265625 0.96484375 0.24765625 0.06015625
1 0.90390625 0.8171875 0.18515625 0.30078125
1 0.9125 0.47578125 0.1671875 0.2296875
1 0.8765625 0.3171875 0.13828125 0.13125
1 0.95625 0.2046875 0.0796875 0.18046875
1 0.66328125 0.7703125 0.265625 0.4046875
1 0.7421875 0.61484375 0.1453125 0.16953125
1 0.57421875 0.5765625 0.18203125 0.31171875
1 0.63828125 0.4375 0.178125 0.2296875
1 0.68359375 0.3359375 0.09453125 0.14765625
1 0.57421875 0.22421875 0.17421875 0.2625
1 0.67265625 0.15546875 0.0875 0.11484375
1 0.45625 0.06015625 0.12734375 0.1203125
1 0.46015625 0.24609375 0.10546875 0.1640625
1 0.47109375 0.41015625 0.15625 0.21875
1 0.4203125 0.66953125 0.178125 0.28984375
1 0.265625 0.825 0.2546875 0.3390625
1 0.35234375 0.978125 0.1671875 0.0328125
1 0.28203125 0.584375 0.17109375 0.196875
1 0.33125 0.459375 0.1671875 0.196875
1 0.14375 0.45625 0.2 0.25703125
1 0.3203125 0.26484375 0.17421875 0.19140625
1 0.27109375 0.15859375 0.14921875 0.153125
1 0.2671875 0.0765625 0.16328125 0.153125