1 0.55 0.58515625 0.51328125 0.675
1 0.83046875 0.7265625 0.29375 0.4328125
1 0.884375 0.925 0.22421875 0.1390625
1 0.51328125 0.9203125 0.378125 0.14921875
1 0.1734375 0.6640625 0.346875 0.50625
1 0.36328125 0.178125 0.30078125 0.35546875
1 0.68125 0.24453125 0.359375 0.38671875
1 0.828125 0.2859375 0.1890625 0.4796875
1 0.04609375 0.2375 0.0921875 0.4125
1 0.13046875 0.1234375 0.2078125 0.246875
1 0.21953125 0.028125 0.1234375 0.05625
1 0.58046875 0.03828125 0.2421875 0.0765625
1 0.8046875 0.04140625 0.18125 0.0828125
1 0.94375 0.04375 0.10390625 0.0875
1 0.0328125 0.0203125 0.065625 0.040625