1 0.92890625 0.7140625 0.096875 0.14921875
1 0.975 0.78125 0.0421875 0.12890625
1 0.70078125 0.69609375 0.08125 0.134375
1 0.590625 0.69296875 0.146875 0.221875
1 0.621875 0.5125 0.1546875 0.20078125
1 0.49609375 0.5640625 0.15078125 0.190625
1 0.47890625 0.40234375 0.1234375 0.134375
1 0.378125 0.46875 0.13125 0.2265625
1 0.33046875 0.65703125 0.11953125 0.1703125
1 0.39765625 0.765625 0.146875 0.190625
1 0.50390625 0.85546875 0.15078125 0.1546875
1 0.60625 0.9328125 0.2703125 0.1234375
1 0.73359375 0.86875 0.30078125 0.25234375
1 0.86328125 0.7859375 0.26640625 0.4171875
1 0.84921875 0.60078125 0.29375 0.365625
1 0.7953125 0.45390625 0.4015625 0.4328125
1 0.80859375 0.20625 0.15078125 0.20625
1 0.934375 0.25546875 0.1234375 0.18046875
1 0.93046875 0.08515625 0.13125 0.1703125
1 0.86484375 0.01796875 0.06953125 0.0359375
1 0.13515625 0.6984375 0.1078125 0.16015625
1 0.1875 0.71875 0.08125 0.07734375
1 0.04609375 0.74921875 0.0921875 0.2015625
1 0.090625 0.84296875 0.11171875 0.09765625
1 0.30703125 0.74765625 0.3515625 0.49453125
1 0.20234375 0.471875 0.2203125 0.190625
1 0.3921875 0.34296875 0.13515625 0.0875
1 0.36328125 0.22421875 0.29375 0.23203125
1 0.58671875 0.1984375 0.49453125 0.396875
1 0.1875 0.1265625 0.096875 0.1703125
1 0.246875 0.265625 0.1234375 0.14921875
1 0.16796875 0.35078125 0.10390625 0.103125
1 0.034375 0.5828125 0.06875 0.134375
1 0.096875 0.575 0.06953125 0.1703125
1 0.05625 0.44296875 0.11171875 0.16484375
1 0.1625 0.353125 0.1078125 0.12890625
1 0.05234375 0.29609375 0.0734375 0.10859375
1 0.13515625 0.2734375 0.115625 0.175
1 0.15078125 0.075 0.1234375 0.14921875
1 0.2625 0.0359375 0.16953125 0.071875
1 0.2953125 0.115625 0.12734375 0.11875
1 0.4984375 0.49765625 0.99609375 0.99453125