1 0.8359375 0.890625 0.3203125 0.20703125
1 0.8359375 0.70703125 0.3203125 0.27578125
1 0.7984375 0.4625 0.2859375 0.25859375
1 0.965625 0.54609375 0.06171875 0.1953125
1 0.953125 0.40234375 0.0859375 0.14921875
1 0.94296875 0.2671875 0.10703125 0.2359375
1 0.7796875 0.2875 0.26171875 0.21875
1 0.74453125 0.11171875 0.26171875 0.20078125
1 0.6984375 0.24140625 0.1 0.103125
1 0.934375 0.10625 0.12421875 0.20078125
1 0.90703125 0.04609375 0.12421875 0.0921875
1 0.6671875 0.04609375 0.134375 0.0921875
1 0.52578125 0.103125 0.203125 0.18359375
1 0.5296875 0.2359375 0.24453125 0.1953125
1 0.52421875 0.38828125 0.3171875 0.22421875
1 0.49140625 0.6609375 0.396875 0.36796875
1 0.465625 0.8359375 0.4203125 0.31640625
1 0.1984375 0.925 0.25859375 0.13828125
1 0.18984375 0.70390625 0.24140625 0.3734375
1 0.2671875 0.3765625 0.2171875 0.29296875
1 0.303125 0.1984375 0.24140625 0.246875
1 0.32421875 0.06328125 0.234375 0.1265625
1 0.103125 0.07421875 0.20625 0.1484375
1 0.10703125 0.22734375 0.2140625 0.2359375
1 0.08125 0.41640625 0.16171875 0.32734375
1 0.04140625 0.640625 0.0828125 0.32734375
1 0.03828125 0.8734375 0.07578125 0.24140625