1 0.8625 0.76328125 0.16015625 0.234375
1 0.9390625 0.84609375 0.11484375 0.109375
1 0.95234375 0.7109375 0.0875 0.25546875
1 0.86796875 0.53359375 0.171875 0.234375
1 0.975 0.50234375 0.0421875 0.171875
1 0.9125 0.3984375 0.121875 0.18203125
1 0.965625 0.3203125 0.0609375 0.16171875
1 0.921875 0.23984375 0.13359375 0.15625
1 0.94296875 0.09140625 0.10703125 0.16171875
1 0.77890625 0.15625 0.121875 0.17734375
1 0.83984375 0.11171875 0.121875 0.19296875
1 0.8015625 0.04453125 0.17578125 0.08828125
1 0.740625 0.03671875 0.06875 0.07265625
1 0.6421875 0.10390625 0.1875 0.2078125
1 0.7234375 0.34375 0.25546875 0.28125
1 0.80703125 0.31796875 0.1109375 0.125
1 0.64921875 0.55234375 0.18359375 0.23984375
1 0.76875 0.65078125 0.08046875 0.14609375
1 0.70390625 0.73203125 0.13359375 0.140625
1 0.7484375 0.84609375 0.24453125 0.109375
1 0.55546875 0.859375 0.14140625 0.08359375
1 0.35859375 0.8515625 0.16796875 0.08828125
1 0.4484375 0.81796875 0.13359375 0.16640625
1 0.15625 0.76328125 0.22890625 0.265625
1 0.034375 0.84609375 0.06875 0.109375
1 0.0859375 0.62734375 0.171875 0.27578125
1 0.05703125 0.3765625 0.1140625 0.275
1 0.1046875 0.2109375 0.15625 0.13046875
1 0.2671875 0.09921875 0.09140625 0.10390625
1 0.284375 0.0234375 0.1109375 0.046875
1 0.41796875 0.203125 0.13359375 0.25
1 0.534375 0.203125 0.121875 0.14609375
1 0.4640625 0.06796875 0.20234375 0.13515625
1 0.3890625 0.0078125 0.10703125 0.015625
1 0.11015625 0.13515625 0.2203125 0.2703125
1 0.2171875 0.38515625 0.259375 0.25
1 0.30546875 0.19765625 0.121875 0.23984375
1 0.40859375 0.4609375 0.17578125 0.24453125
1 0.5 0.53359375 0.11484375 0.171875
1 0.553125 0.61171875 0.1984375 0.24453125
1 0.5765625 0.34921875 0.1296875 0.1875
1 0.37578125 0.625 0.1796875 0.1875
1 0.28984375 0.63046875 0.22109375 0.36484375
1 0.4984375 0.453125 0.99609375 0.90625