1 0.7125 0.85234375 0.33671875 0.2828125
1 0.765625 0.7453125 0.31796875 0.38359375
1 0.75625 0.484375 0.2734375 0.33984375
1 0.82890625 0.31796875 0.2609375 0.2703125
1 0.7890625 0.1921875 0.2390625 0.18203125
1 0.7625 0.06953125 0.14140625 0.12578125
1 0.81640625 0.046875 0.1984375 0.09375
1 0.59765625 0.028125 0.17578125 0.05625
1 0.56484375 0.10703125 0.2109375 0.1890625
1 0.5375 0.2296875 0.2765625 0.2578125
1 0.4890625 0.471875 0.2484375 0.41484375
1 0.3078125 0.7421875 0.3015625 0.453125
1 0.2015625 0.91171875 0.2953125 0.16328125
1 0.0484375 0.61875 0.096875 0.421875
1 0.15078125 0.42421875 0.3015625 0.40859375
1 0.2546875 0.2453125 0.2828125 0.2890625
1 0.290625 0.12578125 0.2109375 0.2015625
1 0.35703125 0.059375 0.1984375 0.11875