1 0.271875 0.36875 0.11640625 0.2140625
1 0.40859375 0.42578125 0.15703125 0.1609375
1 0.53671875 0.44609375 0.1 0.25
1 0.55859375 0.3390625 0.06328125 0.20234375
1 0.45703125 0.24140625 0.13359375 0.20859375
1 0.66171875 0.45546875 0.11640625 0.17265625
1 0.6453125 0.6015625 0.04296875 0.14296875
1 0.696875 0.61640625 0.0796875 0.24375
1 0.9046875 0.88671875 0.0765625 0.2140625
1 0.9546875 0.8453125 0.08359375 0.2140625
1 0.9515625 0.70859375 0.08984375 0.1546875
1 0.8046875 0.51796875 0.21015625 0.2265625
1 0.625 0.51796875 0.74296875 0.95234375
1 0.525 0.54765625 0.75703125 0.89296875
1 0.3796875 0.59765625 0.759375 0.7921875