1 0.0671875 0.4171875 0.134375 0.196875
1 0.234375 0.27109375 0.15390625 0.20234375
1 0.28671875 0.11953125 0.1234375 0.17578125
1 0.37265625 0.0453125 0.1234375 0.0796875
1 0.4640625 0.10078125 0.15 0.18046875
1 0.3953125 0.19140625 0.1984375 0.2125
1 0.1984375 0.4015625 0.16484375 0.15390625
1 0.11796875 0.54765625 0.190625 0.2765625
1 0.2921875 0.5609375 0.2171875 0.409375
1 0.40625 0.4125 0.190625 0.22890625
1 0.49609375 0.29765625 0.16875 0.1703125
1 0.54296875 0.178125 0.08203125 0.11171875
1 0.640625 0.196875 0.1421875 0.159375
1 0.728125 0.1515625 0.1234375 0.17578125
1 0.85234375 0.35390625 0.28125 0.39921875
1 0.63125 0.38046875 0.16875 0.22890625
1 0.79609375 0.67265625 0.37109375 0.484375
1 0.56171875 0.69453125 0.26953125 0.50546875