1 0.93125 0.91796875 0.12734375 0.0375
1 0.96015625 0.86171875 0.06875 0.08984375
1 0.93359375 0.7625 0.121875 0.10078125
1 0.9546875 0.69296875 0.0796875 0.0453125
1 0.92578125 0.63125 0.1375 0.07890625
1 0.95 0.5578125 0.08984375 0.08203125
1 0.946875 0.44921875 0.0953125 0.08203125
1 0.86015625 0.50546875 0.13203125 0.09765625
1 0.8015625 0.58046875 0.153125 0.08984375
1 0.77265625 0.62578125 0.084375 0.0671875
1 0.6828125 0.63828125 0.1375 0.09375
1 0.790625 0.70390625 0.1640625 0.08984375
1 0.76953125 0.784375 0.1640625 0.09375
1 0.878125 0.82578125 0.12734375 0.14609375
1 0.78828125 0.9046875 0.16953125 0.06328125
1 0.72734375 0.86171875 0.18515625 0.1125
1 0.653125 0.78828125 0.06875 0.09375
1 0.6984375 0.728125 0.06328125 0.07109375
1 0.60546875 0.68515625 0.121875 0.09765625
1 0.621875 0.60703125 0.121875 0.0671875
1 0.62734375 0.5203125 0.153125 0.1125
1 0.74609375 0.4921875 0.0953125 0.0859375
1 0.534375 0.48125 0.11640625 0.0859375
1 0.415625 0.4625 0.121875 0.0859375
1 0.30703125 0.4640625 0.12734375 0.1125
1 0.38359375 0.53359375 0.10078125 0.0859375
1 0.49453125 0.57890625 0.153125 0.11640625
1 0.4421875 0.61796875 0.121875 0.09765625
1 0.47109375 0.68515625 0.1375 0.075
1 0.56875 0.746875 0.14296875 0.10859375
1 0.55 0.87109375 0.16953125 0.13125
1 0.63984375 0.91796875 0.12734375 0.0375
1 0.46015625 0.89921875 0.10546875 0.075
1 0.42578125 0.790625 0.14296875 0.11953125
1 0.47109375 0.746875 0.053125 0.0484375
1 0.3125 0.715625 0.1796875 0.12734375
1 0.3546875 0.75859375 0.1375 0.0859375
1 0.225 0.83125 0.1640625 0.1046875
1 0.32265625 0.878125 0.1796875 0.11640625
1 0.2140625 0.9046875 0.0578125 0.06328125
1 0.1296875 0.91015625 0.1109375 0.0375
1 0.1796875 0.63671875 0.1375 0.11953125
1 0.23515625 0.5484375 0.10078125 0.07109375
1 0.23046875 0.4796875 0.08984375 0.0671875
1 0.121875 0.4640625 0.1375 0.08203125
1 0.11875 0.50390625 0.121875 0.07109375
1 0.1375 0.57109375 0.084375 0.07109375
1 0.053125 0.61796875 0.10546875 0.11953125
1 0.08984375 0.67421875 0.084375 0.06015625
1 0.02890625 0.71328125 0.0578125 0.10078125
1 0.13203125 0.7640625 0.20078125 0.1421875
1 0.02109375 0.821875 0.0421875 0.09375
1 0.034375 0.9046875 0.06875 0.06328125
1 0.0796875 0.8671875 0.11640625 0.06328125
1 0.0453125 0.53359375 0.08984375 0.07109375
1 0.0265625 0.4640625 0.053125 0.075
1 0.57109375 0.35390625 0.11640625 0.07890625
1 0.709375 0.340625 0.1375 0.08203125
1 0.846875 0.33125 0.1484375 0.07890625
1 0.94453125 0.29375 0.10078125 0.07890625
1 0.915625 0.25078125 0.084375 0.08203125
1 0.97109375 0.2265625 0.04765625 0.06328125
1 0.946875 0.1703125 0.0953125 0.0859375
1 0.98125 0.10703125 0.0265625 0.0484375
1 0.896875 0.10703125 0.14296875 0.0859375
1 0.97109375 0.06171875 0.04765625 0.05625
1 0.90703125 0.03359375 0.17421875 0.0671875
1 0.78828125 0.075 0.0953125 0.09765625
1 0.809375 0.009375 0.03203125 0.01875
1 0.7484375 0.14453125 0.10078125 0.10859375
1 0.82265625 0.178125 0.153125 0.10078125
1 0.8015625 0.2640625 0.14296875 0.0859375
1 0.6875 0.2265625 0.12734375 0.07890625
1 0.63203125 0.27890625 0.153125 0.10859375
1 0.65078125 0.1421875 0.11640625 0.1046875
1 0.6828125 0.06953125 0.11640625 0.06328125
1 0.73828125 0.02265625 0.121875 0.0453125
1 0.61875 0.0375 0.1484375 0.075
1 0.53984375 0.0765625 0.11640625 0.09375
1 0.4765625 0.028125 0.12734375 0.05625
1 0.35078125 0.0203125 0.1015625 0.040625
1 0.2375 0.0203125 0.128125 0.040625
1 0.1375 0.03203125 0.084375 0.06328125
1 0.06796875 0.0109375 0.0953125 0.021875
1 0.0875 0.05625 0.08984375 0.05234375
1 0.20390625 0.0671875 0.10078125 0.0453125
1 0.3171875 0.0578125 0.11640625 0.07109375
1 0.396875 0.08828125 0.10546875 0.09375
1 0.47890625 0.13671875 0.10078125 0.07890625
1 0.46015625 0.08046875 0.0421875 0.06328125
1 0.2328125 0.13828125 0.12734375 0.09765625
1 0.3171875 0.1140625 0.07421875 0.05625
1 0.1140625 0.11640625 0.13203125 0.0671875
1 0.02890625 0.08828125 0.0578125 0.07890625
1 0.0234375 0.1640625 0.046875 0.075
1 0.10546875 0.1796875 0.11640625 0.09765625
1 0.2140625 0.2171875 0.13203125 0.08203125
1 0.3125 0.17578125 0.084375 0.08203125
1 0.40234375 0.1875 0.1484375 0.1046875
1 0.309375 0.2359375 0.0796875 0.0375
1 0.36484375 0.2828125 0.12734375 0.10078125
1 0.4890625 0.2625 0.121875 0.09765625
1 0.56875 0.253125 0.08984375 0.11640625
1 0.5578125 0.16875 0.1109375 0.075
1 0.4921875 0.19453125 0.053125 0.05234375
1 0.4890625 0.34453125 0.06875 0.05234375
1 0.41015625 0.35390625 0.1109375 0.06328125
1 0.25625 0.29609375 0.121875 0.08984375
1 0.2484375 0.3484375 0.0953125 0.0453125
1 0.33046875 0.3484375 0.06875 0.05234375
1 0.1375 0.3296875 0.12734375 0.08203125
1 0.12734375 0.25625 0.12734375 0.07890625
1 0.0421875 0.30546875 0.084375 0.07890625
1 0.02890625 0.234375 0.0578125 0.07890625