1 0.675 0.4578125 0.60859375 0.54453125
1 0.60859375 0.62734375 0.19609375 0.12734375
1 0.48203125 0.51171875 0.21171875 0.1734375
1 0.40234375 0.38046875 0.16484375 0.096875
1 0.40234375 0.24296875 0.20625 0.20859375
1 0.2421875 0.2953125 0.1234375 0.15078125
1 0.12109375 0.3046875 0.2421875 0.20859375
1 0.0796875 0.453125 0.159375 0.103125
1 0.075 0.5671875 0.14921875 0.22421875
1 0.1546875 0.8375 0.309375 0.31640625
1 0.3375 0.7796875 0.28359375 0.31640625
1 0.559375 0.86328125 0.1390625 0.11171875
1 0.940625 0.975 0.10859375 0.0421875
1 0.23203125 0.58671875 0.2578125 0.20078125