1 0.86328125 0.92109375 0.21484375 0.14765625
1 0.98359375 0.9484375 0.02578125 0.09296875
1 0.88515625 0.7296875 0.221875 0.31171875
1 0.82890625 0.85234375 0.03671875 0.065625
1 0.678125 0.5515625 0.17109375 0.4265625
1 0.8109375 0.5296875 0.11640625 0.3171875
1 0.90546875 0.434375 0.18203125 0.37734375
1 0.790625 0.25703125 0.25078125 0.240625
1 0.93671875 0.2265625 0.1203125 0.26796875
1 0.90859375 0.06796875 0.1734375 0.1359375
1 0.8359375 0.0953125 0.115625 0.190625
1 0.7375 0.0953125 0.240625 0.190625
1 0.62734375 0.21015625 0.134375 0.34453125
1 0.58359375 0.47578125 0.12734375 0.196875
1 0.56328125 0.740625 0.1453125 0.28984375
1 0.70703125 0.83359375 0.2 0.32265625
1 0.490625 0.4046875 0.290625 0.3390625
1 0.4421875 0.23203125 0.20703125 0.22421875
1 0.4671875 0.153125 0.18515625 0.1640625
1 0.48671875 0.06796875 0.2484375 0.1359375
1 0.390625 0.74609375 0.29453125 0.36640625
1 0.4125 0.92890625 0.221875 0.13125
1 0.1984375 0.83046875 0.178125 0.328125
1 0.0546875 0.88828125 0.109375 0.21328125
1 0.07265625 0.58203125 0.1453125 0.5734375
1 0.1546875 0.43984375 0.134375 0.27890625
1 0.16875 0.63671875 0.0765625 0.15859375
1 0.28515625 0.49765625 0.18515625 0.39375
1 0.2421875 0.19140625 0.221875 0.240625
1 0.14375 0.27578125 0.14921875 0.16953125
1 0.05078125 0.21015625 0.1015625 0.21328125
1 0.16328125 0.07109375 0.13828125 0.1421875
1 0.29453125 0.09296875 0.1671875 0.1859375
1 0.05234375 0.04921875 0.090625 0.0984375
1 0.0109375 0.04921875 0.021875 0.0984375
1 0.4984375 0.49765625 0.99609375 0.99453125