1 0.27578125 0.70859375 0.328125 0.4796875
1 0.384375 0.65234375 0.28984375 0.54140625
1 0.48828125 0.61328125 0.28203125 0.515625
1 0.56015625 0.58515625 0.2390625 0.4484375
1 0.69296875 0.61328125 0.38984375 0.26796875
1 0.73515625 0.4359375 0.42890625 0.2421875
1 0.7140625 0.29921875 0.3703125 0.2375
1 0.6546875 0.21875 0.24296875 0.29375
1 0.575 0.175 0.1625 0.35
1 0.3109375 0.24453125 0.37421875 0.3765625
1 0.28984375 0.41015625 0.4328125 0.2734375
1 0.4109375 0.25 0.2046875 0.16015625
1 0.2375 0.21875 0.29765625 0.33515625
1 0.3109375 0.178125 0.3359375 0.23203125