1 0.69140625 0.30234375 0.2203125 0.3515625
1 0.77109375 0.7609375 0.1765625 0.26953125
1 0.65 0.8734375 0.27421875 0.24140625
1 0.653125 0.79375 0.04296875 0.07109375
1 0.3125 0.76953125 0.4296875 0.3078125
1 0.653125 0.72265625 0.38984375 0.33515625
1 0.3265625 0.8984375 0.32109375 0.18125
1 0.3390625 0.934375 0.27421875 0.12109375
1 0.08671875 0.84375 0.1734375 0.30234375
1 0.35546875 0.6734375 0.1265625 0.18125
1 0.2203125 0.634375 0.14453125 0.1921875
1 0.4078125 0.48359375 0.15859375 0.253125
1 0.54140625 0.3625 0.10859375 0.3734375
1 0.53046875 0.23046875 0.09375 0.16484375
1 0.490625 0.3625 0.12265625 0.13203125
1 0.51953125 0.634375 0.2671875 0.31328125
1 0.55390625 0.6734375 0.24921875 0.246875
1 0.7921875 0.45625 0.278125 0.14296875
1 0.8046875 0.51640625 0.26015625 0.13203125
1 0.965625 0.5546875 0.06171875 0.11015625
1 0.9421875 0.6265625 0.04296875 0.08828125
1 0.98203125 0.63984375 0.02890625 0.04921875
1 0.978125 0.725 0.0359375 0.09921875
1 0.94609375 0.21953125 0.0578125 0.11015625
1 0.9640625 0.18125 0.0578125 0.12109375
1 0.81953125 0.22265625 0.071875 0.1046875
1 0.8859375 0.35703125 0.06171875 0.14296875
1 0.890625 0.3953125 0.209375 0.790625
1 0.8859375 0.65625 0.03984375 0.2359375
1 0.9203125 0.815625 0.1515625 0.35703125
1 0.94375 0.85703125 0.1046875 0.275
1 0.85 0.8078125 0.06875 0.3734375
1 0.91328125 0.87890625 0.16640625 0.14296875
1 0.68515625 0.08203125 0.3609375 0.1640625
1 0.16640625 0.31875 0.25234375 0.3078125
1 0.0828125 0.45234375 0.165625 0.2359375
1 0.34140625 0.26640625 0.11171875 0.1484375
1 0.41484375 0.203125 0.09375 0.13203125
1 0.38984375 0.18671875 0.04296875 0.0765625
1 0.3734375 0.065625 0.06171875 0.0765625
1 0.41484375 0.12109375 0.02890625 0.04375
1 0.4640625 0.159375 0.05390625 0.04375
1 0.49453125 0.046875 0.06484375 0.09375
1 0.4546875 0.09375 0.0359375 0.08828125
1 0.4171875 0.05234375 0.090625 0.1046875
1 0.3140625 0.0328125 0.1515625 0.065625
1 0.24921875 0.05234375 0.2453125 0.1046875
1 0.115625 0.04140625 0.23125 0.08203125
1 0.13203125 0.07109375 0.26328125 0.09921875
1 0.1984375 0.134375 0.396875 0.08203125