1 0.61796875 0.38984375 0.13671875 0.0890625
1 0.60703125 0.33046875 0.11328125 0.05390625
1 0.5484375 0.315625 0.0765625 0.0953125
1 0.5265625 0.4046875 0.06640625 0.0953125
1 0.46171875 0.30625 0.06328125 0.0890625
1 0.38671875 0.33046875 0.10703125 0.07734375
1 0.371875 0.38984375 0.11015625 0.065625
1 0.4296875 0.39609375 0.0796875 0.07734375
1 0.3546875 0.4375 0.04296875 0.05390625
1 0.371875 0.48203125 0.05703125 0.08359375
1 0.4296875 0.496875 0.053125 0.07734375
1 0.4984375 0.503125 0.05 0.0890625
1 0.2953125 0.60390625 0.04296875 0.0890625
1 0.275 0.44921875 0.06328125 0.07734375
1 0.3015625 0.36875 0.05 0.059375
1 0.21640625 0.5328125 0.06015625 0.05390625
1 0.196875 0.5953125 0.053125 0.04765625
1 0.21328125 0.61015625 0.06015625 0.05390625
1 0.2515625 0.6609375 0.06328125 0.059375
1 0.546875 0.66640625 0.03359375 0.0359375
1 0.65 0.6640625 0.046875 0.065625
1 0.6796875 0.70546875 0.046875 0.05390625
1 0.74140625 0.68125 0.06328125 0.05390625
1 0.7734375 0.63125 0.053125 0.07109375
1 0.775 0.56875 0.04296875 0.05390625
1 0.7515625 0.503125 0.0296875 0.065625
1 0.66015625 0.5 0.053125 0.08359375
1 0.61015625 0.49375 0.03984375 0.08359375
1 0.69140625 0.4109375 0.03671875 0.07109375
1 0.48671875 0.38671875 0.0265625 0.059375
1 0.5046875 0.309375 0.04296875 0.0359375
1 0.48828125 0.51484375 0.6234375 0.49375