1 0.69140625 0.8359375 0.0703125 0.11328125
1 0.7296875 0.8984375 0.06640625 0.10703125
1 0.8453125 0.92578125 0.303125 0.13671875
1 0.95703125 0.88359375 0.06640625 0.125
1 0.8046875 0.88359375 0.05 0.07734375
1 0.728125 0.64296875 0.14296875 0.1546875
1 0.90859375 0.57734375 0.1765625 0.23828125
1 0.903125 0.66953125 0.18671875 0.20859375
1 0.84140625 0.66953125 0.05703125 0.065625
1 0.78984375 0.3125 0.2265625 0.30390625
1 0.63515625 0.19375 0.15 0.29140625
1 0.71171875 0.25625 0.05 0.1546875
1 0.56171875 0.1640625 0.13671875 0.32734375
1 0.521875 0.309375 0.0765625 0.08359375
1 0.50859375 0.125 0.096875 0.25
1 0.3984375 0.1484375 0.13671875 0.2265625
1 0.403125 0.29765625 0.153125 0.17890625
1 0.5984375 0.70546875 0.1296875 0.184375
1 0.546875 0.8453125 0.19296875 0.2140625
1 0.625 0.80390625 0.0765625 0.0953125
1 0.58671875 0.95234375 0.09296875 0.08359375
1 0.471875 0.9609375 0.11015625 0.065625
1 0.346875 0.878125 0.3796875 0.23203125
1 0.328125 0.74375 0.23671875 0.26171875
1 0.3015625 0.6578125 0.28984375 0.184375
1 0.121875 0.6015625 0.03671875 0.07109375
1 0.1 0.6546875 0.03359375 0.059375
1 0.13984375 0.66640625 0.03359375 0.059375
1 0.11015625 0.73515625 0.0265625 0.07734375
1 0.078125 0.7265625 0.0296875 0.07109375
1 0.0515625 0.68125 0.03671875 0.07734375
1 0.075 0.6546875 0.0234375 0.059375
1 0.01796875 0.72890625 0.0296875 0.0890625
1 0.0484375 0.7734375 0.0296875 0.07109375
1 0.08828125 0.79765625 0.04296875 0.08359375
1 0.0484375 0.85703125 0.096875 0.13125
1 0.025 0.92265625 0.05 0.11875
1 0.0265625 0.61328125 0.053125 0.14296875
1 0.075 0.5984375 0.0296875 0.07734375
1 0.23671875 0.10703125 0.08671875 0.2140625
1 0.2046875 0.2203125 0.13671875 0.32109375
1 0.30859375 0.17265625 0.06328125 0.29765625