1 0.84140625 0.72421875 0.1234375 0.18046875
1 0.034375 0.2828125 0.06875 0.175
1 0.10234375 0.5359375 0.14296875 0.21640625
1 0.18359375 0.39140625 0.15078125 0.175
1 0.271875 0.5203125 0.12734375 0.19609375
1 0.19296875 0.734375 0.1390625 0.221875
1 0.2953125 0.78359375 0.11171875 0.19609375
1 0.3765625 0.80703125 0.13515625 0.2421875
1 0.490625 0.63125 0.1390625 0.21171875
1 0.48046875 0.821875 0.11171875 0.18046875
1 0.596875 0.8453125 0.13515625 0.2375
1 0.6875 0.8140625 0.1234375 0.2265625
1 0.75859375 0.77578125 0.11171875 0.190625
1 0.88828125 0.65234375 0.06171875 0.09765625
1 0.903125 0.53359375 0.115625 0.18046875
1 0.9109375 0.41015625 0.08515625 0.0671875
1 0.88828125 0.3171875 0.1390625 0.1703125
1 0.98828125 0.22421875 0.015625 0.10859375
1 0.83046875 0.25546875 0.146875 0.190625
1 0.8125 0.4359375 0.11171875 0.1390625
1 0.79375 0.5828125 0.14296875 0.16484375
1 0.7203125 0.57734375 0.096875 0.16484375
1 0.671875 0.6671875 0.06171875 0.0671875
1 0.59453125 0.64453125 0.1 0.1859375
1 0.65078125 0.528125 0.15078125 0.190625
1 0.71796875 0.440625 0.08515625 0.11875
1 0.4828125 0.48984375 0.13125 0.14453125
1 0.40703125 0.6390625 0.065625 0.134375
1 0.3203125 0.63671875 0.13125 0.11875
1 0.37421875 0.528125 0.1 0.1703125
1 0.31484375 0.36328125 0.11953125 0.1703125
1 0.4359375 0.39140625 0.08515625 0.19609375
1 0.53125 0.3328125 0.12734375 0.21171875
1 0.65078125 0.33984375 0.11171875 0.1859375
1 0.696875 0.28828125 0.11953125 0.16484375
1 0.72578125 0.15234375 0.1546875 0.16015625
1 0.634375 0.08984375 0.096875 0.1796875
1 0.534375 0.06953125 0.15859375 0.1390625
1 0.43984375 0.05703125 0.06953125 0.11328125
1 0.3859375 0.05703125 0.09296875 0.11328125
1 0.27578125 0.06953125 0.11953125 0.1390625
1 0.34765625 0.16484375 0.115625 0.1546875
1 0.39609375 0.25 0.14296875 0.221875
1 0.46171875 0.18046875 0.08125 0.134375
1 0.246875 0.22421875 0.1234375 0.1703125
1 0.19296875 0.14921875 0.07734375 0.134375
1 0.12578125 0.25546875 0.11171875 0.12890625
1 0.1484375 0.29375 0.11953125 0.1546875
1 0.065625 0.4046875 0.08515625 0.07734375