1 0.82109375 0.3984375 0.2109375 0.1796875
1 0.72421875 0.57578125 0.4484375 0.1015625
1 0.81875 0.7859375 0.22421875 0.2625
1 0.596875 0.83671875 0.15078125 0.15234375
1 0.36015625 0.62890625 0.20234375 0.290625
1 0.13359375 0.6265625 0.17265625 0.22109375
1 0.278125 0.8546875 0.45234375 0.1796875
1 0.45078125 0.325 0.40078125 0.2625
1 0.7890625 0.15234375 0.27578125 0.22109375
1 0.46796875 0.165625 0.23671875 0.23046875
1 0.153125 0.1453125 0.18515625 0.1609375
1 0.13828125 0.38046875 0.17265625 0.1890625