1 0.21015625 0.6234375 0.17421875 0.203125
1 0.296875 0.7640625 0.159375 0.253125
1 0.4203125 0.78828125 0.18828125 0.26953125
1 0.5796875 0.78828125 0.1453125 0.203125
1 0.7171875 0.703125 0.15234375 0.23046875
1 0.728125 0.54921875 0.16640625 0.20859375
1 0.5796875 0.58203125 0.16640625 0.21953125
1 0.4203125 0.57109375 0.159375 0.253125
1 0.33671875 0.50546875 0.15234375 0.20859375
1 0.40390625 0.3765625 0.1125 0.1265625
1 0.49296875 0.42890625 0.1375 0.13203125
1 0.6359375 0.4234375 0.14140625 0.16484375
1 0.54140625 0.3046875 0.1484375 0.1703125
1 0.2703125 0.37890625 0.15546875 0.19765625
1 0.22265625 0.4859375 0.1046875 0.07109375
1 0.4296875 0.934375 0.134375 0.0765625
1 0.66875 0.8296875 0.046875 0.0546875