1 0.05 0.8984375 0.1 0.190625
1 0.121875 0.9671875 0.196875 0.05390625
1 0.7984375 0.88671875 0.1703125 0.2140625
1 0.83984375 0.9671875 0.08671875 0.05390625
1 0.9296875 0.9640625 0.10703125 0.059375
1 0.9296875 0.9140625 0.13359375 0.1609375
1 0.96015625 0.79140625 0.0734375 0.13125
1 0.9234375 0.815625 0.053125 0.1546875
1 0.86796875 0.82734375 0.08984375 0.20234375
1 0.8515625 0.7140625 0.103125 0.0953125
1 0.78984375 0.7796875 0.06640625 0.08359375
1 0.76328125 0.85390625 0.10703125 0.1015625
1 0.69296875 0.94609375 0.08671875 0.0953125
1 0.53203125 0.7734375 0.396875 0.440625
1 0.8453125 0.3453125 0.303125 0.4765625
1 0.828125 0.2796875 0.33671875 0.38125
1 0.48671875 0.7140625 0.43984375 0.559375
1 0.41484375 0.67265625 0.48984375 0.64296875
1 0.271875 0.5921875 0.16328125 0.2203125
1 0.23515625 0.7890625 0.1703125 0.24375
1 0.08359375 0.8453125 0.16640625 0.20234375
1 0.1203125 0.66640625 0.2203125 0.16640625
1 0.38203125 0.434375 0.18984375 0.17890625
1 0.3984375 0.57734375 0.15 0.2140625
1 0.528125 0.38671875 0.14296875 0.2265625
1 0.63203125 0.2890625 0.13671875 0.1609375
1 0.6796875 0.2265625 0.1 0.10703125
1 0.7453125 0.184375 0.1296875 0.11875
1 0.7765625 0.07734375 0.153125 0.14296875
1 0.88671875 0.02109375 0.1203125 0.04140625
1 0.81640625 0.20234375 0.31328125 0.4046875
1 0.21484375 0.3515625 0.21015625 0.39296875
1 0.37578125 0.0890625 0.1140625 0.178125
1 0.01484375 0.309375 0.0296875 0.41640625
1 0.0734375 0.32421875 0.146875 0.36328125
1 0.08359375 0.434375 0.16640625 0.3453125
1 0.06484375 0.52109375 0.08984375 0.13671875
1 0.08828125 0.06875 0.1296875 0.13671875
1 0.2234375 0.059375 0.11328125 0.11875
1 0.5015625 0.10703125 0.11015625 0.2140625
1 0.60703125 0.065625 0.0796875 0.13125
1 0.675 0.0328125 0.03671875 0.065625
1 0.3765625 0.246875 0.153125 0.2203125