1 0.84453125 0.6359375 0.30234375 0.49765625
1 0.84921875 0.9359375 0.2578125 0.1203125
1 0.6046875 0.92421875 0.2578125 0.1421875
1 0.6796875 0.7046875 0.26640625 0.32421875
1 0.5109375 0.746875 0.13359375 0.15078125
1 0.44453125 0.66875 0.16015625 0.1640625
1 0.5046875 0.59140625 0.084375 0.115625
1 0.56015625 0.615625 0.0890625 0.06640625
1 0.57578125 0.4890625 0.1734375 0.221875
1 0.4109375 0.45078125 0.19140625 0.2359375
1 0.34453125 0.62421875 0.253125 0.18203125
1 0.31328125 0.76875 0.2 0.178125
1 0.2796875 0.89296875 0.3109375 0.2046875
1 0.0625 0.978125 0.12421875 0.0359375
1 0.06875 0.88671875 0.1375 0.1640625
1 0.1265625 0.78203125 0.15546875 0.16015625
1 0.0109375 0.721875 0.021875 0.15546875
1 0.06875 0.56875 0.1375 0.15078125
1 0.1734375 0.42890625 0.18671875 0.24453125
1 0.86015625 0.3046875 0.27109375 0.21796875
1 0.121875 0.55234375 0.24375 0.2453125
1 0.22421875 0.37109375 0.27109375 0.30703125
1 0.4734375 0.27109375 0.30703125 0.41796875
1 0.684375 0.4046875 0.1421875 0.2046875
1 0.90234375 0.13359375 0.18671875 0.16875
1 0.6421875 0.2421875 0.18203125 0.1109375
1 0.66640625 0.1265625 0.115625 0.1375
1 0.5796875 0.1109375 0.1109375 0.12421875
1 0.728125 0.02421875 0.115625 0.0484375
1 0.82421875 0.04453125 0.09296875 0.0890625
1 0.9375 0.03125 0.115625 0.053125
1 0.78203125 0.1203125 0.09765625 0.12421875
1 0.5109375 0.0359375 0.09765625 0.07109375
1 0.615625 0.03125 0.1109375 0.0625
1 0.453125 0.14453125 0.178125 0.146875
1 0.3640625 0.0578125 0.053125 0.07109375
1 0.44453125 0.03125 0.0625 0.0625
1 0.4234375 0.00859375 0.084375 0.0171875
1 0.32890625 0.015625 0.0796875 0.03125
1 0.2890625 0.0421875 0.0625 0.06640625
1 0.1640625 0.1359375 0.10703125 0.09296875
1 0.2359375 0.2 0.13359375 0.0796875
1 0.33125 0.2265625 0.06640625 0.0796875
1 0.05546875 0.25078125 0.10234375 0.09296875
1 0.046875 0.35546875 0.09296875 0.12421875
1 0.046875 0.13125 0.09296875 0.09296875
1 0.08671875 0.06875 0.1109375 0.09296875
1 0.14453125 0.01796875 0.1109375 0.0359375
1 0.04921875 0.01328125 0.09765625 0.0265625
1 0.49765625 0.49765625 0.9953125 0.9953125