1 0.18203125 0.70546875 0.08671875 0.2703125
1 0.27890625 0.4203125 0.08671875 0.3125
1 0.17890625 0.4234375 0.09375 0.11015625
1 0.15 0.45390625 0.11328125 0.20859375
1 0.09375 0.50625 0.08359375 0.20234375
1 0.0921875 0.7328125 0.1 0.2640625
1 0.47890625 0.665625 0.1 0.12890625
1 0.86640625 0.4015625 0.0609375 0.20234375
1 0.92265625 0.54296875 0.0578125 0.165625
1 0.8515625 0.71796875 0.12265625 0.171875
1 0.78359375 0.53359375 0.103125 0.2453125
1 0.72890625 0.5796875 0.06484375 0.14140625
1 0.7015625 0.61953125 0.0546875 0.146875
1 0.73515625 0.4203125 0.07109375 0.153125
1 0.65625 0.46328125 0.10625 0.30078125
1 0.57734375 0.44140625 0.090625 0.39296875
1 0.53203125 0.16875 0.08359375 0.18984375
1 0.0953125 0.184375 0.1453125 0.2328125
1 0.4984375 0.496875 0.996875 0.99375