1 0.8609375 0.8453125 0.2703125 0.29921875
1 0.89765625 0.63125 0.196875 0.2421875
1 0.7953125 0.42265625 0.33984375 0.26796875
1 0.8703125 0.20625 0.16640625 0.2375
1 0.72421875 0.08515625 0.18125 0.1703125
1 0.7546875 0.2265625 0.0890625 0.175
1 0.6734375 0.2421875 0.14296875 0.19609375
1 0.60234375 0.14140625 0.13125 0.10859375
1 0.5484375 0.234375 0.1078125 0.10859375
1 0.5421875 0.134375 0.05 0.0515625
1 0.50390625 0.146875 0.065625 0.0875
1 0.4578125 0.20625 0.096875 0.16484375
1 0.44609375 0.1109375 0.0890625 0.0875
1 0.36328125 0.1265625 0.08515625 0.0671875
1 0.36328125 0.20078125 0.1 0.134375
1 0.5640625 0.36875 0.1546875 0.190625
1 0.60625 0.67265625 0.3859375 0.48984375
1 0.52734375 0.95859375 0.23515625 0.071875
1 0.27578125 0.81953125 0.3359375 0.35078125
1 0.34140625 0.53828125 0.196875 0.25234375
1 0.13359375 0.5671875 0.228125 0.31953125
1 0.065625 0.721875 0.13125 0.5359375
1 0.28984375 0.396875 0.4171875 0.278125
1 0.1890625 0.28125 0.1234375 0.11875
1 0.1625 0.22421875 0.32421875 0.38671875