1 0.79140625 0.65546875 0.15546875 0.240625
1 0.93125 0.784375 0.13046875 0.25703125
1 0.978125 0.89921875 0.0359375 0.04921875
1 0.953125 0.9453125 0.08671875 0.0984375
1 0.91640625 0.95625 0.1015625 0.0765625
1 0.78984375 0.90703125 0.159375 0.175
1 0.8296875 0.9671875 0.1015625 0.0546875
1 0.75390625 0.76484375 0.26796875 0.2625
1 0.7046875 0.64453125 0.0328125 0.109375
1 0.81015625 0.45625 0.1484375 0.19140625
1 0.81015625 0.51640625 0.03984375 0.04921875
1 0.8421875 0.53828125 0.025 0.03828125
1 0.90546875 0.478125 0.15234375 0.19140625
1 0.91484375 0.5875 0.16328125 0.24609375
1 0.671875 0.96484375 0.14140625 0.06015625
1 0.67578125 0.89921875 0.0546875 0.04921875
1 0.6703125 0.77578125 0.13046875 0.2515625
1 0.53984375 0.803125 0.159375 0.2953125
1 0.6015625 0.9265625 0.08671875 0.13671875
1 0.521875 0.959375 0.07265625 0.07109375
1 0.56171875 0.6859375 0.06484375 0.07109375
1 0.58125 0.62265625 0.09765625 0.1203125
1 0.6234375 0.49765625 0.159375 0.21875
1 0.67578125 0.59296875 0.06875 0.08203125
1 0.70859375 0.44296875 0.1046875 0.1640625
1 0.775 0.40703125 0.06484375 0.08203125
1 0.84453125 0.34140625 0.0578125 0.03828125
1 0.8859375 0.328125 0.07578125 0.0984375
1 0.93125 0.32265625 0.05078125 0.109375
1 0.975 0.3171875 0.04375 0.109375
1 0.965625 0.41015625 0.06171875 0.0984375
1 0.88203125 0.25390625 0.0546875 0.04921875
1 0.9109375 0.196875 0.090625 0.13125
1 0.97265625 0.22109375 0.046875 0.10390625
1 0.95625 0.0953125 0.0796875 0.14765625
1 0.92890625 0.03515625 0.0609375 0.0703125
1 0.97734375 0.02421875 0.0359375 0.0484375
1 0.88046875 0.13671875 0.0578125 0.0875
1 0.896875 0.10390625 0.046875 0.065625
1 0.83359375 0.040625 0.1234375 0.08125
1 0.8390625 0.01328125 0.1125 0.0265625
1 0.8171875 0.0875 0.06171875 0.065625
1 0.840625 0.10390625 0.04375 0.0765625
1 0.73671875 0.040625 0.0609375 0.08125
1 0.79140625 0.2046875 0.08359375 0.20234375
1 0.7703125 0.2296875 0.046875 0.1421875
1 0.828125 0.23203125 0.046875 0.07109375
1 0.82421875 0.31953125 0.09765625 0.10390625
1 0.57578125 0.24296875 0.1234375 0.06015625
1 0.65234375 0.2703125 0.0359375 0.04921875
1 0.6453125 0.325 0.09453125 0.07109375
1 0.70859375 0.34453125 0.0328125 0.0328125
1 0.73203125 0.325 0.0796875 0.08203125
1 0.45078125 0.434375 0.134375 0.21328125
1 0.50546875 0.5546875 0.08359375 0.14765625
1 0.4671875 0.63671875 0.07265625 0.08203125
1 0.5203125 0.628125 0.046875 0.065625
1 0.43671875 0.7046875 0.090625 0.1421875
1 0.375 0.79765625 0.1046875 0.153125
1 0.340625 0.92109375 0.13046875 0.14765625
1 0.44765625 0.8796875 0.1125 0.2296875
1 0.27734375 0.9671875 0.025 0.0546875
1 0.271875 0.8609375 0.10859375 0.15859375
1 0.215625 0.9234375 0.09765625 0.1421875
1 0.203125 0.78125 0.09453125 0.1421875
1 0.11796875 0.87421875 0.1265625 0.175
1 0.09609375 0.95390625 0.15546875 0.08203125
1 0.02734375 0.9015625 0.0546875 0.13125
1 0.0109375 0.97578125 0.021875 0.03828125
1 0.02734375 0.825 0.0546875 0.109375
1 0.10703125 0.7734375 0.1046875 0.09296875
1 0.14296875 0.6640625 0.09765625 0.12578125
1 0.25 0.6609375 0.115625 0.1859375
1 0.3171875 0.70234375 0.1265625 0.18046875
1 0.3625 0.61484375 0.13046875 0.12578125
1 0.38984375 0.52421875 0.090625 0.0984375
1 0.43671875 0.57109375 0.0546875 0.07109375
1 0.31171875 0.55703125 0.0796875 0.065625
1 0.20078125 0.5765625 0.090625 0.08203125
1 0.25546875 0.52421875 0.0546875 0.0765625
1 0.20625 0.50234375 0.06484375 0.065625
1 0.159375 0.56015625 0.02890625 0.04921875
1 0.0921875 0.6609375 0.1265625 0.196875
1 0.0546875 0.58203125 0.021875 0.01640625
1 0.0328125 0.54375 0.06484375 0.10390625
1 0.115625 0.50234375 0.13046875 0.1421875
1 0.19921875 0.43984375 0.05078125 0.07109375
1 0.2953125 0.39375 0.1484375 0.284375
1 0.3734375 0.3609375 0.04375 0.1640625
1 0.41640625 0.2921875 0.09453125 0.13671875
1 0.490625 0.28984375 0.1125 0.0984375
1 0.5453125 0.33046875 0.15546875 0.14765625
1 0.6703125 0.2375 0.021875 0.03828125
1 0.69375 0.2265625 0.0328125 0.03828125
1 0.7375 0.24296875 0.03984375 0.06015625
1 0.63984375 0.215625 0.025 0.03828125
1 0.6578125 0.13671875 0.11953125 0.153125
1 0.6015625 0.171875 0.021875 0.03828125
1 0.6140625 0.19140625 0.0328125 0.0328125
1 0.58515625 0.18828125 0.01796875 0.06015625
1 0.56875 0.19140625 0.021875 0.0546875
1 0.56484375 0.13125 0.05078125 0.065625
1 0.5234375 0.11484375 0.06171875 0.0875
1 0.49609375 0.1859375 0.06484375 0.0765625
1 0.5359375 0.18828125 0.0359375 0.04921875
1 0.63984375 0.04921875 0.1484375 0.04375
1 0.72265625 0.1203125 0.0328125 0.065625
1 0.73203125 0.18828125 0.0359375 0.06015625
1 0.56875 0.02734375 0.06484375 0.0546875
1 0.60859375 0.021875 0.1234375 0.04375
1 0.68671875 0.01328125 0.0328125 0.0265625
1 0.49921875 0.040625 0.0734375 0.08125
1 0.44765625 0.10390625 0.08359375 0.13125
1 0.4484375 0.02421875 0.071875 0.0484375
1 0.39921875 0.02421875 0.0390625 0.0484375
1 0.3546875 0.13359375 0.1234375 0.22421875
1 0.2375 0.26796875 0.17734375 0.13125
1 0.19765625 0.25703125 0.06171875 0.0546875
1 0.2265625 0.20234375 0.06171875 0.0875
1 0.1578125 0.10078125 0.090625 0.13671875
1 0.11796875 0.0734375 0.03984375 0.08203125
1 0.06171875 0.0765625 0.08671875 0.109375
1 0.1609375 0.32265625 0.321875 0.2734375
1 0.021875 0.13359375 0.04375 0.08203125
1 0.11015625 0.021875 0.1125 0.04375
1 0.25859375 0.0515625 0.1921875 0.103125
1 0.25546875 0.14453125 0.09765625 0.14765625
1 0.4984375 0.49765625 0.99609375 0.99453125