1 0.4984375 0.7265625 0.19453125 0.25546875
1 0.49609375 0.87265625 0.16015625 0.046875
1 0.3359375 0.79453125 0.1453125 0.203125
1 0.30546875 0.63515625 0.17578125 0.20859375
1 0.49609375 0.49765625 0.22109375 0.24453125
1 0.5328125 0.36171875 0.14921875 0.140625
1 0.39140625 0.375 0.13359375 0.14609375
1 0.26171875 0.44296875 0.13359375 0.15625
1 0.35859375 0.47890625 0.08359375 0.10390625
1 0.1375 0.41171875 0.09140625 0.125
1 0.14921875 0.28359375 0.16796875 0.109375
1 0.259375 0.35390625 0.121875 0.11484375
1 0.2234375 0.2578125 0.14140625 0.08828125
1 0.3890625 0.23671875 0.190625 0.13046875
1 0.50546875 0.11953125 0.13359375 0.15625
1 0.3625 0.10703125 0.121875 0.16171875
1 0.2828125 0.11953125 0.08359375 0.13515625
1 0.23828125 0.06484375 0.0953125 0.08828125
1 0.309375 0.02890625 0.09140625 0.05703125
1 0.1203125 0.15859375 0.103125 0.109375
1 0.15078125 0.7421875 0.225 0.296875