1 0.48828125 0.33984375 0.3515625 0.49453125
1 0.34140625 0.31171875 0.28203125 0.54140625
1 0.79375 0.2625 0.18125 0.1859375
1 0.8515625 0.39140625 0.16640625 0.16484375
1 0.96171875 0.4328125 0.06953125 0.1859375
1 0.84140625 0.5640625 0.30859375 0.33515625
1 0.7859375 0.71171875 0.12734375 0.2375
1 0.73515625 0.54609375 0.16640625 0.1234375
1 0.6796875 0.76796875 0.1546875 0.14453125
1 0.5984375 0.64921875 0.1234375 0.175
1 0.6796875 0.63671875 0.03828125 0.10859375
1 0.66953125 0.22421875 0.1734375 0.2734375
1 0.94765625 0.3140625 0.096875 0.103125
1 0.52890625 0.17265625 0.2390625 0.16015625
1 0.54609375 0.059375 0.08125 0.09765625
1 0.25859375 0.528125 0.13125 0.18046875
1 0.29765625 0.70390625 0.1390625 0.16015625
1 0.4359375 0.721875 0.1625 0.278125
1 0.55390625 0.76796875 0.12734375 0.1859375
1 0.14453125 0.59296875 0.0578125 0.175
1 0.1890625 0.58984375 0.1 0.14921875
1 0.18359375 0.48203125 0.05 0.09765625
1 0.096875 0.5125 0.1234375 0.23203125
1 0.1796875 0.33984375 0.065625 0.1234375
1 0.21640625 0.4203125 0.03828125 0.0671875
1 0.11953125 0.365625 0.08515625 0.09296875
1 0.115625 0.28125 0.05390625 0.07734375
1 0.16796875 0.24453125 0.065625 0.04609375
1 0.03828125 0.36484375 0.0765625 0.0828125
1 0.03125 0.45859375 0.04609375 0.103125