1 0.8890625 0.65859375 0.1828125 0.2984375
1 0.96015625 0.50625 0.0734375 0.2296875
1 0.97421875 0.81953125 0.03828125 0.08671875
1 0.9890625 0.7171875 0.01640625 0.11796875
1 0.98046875 0.91953125 0.03203125 0.13671875
1 0.8609375 0.84140625 0.0484375 0.15546875
1 0.91640625 0.85078125 0.0578125 0.11171875
1 0.9390625 0.9375 0.0515625 0.11171875
1 0.8859375 0.94375 0.0484375 0.09921875
1 0.84921875 0.978125 0.03828125 0.03125
1 0.8140625 0.82890625 0.04453125 0.09296875
1 0.7984375 0.91015625 0.134375 0.11796875
1 0.8109375 0.95625 0.0515625 0.07421875
1 0.73359375 0.92265625 0.10234375 0.14296875
1 0.690625 0.9625 0.04140625 0.0625
1 0.75625 0.7953125 0.115625 0.14921875
1 0.8203125 0.7359375 0.0578125 0.09296875
1 0.73359375 0.65859375 0.0703125 0.2234375
1 0.77265625 0.63984375 0.0578125 0.17421875
1 0.72109375 0.559375 0.03203125 0.08671875
1 0.6828125 0.496875 0.03828125 0.11171875
1 0.634375 0.63359375 0.14765625 0.33515625
1 0.58515625 0.84765625 0.15078125 0.2921875
1 0.83203125 0.40703125 0.15703125 0.2046875
1 0.96015625 0.34140625 0.0734375 0.16171875
1 0.96328125 0.17109375 0.0671875 0.15546875
1 0.98046875 0.021875 0.03203125 0.04375
1 0.90390625 0.05625 0.121875 0.11171875
1 0.8765625 0.2109375 0.1125 0.2109375
1 0.7609375 0.2578125 0.125 0.2171875
1 0.690625 0.37578125 0.1375 0.2671875
1 0.790625 0.07734375 0.115625 0.1546875
1 0.70546875 0.015625 0.03828125 0.03125
1 0.7015625 0.05 0.0515625 0.08671875
1 0.66328125 0.07109375 0.0515625 0.08046875
1 0.69375 0.12421875 0.04140625 0.0625
1 0.73203125 0.12109375 0.02890625 0.08046875
1 0.64765625 0.14921875 0.03828125 0.0625
1 0.6125 0.11796875 0.04453125 0.09921875
1 0.6125 0.1984375 0.0515625 0.09921875
1 0.6375 0.2234375 0.03828125 0.08671875
1 0.58984375 0.2578125 0.03828125 0.11796875
1 0.55625 0.1953125 0.04140625 0.08046875
1 0.55625 0.11484375 0.04140625 0.10546875
1 0.58671875 0.06796875 0.03828125 0.11171875
1 0.5484375 0.028125 0.0515625 0.05625
1 0.51640625 0.08046875 0.03828125 0.08671875
1 0.5015625 0.14921875 0.0484375 0.07421875
1 0.47578125 0.07734375 0.0546875 0.09296875
1 0.5015625 0.021875 0.0609375 0.04375
1 0.45390625 0.04375 0.04140625 0.07421875
1 0.41953125 0.10859375 0.03203125 0.08046875
1 0.4515625 0.13359375 0.03828125 0.06796875
1 0.40703125 0.034375 0.0640625 0.06796875
1 0.371875 0.0125 0.03203125 0.025
1 0.47578125 0.42890625 0.2015625 0.534375
1 0.39296875 0.8109375 0.16953125 0.31640625
1 0.4359375 0.83515625 0.0703125 0.31640625
1 0.3671875 0.92890625 0.04140625 0.13046875
1 0.22890625 0.68359375 0.28515625 0.521875
1 0.2640625 0.7515625 0.28515625 0.484375
1 0.22109375 0.2734375 0.0515625 0.09921875
1 0.27890625 0.3078125 0.0578125 0.09296875
1 0.22890625 0.33828125 0.0546875 0.10546875
1 0.259375 0.38515625 0.0515625 0.08671875
1 0.1796875 0.446875 0.0578125 0.11171875
1 0.24375 0.41953125 0.0703125 0.09296875
1 0.14765625 0.528125 0.04453125 0.07421875
1 0.08828125 0.05625 0.1765625 0.11171875
1 0.09765625 0.1890625 0.09921875 0.2046875
1 0.0515625 0.38828125 0.10234375 0.2171875
1 0.02578125 0.2390625 0.0515625 0.1921875
1 0.1265625 0.42890625 0.0484375 0.08671875
1 0.10390625 0.484375 0.0484375 0.08671875
1 0.08828125 0.55 0.0484375 0.09296875
1 0.1140625 0.59609375 0.0484375 0.07421875
1 0.0765625 0.66171875 0.04453125 0.08046875
1 0.03828125 0.61796875 0.0515625 0.08046875
1 0.01796875 0.68359375 0.02890625 0.07421875
1 0.04453125 0.7078125 0.0515625 0.08671875
1 0.03203125 0.7828125 0.0578125 0.09921875
1 0.071875 0.82890625 0.03515625 0.10546875
1 0.08359375 0.7328125 0.03828125 0.0625
1 0.0515625 0.90078125 0.0515625 0.09921875
1 0.10546875 0.92265625 0.04453125 0.08046875
1 0.0140625 0.871875 0.028125 0.09375
1 0.28046875 0.2546875 0.27890625 0.509375