1 0.12734375 0.9046875 0.2546875 0.18046875
1 0.18515625 0.9484375 0.19609375 0.09296875
1 0.4015625 0.4671875 0.29453125 0.19140625
1 0.478125 0.653125 0.1125 0.24609375
1 0.36328125 0.653125 0.15234375 0.16953125
1 0.3984375 0.76796875 0.17109375 0.11484375
1 0.2796875 0.69140625 0.09453125 0.11484375
1 0.2234375 0.6171875 0.12734375 0.0765625
1 0.21796875 0.54921875 0.1453125 0.07109375
1 0.67421875 0.78671875 0.37421875 0.1203125
1 0.7765625 0.47578125 0.3234375 0.66640625
1 0.9671875 0.61171875 0.0578125 0.30625
1 0.878125 0.4484375 0.21484375 0.21875
1 0.9 0.56796875 0.1125 0.21875
1 0.69609375 0.5296875 0.17109375 0.4265625
1 0.61640625 0.58984375 0.1421875 0.30625
1 0.5546875 0.57890625 0.0984375 0.35
1 0.52890625 0.15859375 0.17109375 0.13125
1 0.63828125 0.1421875 0.3015625 0.196875
1 0.8421875 0.12578125 0.309375 0.240625
1 0.765625 0.10625 0.06171875 0.04921875
1 0.89453125 0.21015625 0.20390625 0.19140625
1 0.8546875 0.24609375 0.1453125 0.0984375
1 0.94921875 0.33046875 0.09453125 0.20234375
1 0.66171875 0.0546875 0.0796875 0.0984375
1 0.5578125 0.02734375 0.1203125 0.0546875
1 0.465625 0.0328125 0.07265625 0.065625
1 0.43828125 0.109375 0.090625 0.13125
1 0.3796875 0.0984375 0.0328125 0.0765625
1 0.35234375 0.128125 0.0796875 0.10390625
1 0.28203125 0.16640625 0.0765625 0.07109375
1 0.21796875 0.25390625 0.0875 0.18046875
1 0.34921875 0.2484375 0.19609375 0.13671875
1 0.4109375 0.1828125 0.05078125 0.06015625
1 0.35234375 0.2734375 0.41484375 0.175
1 0.5546875 0.22109375 0.1203125 0.08203125
1 0.38359375 0.346875 0.62890625 0.24609375
1 0.265625 0.4125 0.11640625 0.03828125
1 0.390625 0.36875 0.60703125 0.28984375
1 0.53125 0.41796875 0.93125 0.8359375