1 0.84921875 0.38203125 0.178125 0.27578125
1 0.95078125 0.43125 0.0890625 0.115625
1 0.90859375 0.31796875 0.1734375 0.15546875
1 0.8953125 0.2421875 0.2 0.15546875
1 0.90859375 0.115625 0.1734375 0.178125
1 0.89140625 0.09765625 0.20859375 0.1421875
1 0.7734375 0.1359375 0.09765625 0.1109375
1 0.76015625 0.36640625 0.13359375 0.2625
1 0.6640625 0.33359375 0.20859375 0.16875
1 0.61796875 0.5359375 0.16015625 0.33359375
1 0.66875 0.653125 0.146875 0.32890625
1 0.7640625 0.65546875 0.16875 0.378125
1 0.89296875 0.65546875 0.2046875 0.33359375
1 0.66640625 0.821875 0.178125 0.346875
1 0.553125 0.6640625 0.1375 0.2890625
1 0.51328125 0.49765625 0.1734375 0.4359375
1 0.421875 0.41796875 0.12421875 0.3109375
1 0.29296875 0.45546875 0.178125 0.18203125
1 0.353125 0.7359375 0.24453125 0.5203125
1 0.30234375 0.80859375 0.16015625 0.3734375
1 0.41796875 0.77109375 0.12421875 0.2796875
1 0.1265625 0.7625 0.21796875 0.19140625
1 0.04453125 0.73984375 0.0890625 0.15546875
1 0.0625 0.61328125 0.12421875 0.12421875
1 0.0421875 0.50703125 0.084375 0.09765625
1 0.92890625 0.83359375 0.13359375 0.27109375
1 0.8 0.90859375 0.3203125 0.1734375
1 0.9578125 0.9734375 0.07578125 0.04453125
1 0.4953125 0.91796875 0.24453125 0.15546875
1 0.2421875 0.9109375 0.27109375 0.16875
1 0.05546875 0.9265625 0.1109375 0.1375
1 0.03984375 0.046875 0.0796875 0.09296875
1 0.02421875 0.10625 0.0484375 0.053125
1 0.40859375 0.278125 0.8171875 0.421875
1 0.44921875 0.03984375 0.7375 0.0796875
1 0.49765625 0.49765625 0.9953125 0.9953125