1 0.17109375 0.1609375 0.23984375 0.1296875
1 0.4890625 0.41328125 0.20703125 0.16484375
1 0.9 0.34140625 0.16875 0.1296875
1 0.50546875 0.5640625 0.16875 0.10390625
1 0.2703125 0.484375 0.14453125 0.09765625
1 0.35546875 0.721875 0.10859375 0.08671875
1 0.19921875 0.6828125 0.165625 0.07578125
1 0.309375 0.8265625 0.10859375 0.07578125
1 0.82265625 0.834375 0.1015625 0.07578125
1 0.83359375 0.684375 0.04609375 0.08203125
1 0.88125 0.5640625 0.0984375 0.1078125
1 0.534375 0.71875 0.1171875 0.06484375
1 0.51484375 0.81171875 0.084375 0.0625
1 0.13125 0.85078125 0.09609375 0.078125
1 0.56171875 0.23046875 0.1015625 0.07578125
1 0.6890625 0.1515625 0.1828125 0.05859375
1 0.38125 0.11484375 0.16015625 0.0953125