1 0.86875 0.0796875 0.26015625 0.1140625
1 0.8578125 0.13671875 0.28203125 0.12421875
1 0.85625 0.1796875 0.28515625 0.1078125
1 0.76875 0.55078125 0.45234375 0.1359375
1 0.78984375 0.48515625 0.41875 0.12734375
1 0.80546875 0.42578125 0.38828125 0.12421875
1 0.821875 0.365625 0.35390625 0.121875
1 0.83671875 0.30625 0.32421875 0.12421875
1 0.33671875 0.4859375 0.45546875 0.134375
1 0.375 0.4203125 0.45703125 0.12578125
1 0.4140625 0.36171875 0.44921875 0.12421875
1 0.44609375 0.30078125 0.45625 0.12421875
1 0.47265625 0.240625 0.44921875 0.12578125
1 0.19453125 0.19453125 0.153125 0.07734375
1 0.1640625 0.2578125 0.153125 0.07734375
1 0.13671875 0.315625 0.153125 0.07734375
1 0.10078125 0.3921875 0.16953125 0.1125
1 0.22890625 0.78203125 0.4578125 0.1484375
1 0.63359375 0.88125 0.39921875 0.10625
1 0.6765625 0.83359375 0.3734375 0.125
1 0.7625 0.77109375 0.2515625 0.0953125
1 0.26015625 0.7109375 0.3609375 0.1203125
1 0.2921875 0.0078125 0.1421875 0.015625