1 0.2484375 0.05234375 0.26328125 0.0734375
1 0.27109375 0.021875 0.28203125 0.04375
1 0.73515625 0.665625 0.08359375 0.03828125
1 0.75546875 0.6359375 0.08671875 0.040625
1 0.77265625 0.60234375 0.08984375 0.04140625
1 0.7828125 0.56875 0.1015625 0.04296875
1 0.79609375 0.5296875 0.121875 0.0578125
1 0.81484375 0.4859375 0.12890625 0.046875
1 0.63203125 0.08828125 0.265625 0.08203125
1 0.6375 0.03671875 0.3953125 0.0734375
1 0.959375 0.12265625 0.0796875 0.06796875
1 0.9296875 0.06484375 0.13828125 0.07578125
1 0.57734375 0.65859375 0.246875 0.05625
1 0.5921875 0.6296875 0.24765625 0.059375
1 0.60390625 0.58828125 0.26640625 0.07578125
1 0.596875 0.5390625 0.246875 0.05703125
1 0.6109375 0.50234375 0.25078125 0.0703125
1 0.33828125 0.6515625 0.25546875 0.06015625
1 0.340625 0.60859375 0.2609375 0.0796875
1 0.3546875 0.55390625 0.25078125 0.06875
1 0.3609375 0.50390625 0.22734375 0.05
1 0.3609375 0.47265625 0.228125 0.05234375
1 0.1078125 0.63515625 0.21484375 0.08671875
1 0.1171875 0.571875 0.23359375 0.07265625
1 0.11953125 0.5265625 0.2390625 0.05625
1 0.12265625 0.496875 0.2453125 0.05625
1 0.128125 0.4625 0.25078125 0.0578125
1 0.52109375 0.7734375 0.2515625 0.06171875
1 0.5125 0.74140625 0.2328125 0.05859375