1 0.90859375 0.09609375 0.18125 0.07265625
1 0.903125 0.05078125 0.19140625 0.065625
1 0.90625 0.03125 0.1859375 0.028125
1 0.15546875 0.6296875 0.08515625 0.03828125
1 0.15078125 0.596875 0.08828125 0.040625
1 0.15 0.5609375 0.09140625 0.04140625
1 0.15625 0.52578125 0.103125 0.0421875
1 0.1640625 0.484375 0.1234375 0.0578125
1 0.16796875 0.4375 0.13203125 0.046875
1 0.55234375 0.0703125 0.27265625 0.08046875
1 0.57421875 0.0265625 0.40625 0.05234375
1 0.17109375 0.04296875 0.15859375 0.06328125
1 0.2203125 0.0125 0.234375 0.025
1 0.31640625 0.6484375 0.25546875 0.05390625
1 0.3171875 0.6171875 0.25546875 0.05703125
1 0.32578125 0.57421875 0.2734375 0.0734375
1 0.3578125 0.52578125 0.25546875 0.0546875
1 0.3625 0.48671875 0.25859375 0.06875
1 0.55859375 0.6796875 0.26484375 0.0578125
1 0.578125 0.6359375 0.26796875 0.078125
1 0.5921875 0.5796875 0.25859375 0.0671875
1 0.61171875 0.52890625 0.23515625 0.04765625
1 0.6265625 0.49765625 0.23515625 0.05078125
1 0.82578125 0.7046875 0.2765625 0.08515625
1 0.83359375 0.63828125 0.265625 0.0703125
1 0.8453125 0.590625 0.2546875 0.053125
1 0.853125 0.5609375 0.2546875 0.05390625
1 0.865625 0.525 0.26015625 0.0546875
1 0.3140625 0.771875 0.259375 0.059375
1 0.3390625 0.740625 0.240625 0.05625