1 0.91171875 0.8859375 0.175 0.07578125
1 0.90703125 0.93125 0.184375 0.06875
1 0.9109375 0.95703125 0.1765625 0.04375
1 0.13828125 0.353125 0.08671875 0.0390625
1 0.134375 0.38671875 0.08984375 0.0421875
1 0.134375 0.4234375 0.09375 0.0421875
1 0.14296875 0.45859375 0.10546875 0.04375
1 0.1515625 0.5 0.1265625 0.06015625
1 0.15625 0.54765625 0.134375 0.0484375
1 0.55703125 0.91484375 0.2765625 0.08359375
1 0.58203125 0.965625 0.41484375 0.06796875
1 0.17734375 0.94609375 0.1515625 0.06484375
1 0.23046875 0.98203125 0.23125 0.03515625
1 0.3 0.3328125 0.25859375 0.05703125
1 0.3015625 0.36484375 0.259375 0.06015625
1 0.3125 0.4078125 0.278125 0.07734375
1 0.34609375 0.45625 0.259375 0.05703125
1 0.35234375 0.49609375 0.26171875 0.071875
1 0.54453125 0.29921875 0.26796875 0.0609375
1 0.565625 0.34296875 0.2734375 0.08125
1 0.58125 0.4 0.26171875 0.0703125
1 0.603125 0.4515625 0.23828125 0.05078125
1 0.61875 0.48203125 0.2390625 0.053125
1 0.8125 0.27109375 0.2796875 0.08828125
1 0.8234375 0.33828125 0.2703125 0.0734375
1 0.83671875 0.3859375 0.25703125 0.05625
1 0.84609375 0.41640625 0.25859375 0.05703125
1 0.859375 0.45234375 0.26328125 0.0578125
1 0.29453125 0.2078125 0.26328125 0.0625
1 0.32109375 0.2390625 0.24453125 0.059375