1 0.6078125 0.43046875 0.33125 0.103125
1 0.60625 0.35703125 0.32890625 0.07421875
1 0.56484375 0.540625 0.23828125 0.06171875
1 0.27734375 0.34609375 0.33046875 0.0734375
1 0.26953125 0.4203125 0.3375 0.10703125
1 0.2875 0.4984375 0.31328125 0.0734375
1 0.88671875 0.36484375 0.22578125 0.075
1 0.88359375 0.4359375 0.23125 0.1015625
1 0.84921875 0.52734375 0.26015625 0.08828125
1 0.596875 0.6671875 0.3453125 0.084375
1 0.60703125 0.7453125 0.3609375 0.084375
1 0.5734375 0.85234375 0.3 0.08203125
1 0.86015625 0.8125 0.24140625 0.08125
1 0.88125 0.74453125 0.2078125 0.0796875
1 0.8859375 0.67734375 0.2078125 0.0796875
1 0.24921875 0.87265625 0.3421875 0.09375
1 0.25703125 0.8046875 0.33984375 0.071875
1 0.23203125 0.734375 0.3796875 0.09921875
1 0.23671875 0.65546875 0.37265625 0.0921875