1 0.4203125 0.59453125 0.334375 0.1453125
1 0.45078125 0.66171875 0.325 0.11875
1 0.415625 0.48359375 0.2375 0.09296875
1 0.7578125 0.5984375 0.32578125 0.11875
1 0.73515625 0.528125 0.34140625 0.15
1 0.6875 0.46015625 0.309375 0.11484375
1 0.18125 0.7203125 0.2453125 0.10546875
1 0.15703125 0.653125 0.25390625 0.13046875
1 0.159375 0.559375 0.26484375 0.121875
1 0.33515625 0.37421875 0.3421875 0.1296875
1 0.29453125 0.3046875 0.35625 0.1328125
1 0.2828125 0.1984375 0.29921875 0.121875
1 0.07890625 0.3 0.1578125 0.11328125
1 0.075 0.36796875 0.15 0.10625
1 0.0859375 0.4296875 0.171875 0.10625
1 0.57421875 0.10703125 0.3421875 0.13828125
1 0.59296875 0.17109375 0.334375 0.11796875
1 0.64453125 0.23046875 0.378125 0.14921875
1 0.671875 0.3046875 0.3703125 0.1421875