1 0.21640625 0.2453125 0.2328125 0.078125
1 0.8046875 0.25703125 0.31171875 0.05390625
1 0.83359375 0.30703125 0.33125 0.06875
1 0.48984375 0.3234375 0.31171875 0.05703125
1 0.46640625 0.26328125 0.29921875 0.06640625
1 0.728125 0.43359375 0.11796875 0.06796875
1 0.71875 0.5015625 0.1359375 0.065625
1 0.7109375 0.56796875 0.1375 0.06640625
1 0.69765625 0.63515625 0.14453125 0.06015625
1 0.4546875 0.6328125 0.34375 0.0734375
1 0.4546875 0.56875 0.3390625 0.0703125
1 0.45390625 0.49921875 0.3390625 0.0703125
1 0.4546875 0.4265625 0.34375 0.07109375
1 0.1375 0.6203125 0.27421875 0.0765625
1 0.18125 0.44375 0.21015625 0.0625
1 0.17890625 0.50078125 0.2171875 0.0578125
1 0.1828125 0.5515625 0.2171875 0.0578125
1 0.35 0.7453125 0.1375 0.071875
1 0.35703125 0.8125 0.1375 0.071875
1 0.365625 0.87578125 0.1375 0.071875
1 0.6 0.89765625 0.29140625 0.0703125
1 0.59921875 0.834375 0.29609375 0.065625
1 0.5921875 0.76640625 0.29609375 0.08359375
1 0.871875 0.77734375 0.25390625 0.08984375
1 0.875 0.8453125 0.2484375 0.06015625
1 0.88671875 0.9375 0.22578125 0.11640625
1 0.8453125 0.58515625 0.15390625 0.04296875
1 0.8453125 0.53828125 0.1484375 0.04765625