1 0.79296875 0.73671875 0.22578125 0.08515625
1 0.2390625 0.75390625 0.29765625 0.065625
1 0.19453125 0.709375 0.34375 0.08125
1 0.52890625 0.6765625 0.29765625 0.06875
1 0.55703125 0.73203125 0.28671875 0.0765625
1 0.2953125 0.58515625 0.1171875 0.06953125
1 0.29921875 0.5203125 0.13359375 0.06796875
1 0.30078125 0.4578125 0.13515625 0.06875
1 0.30703125 0.39453125 0.140625 0.06328125
1 0.5359375 0.384375 0.3296875 0.0859375
1 0.540625 0.44453125 0.325 0.08203125
1 0.54765625 0.509375 0.325 0.08203125
1 0.55390625 0.57734375 0.32890625 0.08359375
1 0.8453125 0.3796875 0.28515625 0.0859375
1 0.80859375 0.5484375 0.203125 0.06875
1 0.80625 0.49453125 0.209375 0.06484375
1 0.79765625 0.446875 0.209375 0.06484375
1 0.62421875 0.2734375 0.1359375 0.07421875
1 0.61171875 0.2109375 0.1359375 0.07421875
1 0.59765625 0.1515625 0.1359375 0.07421875
1 0.37578125 0.14296875 0.2796875 0.08046875
1 0.38203125 0.2015625 0.284375 0.07578125
1 0.39453125 0.265625 0.2859375 0.09296875
1 0.12734375 0.26953125 0.25390625 0.0984375
1 0.12109375 0.20625 0.2421875 0.07109375
1 0.10703125 0.1203125 0.2140625 0.12265625
1 0.17265625 0.4484375 0.1484375 0.04765625
1 0.1765625 0.4921875 0.14375 0.0515625