1 0.79921875 0.75 0.22578125 0.08046875
1 0.2359375 0.753125 0.30078125 0.05859375
1 0.19296875 0.70625 0.346875 0.07421875
1 0.53359375 0.68203125 0.30078125 0.06171875
1 0.559375 0.73828125 0.2890625 0.07109375
1 0.3015625 0.58203125 0.115625 0.06796875
1 0.3078125 0.5171875 0.1328125 0.06640625
1 0.3125 0.453125 0.134375 0.0671875
1 0.321875 0.3890625 0.14140625 0.0609375
1 0.5546875 0.38515625 0.33203125 0.07890625
1 0.55703125 0.446875 0.32734375 0.07578125
1 0.5609375 0.5125 0.32734375 0.07578125
1 0.56328125 0.58203125 0.33125 0.0765625
1 0.8609375 0.3890625 0.27109375 0.08125
1 0.82421875 0.55859375 0.20390625 0.06484375
1 0.8234375 0.50390625 0.21015625 0.0609375
1 0.81796875 0.45625 0.21015625 0.0609375
1 0.64921875 0.275 0.13515625 0.07265625
1 0.63984375 0.2109375 0.13515625 0.07265625
1 0.628125 0.15078125 0.13515625 0.07265625
1 0.40390625 0.13515625 0.28125 0.07421875
1 0.40703125 0.19609375 0.2859375 0.0703125
1 0.4171875 0.2609375 0.28671875 0.0875
1 0.13671875 0.2578125 0.27265625 0.09296875
1 0.13203125 0.19296875 0.26328125 0.06484375
1 0.11953125 0.10546875 0.23828125 0.11875
1 0.1828125 0.440625 0.14921875 0.04453125
1 0.184375 0.4859375 0.14375 0.04921875