1 0.4625 0.61796875 0.92421875 0.4890625
1 0.56640625 0.32421875 0.83984375 0.39140625
1 0.83125 0.578125 0.15078125 0.1421875
1 0.7953125 0.71328125 0.16875 0.15546875
1 0.6359375 0.67578125 0.16015625 0.15078125
1 0.6796875 0.5421875 0.15078125 0.13359375
1 0.546875 0.5203125 0.15078125 0.12421875
1 0.48671875 0.6359375 0.146875 0.1421875
1 0.35078125 0.60234375 0.1421875 0.1375
1 0.40703125 0.49140625 0.146875 0.12890625
1 0.27578125 0.4578125 0.13359375 0.10703125
1 0.2203125 0.57109375 0.12890625 0.12890625
1 0.16015625 0.43984375 0.13359375 0.12421875
1 0.09140625 0.53359375 0.1375 0.115625