1 0.38125 0.190625 0.28359375 0.28046875
1 0.64921875 0.19609375 0.396875 0.28828125
1 0.365625 0.44609375 0.29375 0.234375
1 0.19296875 0.4921875 0.1703125 0.2578125
1 0.70625 0.5484375 0.26796875 0.215625
1 0.384375 0.6921875 0.1859375 0.1765625
1 0.5078125 0.7265625 0.26796875 0.18828125
1 0.365625 0.84609375 0.19609375 0.1734375
1 0.559375 0.9015625 0.11328125 0.10390625
1 0.7265625 0.93828125 0.175 0.1078125
1 0.95859375 0.78828125 0.07734375 0.0765625
1 0.62890625 0.82109375 0.16015625 0.08046875