1 0.328125 0.2421875 0.2484375 0.16015625
1 0.62421875 0.2640625 0.21875 0.1796875
1 0.853125 0.38984375 0.20859375 0.184375
1 0.7609375 0.5421875 0.21875 0.21171875
1 0.4875 0.41796875 0.2484375 0.22421875
1 0.184375 0.39765625 0.22421875 0.1640625
1 0.134375 0.28828125 0.20390625 0.11171875
1 0.390625 0.11171875 0.1640625 0.07578125
1 0.72109375 0.10625 0.1890625 0.12421875
1 0.8484375 0.70625 0.1890625 0.171875
1 0.52734375 0.68203125 0.3484375 0.27578125
1 0.33046875 0.57578125 0.22890625 0.1796875
1 0.084375 0.5953125 0.16875 0.146875
1 0.1890625 0.76796875 0.2390625 0.16015625
1 0.3828125 0.90390625 0.19375 0.15625
1 0.74140625 0.88203125 0.17890625 0.12421875
1 0.9578125 0.54609375 0.084375 0.10390625
1 0.16640625 0.95625 0.25859375 0.084375