1 0.62734375 0.7890625 0.13046875 0.053125
1 0.60703125 0.83359375 0.13984375 0.0578125
1 0.596875 0.88046875 0.1703125 0.0796875
1 0.3953125 0.91953125 0.18515625 0.078125
1 0.24296875 0.92421875 0.16015625 0.08359375
1 0.21484375 0.8671875 0.1484375 0.06953125
1 0.41328125 0.865625 0.11328125 0.053125
1 0.40390625 0.82734375 0.09140625 0.04609375
1 0.21640625 0.97421875 0.0546875 0.04140625
1 0.88046875 0.746875 0.090625 0.04296875
1 0.97265625 0.75390625 0.053125 0.04296875
1 0.97421875 0.72578125 0.05 0.0296875
1 0.62890625 0.6703125 0.19375 0.06484375
1 0.615625 0.6359375 0.18984375 0.059375
1 0.60390625 0.60625 0.1875 0.06015625
1 0.74609375 0.603125 0.1265625 0.0546875
1 0.7296875 0.57421875 0.125 0.05234375
1 0.2421875 0.58984375 0.2625 0.09296875