1 0.59921875 0.8125 0.32890625 0.09453125
1 0.6125 0.7625 0.31328125 0.08359375
1 0.64609375 0.7125 0.3390625 0.09609375
1 0.6765625 0.6578125 0.2359375 0.0765625
1 0.2734375 0.765625 0.328125 0.090625
1 0.28828125 0.71171875 0.34453125 0.0953125
1 0.2640625 0.1 0.26328125 0.0984375
1 0.25546875 0.1609375 0.22890625 0.0734375
1 0.4578125 0.4109375 0.28828125 0.07734375
1 0.471875 0.3796875 0.27890625 0.06875
1 0.48671875 0.34609375 0.27109375 0.0671875
1 0.75078125 0.37734375 0.278125 0.07109375
1 0.7375 0.41484375 0.278125 0.07109375
1 0.72734375 0.453125 0.2796875 0.07421875
1 0.7078125 0.49453125 0.284375 0.0765625
1 0.709375 0.53203125 0.30390625 0.06953125
1 0.19453125 0.35703125 0.29140625 0.090625