1 0.68046875 0.8046875 0.353125 0.08984375
1 0.68828125 0.75 0.33828125 0.078125
1 0.7171875 0.69375 0.3640625 0.09140625
1 0.74296875 0.634375 0.25234375 0.07421875
1 0.321875 0.76796875 0.35234375 0.0859375
1 0.33125 0.709375 0.3703125 0.09140625
1 0.23203125 0.0484375 0.2609375 0.09609375
1 0.22109375 0.1140625 0.24453125 0.071875
1 0.4734375 0.37578125 0.31015625 0.0734375
1 0.484375 0.34140625 0.3015625 0.06328125
1 0.49609375 0.30546875 0.29296875 0.0625
1 0.78515625 0.328125 0.29921875 0.065625
1 0.77734375 0.36875 0.29921875 0.065625
1 0.77109375 0.4109375 0.3015625 0.06953125
1 0.75546875 0.45625 0.30703125 0.071875
1 0.7625 0.496875 0.32890625 0.0640625
1 0.18515625 0.32890625 0.30390625 0.0875