1 0.8015625 0.7234375 0.2015625 0.075
1 0.77890625 0.68515625 0.196875 0.06484375
1 0.615625 0.70234375 0.1609375 0.05625
1 0.4 0.74921875 0.11328125 0.04375
1 0.50703125 0.74140625 0.11640625 0.046875
1 0.48828125 0.71328125 0.12265625 0.046875
1 0.38671875 0.72265625 0.109375 0.040625
1 0.47890625 0.634375 0.14375 0.046875
1 0.45390625 0.60859375 0.12734375 0.046875
1 0.36640625 0.6546875 0.115625 0.0421875
1 0.35546875 0.62890625 0.11328125 0.0390625
1 0.45 0.66796875 0.13828125 0.0453125
1 0.596875 0.6140625 0.1453125 0.05078125
1 0.5734375 0.584375 0.15703125 0.05625
1 0.73515625 0.58828125 0.18828125 0.0609375
1 0.71640625 0.553125 0.1875 0.06328125
1 0.76875 0.6234375 0.1515625 0.05
1 0.88203125 0.60625 0.103125 0.0421875
1 0.55859375 0.528125 0.17265625 0.06328125
1 0.44765625 0.5546875 0.1125 0.05078125
1 0.34453125 0.58125 0.1265625 0.04765625
1 0.3234375 0.55546875 0.11875 0.046875
1 0.42109375 0.53125 0.11875 0.046875
1 0.665625 0.35625 0.1125 0.053125
1 0.60546875 0.38515625 0.1125 0.053125
1 0.75390625 0.35234375 0.1125 0.053125
1 0.55390625 0.4171875 0.12109375 0.0734375
1 0.43125 0.36171875 0.125 0.0828125
1 0.5328125 0.30390625 0.12578125 0.0734375
1 0.49453125 0.3265625 0.12578125 0.0734375
1 0.61953125 0.2578125 0.13515625 0.07578125
1 0.3234375 0.40625 0.11171875 0.07265625
1 0.303125 0.20078125 0.12421875 0.07421875
1 0.3625 0.15234375 0.13046875 0.0890625
1 0.46953125 0.0765625 0.13046875 0.0890625
1 0.16875 0.28828125 0.065625 0.06640625
1 0.20078125 0.28046875 0.065625 0.06640625
1 0.52265625 0.50078125 0.14375 0.05703125
1 0.68515625 0.49296875 0.203125 0.06953125
1 0.6609375 0.459375 0.20078125 0.065625