1 0.3234375 0.759375 0.646875 0.3328125
1 0.32890625 0.57109375 0.6578125 0.2234375
1 0.3578125 0.43671875 0.70078125 0.2546875
1 0.42265625 0.30625 0.60859375 0.2140625
1 0.82890625 0.48515625 0.34140625 0.17890625
1 0.84609375 0.36875 0.30546875 0.15546875
1 0.51171875 0.21328125 0.49140625 0.15625
1 0.178125 0.1625 0.20234375 0.11328125
1 0.7421875 0.86328125 0.37890625 0.271875
1 0.8015625 0.5953125 0.37578125 0.1546875
1 0.77734375 0.7078125 0.359375 0.14375
1 0.08359375 0.265625 0.09140625 0.146875