1 0.36015625 0.971875 0.26640625 0.0546875
1 0.7375 0.94921875 0.24609375 0.0640625
1 0.7375 0.98125 0.3484375 0.03359375
1 0.97578125 0.9609375 0.046875 0.0296875
1 0.87890625 0.76640625 0.23984375 0.05703125
1 0.88828125 0.72109375 0.22109375 0.05703125
1 0.928125 0.66640625 0.1421875 0.06171875
1 0.9234375 0.6203125 0.15078125 0.05546875
1 0.1390625 0.33046875 0.278125 0.071875
1 0.14296875 0.3796875 0.2859375 0.08125
1 0.1390625 0.44453125 0.278125 0.0765625
1 0.1375 0.5 0.2609375 0.05390625
1 0.14296875 0.534375 0.2734375 0.05
1 0.39765625 0.5265625 0.23515625 0.053125
1 0.42265625 0.35234375 0.2671875 0.084375
1 0.40546875 0.41796875 0.25625 0.06875
1 0.3953125 0.46328125 0.24296875 0.05
1 0.38828125 0.49375 0.234375 0.05
1 0.6671875 0.5125 0.24453125 0.05390625
1 0.66015625 0.47578125 0.2421875 0.04765625
1 0.65703125 0.44609375 0.24375 0.05546875
1 0.6765625 0.39609375 0.25703125 0.07734375
1 0.67109375 0.34921875 0.25390625 0.06328125
1 0.88125 0.3640625 0.20078125 0.0734375
1 0.8171875 0.2515625 0.1421875 0.10078125
1 0.9046875 0.25078125 0.11796875 0.09765625