1 0.1640625 0.03203125 0.25703125 0.04921875
1 0.53671875 0.0234375 0.23828125 0.046875
1 0.8640625 0.01953125 0.1578125 0.03828125
1 0.73359375 0.1796875 0.24609375 0.05
1 0.7671875 0.22109375 0.25078125 0.05
1 0.8546875 0.26875 0.23828125 0.059375
1 0.86015625 0.3140625 0.2375 0.053125
1 0.1484375 0.6703125 0.26328125 0.06328125
1 0.1421875 0.62265625 0.26328125 0.07265625
1 0.125 0.559375 0.24296875 0.06796875
1 0.11015625 0.50625 0.2203125 0.046875
1 0.1109375 0.4734375 0.221875 0.04375
1 0.3359375 0.45625 0.228125 0.0484375
1 0.41171875 0.62265625 0.2578125 0.07734375
1 0.3765625 0.5609375 0.2484375 0.0625
1 0.35234375 0.51796875 0.2359375 0.04375
1 0.3359375 0.48984375 0.22734375 0.04453125
1 0.59921875 0.44453125 0.2375 0.0484375
1 0.60390625 0.48046875 0.2359375 0.0421875
1 0.61015625 0.509375 0.23671875 0.05
1 0.64375 0.55546875 0.2484375 0.07109375
1 0.6515625 0.6015625 0.246875 0.05703125
1 0.875 0.565625 0.2421875 0.0703125
1 0.82265625 0.68125 0.13359375 0.096875
1 0.92421875 0.6734375 0.14296875 0.09453125
1 0.96640625 0.6609375 0.065625 0.09375