1 0.8390625 0.0703125 0.29375 0.140625
1 0.8421875 0.17578125 0.29453125 0.16875
1 0.58984375 0.22734375 0.23046875 0.14609375
1 0.58671875 0.1046875 0.2234375 0.16015625
1 0.3859375 0.26328125 0.196875 0.13828125
1 0.21328125 0.20078125 0.1515625 0.121875
1 0.21328125 0.30234375 0.15546875 0.12265625
1 0.07109375 0.240625 0.1421875 0.115625
1 0.071875 0.328125 0.14375 0.10234375
1 0.240625 0.54296875 0.1703125 0.10625
1 0.08828125 0.54765625 0.14140625 0.103125
1 0.0953125 0.63515625 0.14140625 0.103125
1 0.24375 0.63203125 0.15390625 0.115625
1 0.15703125 0.45625 0.15390625 0.1046875
1 0.41328125 0.52890625 0.17421875 0.11953125
1 0.40625 0.63125 0.18125 0.13671875
1 0.60625 0.52109375 0.22890625 0.159375
1 0.6078125 0.63125 0.22578125 0.14765625
1 0.8546875 0.50078125 0.28203125 0.1765625
1 0.86171875 0.63359375 0.275 0.18203125
1 0.82890625 0.371875 0.20078125 0.1265625
1 0.64765625 0.39609375 0.17109375 0.115625
1 0.490625 0.409375 0.1484375 0.096875
1 0.609375 0.83359375 0.22734375 0.18125
1 0.86015625 0.85234375 0.27421875 0.2
1 0.61171875 0.9390625 0.2078125 0.11953125
1 0.40625 0.915625 0.190625 0.1609375
1 0.41953125 0.80078125 0.18984375 0.1421875
1 0.2671875 0.7859375 0.15859375 0.12421875
1 0.2515625 0.88359375 0.15859375 0.12421875
1 0.11328125 0.78515625 0.15859375 0.12421875
1 0.10703125 0.88125 0.14765625 0.121875