1 0.50078125 0.059375 0.43359375 0.11875
1 0.8484375 0.090625 0.30234375 0.13515625
1 0.496875 0.1484375 0.3984375 0.13203125
1 0.83828125 0.190625 0.321875 0.12109375
1 0.8484375 0.146875 0.3015625 0.08828125
1 0.21875 0.03125 0.2140625 0.0625
1 0.2125 0.090625 0.246875 0.12578125
1 0.47734375 0.71796875 0.0984375 0.13359375
1 0.53828125 0.7515625 0.1125 0.1734375
1 0.775 0.76484375 0.08203125 0.12578125
1 0.72421875 0.75390625 0.09140625 0.13828125
1 0.66640625 0.75 0.08828125 0.125
1 0.60546875 0.74453125 0.0953125 0.14609375
1 0.034375 0.6796875 0.06875 0.16328125