1 0.38125 0.94609375 0.44375 0.10625
1 0.79609375 0.959375 0.3890625 0.08125
1 0.41015625 0.83515625 0.4109375 0.0890625
1 0.80078125 0.85390625 0.3828125 0.07578125
1 0.8015625 0.9015625 0.3765625 0.0421875
1 0.08984375 0.94296875 0.1796875 0.10546875
1 0.109375 0.84765625 0.21875 0.1046875
1 0.55625 0.240625 0.07421875 0.13515625
1 0.6296875 0.215625 0.08046875 0.17734375
1 0.8796875 0.240625 0.059375 0.12890625
1 0.8234375 0.24375 0.06484375 0.14140625
1 0.7625 0.23828125 0.06484375 0.1265625
1 0.696875 0.234375 0.06875 0.15
1 0.059375 0.20390625 0.08828125 0.16484375