1 0.51796875 0.7796875 0.2375 0.33203125
1 0.80703125 0.628125 0.228125 0.3578125
1 0.6328125 0.50859375 0.2515625 0.3125
1 0.64609375 0.23828125 0.2234375 0.2953125
1 0.8796875 0.42890625 0.2140625 0.284375
1 0.23046875 0.7671875 0.25390625 0.30703125
1 0.40859375 0.65625 0.325 0.33515625
1 0.2609375 0.4828125 0.25390625 0.25
1 0.44375 0.33203125 0.21875 0.27578125
1 0.41796875 0.1234375 0.29140625 0.24140625
1 0.134375 0.39375 0.2515625 0.3296875
1 0.11640625 0.13203125 0.2140625 0.184375
1 0.87734375 0.16796875 0.19296875 0.246875