1 0.3734375 0.6359375 0.178125 0.18671875
1 0.43984375 0.77109375 0.04453125 0.12890625
1 0.36015625 0.7734375 0.16015625 0.10703125
1 0.32421875 0.653125 0.18671875 0.1953125
1 0.378125 0.5265625 0.18671875 0.0578125
1 0.37109375 0.49296875 0.1203125 0.0265625
1 0.215625 0.5203125 0.1734375 0.0796875
1 0.1953125 0.58203125 0.16875 0.13359375
1 0.1734375 0.62890625 0.115625 0.10234375
1 0.1625 0.74453125 0.1109375 0.1640625
1 0.2375 0.715625 0.0578125 0.09765625
1 0.221875 0.7890625 0.053125 0.07578125
1 0.24921875 0.79140625 0.115625 0.0890625
1 0.3640625 0.78671875 0.16875 0.09765625