1 0.73359375 0.3078125 0.18671875 0.20546875
1 0.64453125 0.5671875 0.13359375 0.10703125
1 0.7375 0.52421875 0.12421875 0.13828125
1 0.75546875 0.61796875 0.09765625 0.09375
1 0.6796875 0.66484375 0.16875 0.0890625
1 0.5734375 0.58046875 0.07109375 0.17890625
1 0.56875 0.69453125 0.07109375 0.1203125
1 0.584375 0.78359375 0.0578125 0.0671875
1 0.6421875 0.7609375 0.021875 0.03984375
1 0.66015625 0.7765625 0.03984375 0.0265625
1 0.70859375 0.71015625 0.07578125 0.0359375
1 0.7375 0.7765625 0.0890625 0.0265625
1 0.70703125 0.859375 0.15078125 0.1296875
1 0.30859375 0.87265625 0.03984375 0.04921875
1 0.27578125 0.83515625 0.0265625 0.00859375
1 0.278125 0.79453125 0.0578125 0.0265625
1 0.3109375 0.828125 0.053125 0.03984375
1 0.2421875 0.80390625 0.06640625 0.0265625
1 0.2359375 0.84140625 0.0625 0.04921875
1 0.25078125 0.875 0.0578125 0.05390625
1 0.21796875 0.8953125 0.0625 0.03984375
1 0.19296875 0.87265625 0.04921875 0.02265625
1 0.16640625 0.84375 0.03125 0.0265625
1 0.1890625 0.8171875 0.03984375 0.0359375
1 0.1734375 0.80390625 0.04453125 0.0265625
1 0.13984375 0.8328125 0.03125 0.03125
1 0.1578125 0.890625 0.0578125 0.03984375
1 0.2734375 0.71640625 0.1734375 0.1203125
1 0.1890625 0.54453125 0.07578125 0.0359375
1 0.2625 0.53828125 0.09765625 0.04921875
1 0.153125 0.62265625 0.03125 0.04921875
1 0.19140625 0.6140625 0.04453125 0.0578125
1 0.16015625 0.68046875 0.0265625 0.03984375
1 0.50234375 0.484375 0.0890625 0.32578125
1 0.54921875 0.49140625 0.10234375 0.3484375
1 0.46640625 0.44453125 0.053125 0.27265625