1 0.221875 0.6203125 0.09765625 0.06640625
1 0.2953125 0.5203125 0.084375 0.0625
1 0.3046875 0.584375 0.07578125 0.0578125
1 0.215625 0.553125 0.06640625 0.04921875
1 0.3046875 0.6734375 0.06640625 0.09296875
1 0.2796875 0.7046875 0.07109375 0.06640625
1 0.21796875 0.7265625 0.10703125 0.06640625
1 0.18671875 0.6625 0.09765625 0.0796875
1 0.16640625 0.5796875 0.07578125 0.084375
1 0.10234375 0.59765625 0.0796875 0.1203125
1 0.0953125 0.5265625 0.06640625 0.03984375
1 0.1046875 0.7 0.06640625 0.09296875
1 0.15546875 0.70703125 0.0796875 0.0890625
1 0.87109375 0.5359375 0.0796875 0.1109375
1 0.83125 0.5578125 0.115625 0.1109375
1 0.884375 0.64453125 0.0625 0.053125
1 0.853125 0.66640625 0.0625 0.053125
1 0.77109375 0.66015625 0.084375 0.07578125
1 0.66875 0.6578125 0.09296875 0.0625
1 0.778125 0.47109375 0.10703125 0.053125
1 0.746875 0.45078125 0.10703125 0.0578125