1 0.7203125 0.63359375 0.178125 0.15546875
1 0.82421875 0.57109375 0.1375 0.15546875
1 0.87578125 0.66640625 0.0625 0.07109375
1 0.84453125 0.70234375 0.115625 0.10703125
1 0.7109375 0.71796875 0.15078125 0.084375
1 0.715625 0.7640625 0.16875 0.0625
1 0.81796875 0.75546875 0.0796875 0.053125
1 0.63359375 0.74921875 0.084375 0.0578125
1 0.60703125 0.66640625 0.07578125 0.178125
1 0.6265625 0.553125 0.10703125 0.07578125
1 0.60859375 0.52890625 0.115625 0.0796875
1 0.721875 0.5265625 0.084375 0.04921875
1 0.453125 0.41328125 0.10703125 0.0890625
1 0.38203125 0.378125 0.09765625 0.053125
1 0.284375 0.3421875 0.16015625 0.053125
1 0.35078125 0.4265625 0.12421875 0.07109375
1 0.2734375 0.45078125 0.10234375 0.0578125
1 0.22421875 0.39765625 0.12890625 0.04921875
1 0.184375 0.3625 0.0578125 0.03125
1 0.1359375 0.37578125 0.0578125 0.04921875
1 0.13359375 0.46015625 0.0625 0.1203125
1 0.2 0.46015625 0.0796875 0.1109375
1 0.21796875 0.55078125 0.0625 0.115625
1 0.146875 0.5421875 0.0890625 0.04453125
1 0.1421875 0.5578125 0.0796875 0.06640625
1 0.153125 0.59765625 0.10234375 0.06640625
1 0.15546875 0.621875 0.10703125 0.053125