1 0.1890625 0.38671875 0.1203125 0.09765625
1 0.315625 0.42421875 0.16015625 0.09296875
1 0.4578125 0.3890625 0.15078125 0.07578125
1 0.384375 0.34921875 0.1203125 0.06640625
1 0.4640625 0.33125 0.07578125 0.03984375
1 0.2796875 0.353125 0.09765625 0.0578125
1 0.14921875 0.34453125 0.10234375 0.07578125
1 0.1203125 0.453125 0.053125 0.09765625
1 0.20859375 0.4796875 0.1421875 0.0890625
1 0.33125 0.478125 0.084375 0.06640625
1 0.26015625 0.546875 0.1375 0.0796875
1 0.2 0.5796875 0.0890625 0.07578125
1 0.2953125 0.6109375 0.1203125 0.084375
1 0.346875 0.54453125 0.0265625 0.0578125
1 0.31796875 0.67109375 0.07578125 0.07109375
1 0.23984375 0.6625 0.0796875 0.0796875
1 0.13984375 0.62890625 0.10234375 0.1203125
1 0.1421875 0.5265625 0.0890625 0.07578125
1 0.53125 0.7640625 0.32421875 0.284375