1 0.284375 0.6109375 0.1421875 0.146875
1 0.36875 0.57578125 0.053125 0.1375
1 0.43359375 0.57109375 0.10234375 0.1734375
1 0.42890625 0.6734375 0.10234375 0.0578125
1 0.42421875 0.71328125 0.09296875 0.04921875
1 0.3046875 0.7421875 0.10234375 0.09765625
1 0.36875 0.73359375 0.115625 0.07109375
1 0.34921875 0.76640625 0.1734375 0.06640625
1 0.1625 0.7375 0.2359375 0.1421875
1 0.2734375 0.6625 0.146875 0.13359375
1 0.2203125 0.53984375 0.146875 0.146875
1 0.3421875 0.4578125 0.13359375 0.09765625
1 0.23984375 0.45546875 0.0625 0.04921875
1 0.17578125 0.44453125 0.10234375 0.053125
1 0.11796875 0.4375 0.1203125 0.06640625
1 0.08671875 0.4953125 0.1375 0.09296875
1 0.1640625 0.5796875 0.10703125 0.1203125
1 0.07578125 0.56875 0.0796875 0.07109375
1 0.1109375 0.646875 0.12421875 0.10234375