1 0.27578125 0.20234375 0.04453125 0.04921875
1 0.31796875 0.2265625 0.04921875 0.0265625
1 0.36640625 0.23984375 0.03984375 0.053125
1 0.37578125 0.20234375 0.04921875 0.03984375
1 0.41796875 0.23984375 0.0625 0.0359375
1 0.4640625 0.2265625 0.03984375 0.0359375
1 0.446875 0.1796875 0.06640625 0.03125
1 0.3203125 0.184375 0.04453125 0.03984375
1 0.28671875 0.253125 0.04921875 0.0265625
1 0.32421875 0.2578125 0.04453125 0.0359375
1 0.3578125 0.2796875 0.03984375 0.0265625
1 0.39765625 0.27578125 0.04921875 0.0265625
1 0.4203125 0.2953125 0.04921875 0.03125
1 0.45078125 0.27109375 0.0578125 0.0359375
1 0.4578125 0.30703125 0.0359375 0.0359375
1 0.46015625 0.3578125 0.04921875 0.0578125
1 0.43359375 0.33125 0.04921875 0.021875
1 0.39140625 0.31796875 0.0359375 0.021875
1 0.3578125 0.284375 0.06640625 0.0359375
1 0.32421875 0.321875 0.053125 0.06640625
1 0.3578125 0.3625 0.04921875 0.06640625
1 0.2890625 0.2890625 0.0359375 0.0359375
1 0.3 0.33359375 0.04921875 0.04453125
1 0.321875 0.3640625 0.0578125 0.053125
1 0.28671875 0.3640625 0.03125 0.0265625
1 0.3046875 0.39765625 0.0578125 0.03125
1 0.3265625 0.4203125 0.04921875 0.03125
1 0.3796875 0.42421875 0.084375 0.03984375
1 0.37578125 0.39296875 0.0578125 0.021875
1 0.43984375 0.3953125 0.04453125 0.04453125
1 0.453125 0.43125 0.0625 0.053125
1 0.40234375 0.44921875 0.0578125 0.0359375
1 0.453125 0.4640625 0.0625 0.03984375
1 0.33984375 0.46015625 0.06640625 0.03125
1 0.3375 0.42421875 0.0625 0.03125
1 0.2890625 0.43359375 0.053125 0.03984375
1 0.28671875 0.4625 0.03984375 0.0359375
1 0.11328125 0.721875 0.1203125 0.06640625
1 0.215625 0.6953125 0.12890625 0.06640625
1 0.19296875 0.79140625 0.1203125 0.12421875
1 0.20703125 0.846875 0.1203125 0.06640625
1 0.11328125 0.8109375 0.1109375 0.1203125
1 0.1 0.9046875 0.10234375 0.09296875
1 0.19296875 0.90703125 0.1375 0.10703125