1 0.33046875 0.8765625 0.10390625 0.103125
1 0.46875 0.79140625 0.0890625 0.2734375
1 0.71640625 0.85859375 0.0890625 0.10859375
1 0.18125 0.80703125 0.115625 0.221875
1 0.25859375 0.821875 0.0234375 0.07734375
1 0.12734375 0.5 0.07734375 0.06171875
1 0.2125 0.4921875 0.06953125 0.05703125
1 0.29765625 0.46640625 0.06171875 0.10859375
1 0.37421875 0.46171875 0.06171875 0.11875
1 0.45 0.471875 0.0734375 0.10859375
1 0.53671875 0.471875 0.06953125 0.10859375
1 0.61796875 0.48984375 0.06171875 0.0828125
1 0.69921875 0.5078125 0.06171875 0.05703125
1 0.77421875 0.4796875 0.065625 0.11328125
1 0.7703125 0.2265625 0.0734375 0.071875
1 0.69921875 0.25 0.04609375 0.0359375
1 0.54609375 0.2140625 0.0734375 0.09765625
1 0.45390625 0.1828125 0.0890625 0.16015625
1 0.35546875 0.1859375 0.08515625 0.1546875
1 0.25859375 0.17265625 0.08515625 0.16015625
1 0.16015625 0.146875 0.096875 0.20078125
1 0.3296875 0.75078125 0.03984375 0.11875