1 0.78046875 0.3609375 0.24375 0.0609375
1 0.75859375 0.4 0.278125 0.05703125
1 0.74609375 0.446875 0.26328125 0.04453125
1 0.75625 0.48125 0.26328125 0.05703125
1 0.7390625 0.51875 0.278125 0.0328125
1 0.7484375 0.55078125 0.26796875 0.0328125
1 0.74140625 0.59375 0.25390625 0.04453125
1 0.74375 0.6328125 0.25859375 0.04921875
1 0.74140625 0.67109375 0.25390625 0.03671875
1 0.74609375 0.70625 0.24375 0.040625
1 0.734375 0.74453125 0.22890625 0.03671875
1 0.44140625 0.6609375 0.25859375 0.09765625
1 0.42890625 0.72890625 0.22421875 0.03671875
1 0.40234375 0.76328125 0.21953125 0.040625
1 0.4125 0.79375 0.22890625 0.03671875
1 0.4171875 0.840625 0.21953125 0.04921875
1 0.2609375 0.39375 0.22890625 0.09375
1 0.26328125 0.50390625 0.24375 0.11015625
1 0.27109375 0.6 0.21953125 0.1140625
1 0.27109375 0.6875 0.22890625 0.134375