1 0.86875 0.5734375 0.20859375 0.30234375
1 0.53359375 0.49765625 0.3203125 0.35546875
1 0.084375 0.5 0.10703125 0.07578125
1 0.17578125 0.5359375 0.1109375 0.084375
1 0.2359375 0.49765625 0.09765625 0.07109375
1 0.26015625 0.546875 0.0578125 0.04453125
1 0.27578125 0.60234375 0.053125 0.07578125
1 0.2421875 0.6796875 0.1203125 0.04453125
1 0.2 0.621875 0.09765625 0.0796875
1 0.11796875 0.6265625 0.1203125 0.0796875
1 0.09765625 0.68671875 0.09765625 0.04921875
1 0.053125 0.63984375 0.0625 0.0796875
1 0.0734375 0.56875 0.1109375 0.07109375