1 0.33359375 0.1671875 0.05078125 0.10703125
1 0.2109375 0.35078125 0.059375 0.1265625
1 0.14140625 0.44375 0.046875 0.1265625
1 0.11953125 0.60078125 0.05546875 0.1125
1 0.271875 0.49453125 0.06015625 0.103125
1 0.32578125 0.44765625 0.0796875 0.1125
1 0.2734375 0.03125 0.03046875 0.0625
1 0.3421875 0.5953125 0.05078125 0.0859375
1 0.371875 0.61875 0.05078125 0.08984375
1 0.36171875 0.684375 0.06484375 0.0796875
1 0.4359375 0.7359375 0.06171875 0.08984375
1 0.42890625 0.6671875 0.046875 0.09609375
1 0.47890625 0.53984375 0.05234375 0.0796875
1 0.73671875 0.8078125 0.05390625 0.10078125
1 0.7640625 0.67265625 0.046875 0.06484375
1 0.83515625 0.640625 0.0421875 0.10078125
1 0.8453125 0.50390625 0.07109375 0.08828125
1 0.778125 0.53359375 0.05625 0.1046875
1 0.7046875 0.49765625 0.053125 0.0921875
1 0.6796875 0.4203125 0.05546875 0.08828125
1 0.73671875 0.32421875 0.0625 0.1046875
1 0.77734375 0.06640625 0.04921875 0.06640625
1 0.72734375 0.22734375 0.0453125 0.0921875
1 0.64609375 0.2171875 0.06328125 0.0921875
1 0.63203125 0.36328125 0.05234375 0.08359375
1 0.57109375 0.28828125 0.06328125 0.08359375
1 0.496875 0.371875 0.0578125 0.10078125
1 0.446875 0.3953125 0.05390625 0.08828125
1 0.43359375 0.43828125 0.071875 0.09453125
1 0.4375 0.521875 0.03984375 0.07734375
1 0.3578125 0.28125 0.0484375 0.0984375
1 0.4078125 0.29609375 0.06875 0.1265625
1 0.4046875 0.196875 0.059375 0.0734375
1 0.46875 0.18984375 0.04375 0.08828125
1 0.54453125 0.07421875 0.0328125 0.07578125
1 0.62265625 0.11484375 0.0375 0.06953125
1 0.6 0.08984375 0.03515625 0.08984375
1 0.69609375 0.11171875 0.0421875 0.10078125
1 0.6671875 0.1078125 0.0234375 0.08359375
1 0.64296875 0.0203125 0.03984375 0.03359375