1 0.64453125 0.453125 0.1734375 0.1421875
1 0.878125 0.46015625 0.115625 0.15078125
1 0.72890625 0.64453125 0.16875 0.1375
1 0.6640625 0.8359375 0.15546875 0.15078125
1 0.39140625 0.78671875 0.23125 0.18203125
1 0.17578125 0.878125 0.2625 0.2046875
1 0.1203125 0.65546875 0.21796875 0.20859375
1 0.315625 0.5734375 0.2265625 0.2046875
1 0.2890625 0.278125 0.09765625 0.0796875
1 0.2 0.28671875 0.146875 0.1375
1 0.16875 0.19296875 0.1734375 0.12421875
1 0.2953125 0.15546875 0.16015625 0.1421875
1 0.0640625 0.06875 0.10703125 0.07578125
1 0.153125 0.03359375 0.10703125 0.053125
1 0.515625 0.10234375 0.1421875 0.13359375
1 0.78203125 0.1796875 0.1109375 0.12421875
1 0.8796875 0.221875 0.1640625 0.10234375
1 0.921875 0.315625 0.1203125 0.10234375
1 0.946875 0.17578125 0.09765625 0.12421875
1 0.69140625 0.05546875 0.146875 0.09296875
1 0.06875 0.8 0.12890625 0.1734375