1 0.46171875 0.234375 0.2015625 0.25078125
1 0.709375 0.28046875 0.15625 0.20546875
1 0.7453125 0.53515625 0.178125 0.22265625
1 0.6171875 0.9359375 0.215625 0.128125
1 0.50546875 0.459375 0.2234375 0.2828125
1 0.36875 0.59453125 0.1640625 0.27734375
1 0.29921875 0.83046875 0.20234375 0.29296875
1 0.2046875 0.37109375 0.178125 0.22578125
1 0.07109375 0.2546875 0.140625 0.1984375
1 0.234375 0.06953125 0.16015625 0.13828125
1 0.9328125 0.090625 0.128125 0.16640625
1 0.03671875 0.6625 0.071875 0.25546875