1 0.675 0.18671875 0.0359375 0.0546875
1 0.74296875 0.1765625 0.0359375 0.0546875
1 0.76328125 0.1765625 0.01953125 0.075
1 0.803125 0.16640625 0.028125 0.06484375
1 0.8328125 0.146875 0.02421875 0.06484375
1 0.85625 0.15390625 0.02421875 0.05
1 0.8765625 0.16640625 0.015625 0.04453125
1 0.66953125 0.11953125 0.015625 0.03984375
1 0.63515625 0.121875 0.01953125 0.04453125
1 0.609375 0.14140625 0.03203125 0.03515625
1 0.5859375 0.15703125 0.02421875 0.04453125
1 0.55390625 0.13203125 0.03203125 0.04453125
1 0.5515625 0.20390625 0.0359375 0.03984375
1 0.51796875 0.21875 0.03984375 0.059375