1 0.740625 0.38671875 0.11640625 0.2203125
1 0.82265625 0.33046875 0.11640625 0.2203125
1 0.70625 0.2234375 0.13515625 0.2203125
1 0.790625 0.446875 0.09140625 0.10078125
1 0.60859375 0.17890625 0.09140625 0.13203125
1 0.5546875 0.2453125 0.13515625 0.1890625
1 0.4765625 0.36796875 0.11640625 0.15703125
1 0.39140625 0.2640625 0.12265625 0.17578125
1 0.42109375 0.3046875 0.14453125 0.11953125
1 0.4875 0.2734375 0.0375 0.04375
1 0.2578125 0.33671875 0.12578125 0.18203125
1 0.32890625 0.38359375 0.11015625 0.12578125
1 0.2078125 0.16640625 0.14453125 0.1953125
1 0.11640625 0.31796875 0.17578125 0.2453125
1 0.16171875 0.41484375 0.08515625 0.13828125