1 0.0234375 0.2375 0.046875 0.046875
1 0.028125 0.29609375 0.05625 0.06875
1 0.1015625 0.31171875 0.0734375 0.0828125
1 0.15703125 0.35546875 0.04765625 0.03203125
1 0.0234375 0.34296875 0.046875 0.0453125
1 0.2390625 0.15390625 0.09921875 0.06875
1 0.3296875 0.1609375 0.0734375 0.146875
1 0.3640625 0.09375 0.09921875 0.0875
1 0.4265625 0.06171875 0.0859375 0.078125
1 0.4609375 0.121875 0.103125 0.0875
1 0.28046875 0.04375 0.1984375 0.0875
1 0.42265625 0.01640625 0.06875 0.03203125
1 0.07109375 0.07578125 0.13359375 0.12421875