1 0.6171875 0.1421875 0.10546875 0.1421875
1 0.51875 0.13984375 0.10546875 0.15234375
1 0.60546875 0.2765625 0.1015625 0.13671875
1 0.5171875 0.32890625 0.0984375 0.1734375
1 0.4171875 0.33671875 0.0984375 0.19453125
1 0.47734375 0.46328125 0.07890625 0.1421875
1 0.51875 0.54765625 0.071875 0.115625
1 0.5453125 0.74453125 0.08671875 0.215625
1 0.77890625 0.66875 0.1359375 0.16328125
1 0.8984375 0.5921875 0.0984375 0.1734375
1 0.66640625 0.63671875 0.071875 0.284375
1 0.47890625 0.57890625 0.14375 0.18984375
1 0.63359375 0.48984375 0.07578125 0.14765625
1 0.6109375 0.63125 0.05625 0.14765625