1 0.2890625 0.1609375 0.1125 0.0421875
1 0.2890625 0.07578125 0.07890625 0.04609375
1 0.26953125 0.20859375 0.10078125 0.0390625
1 0.246875 0.25234375 0.1234375 0.08515625
1 0.18828125 0.39921875 0.1234375 0.053125
1 0.30625 0.39609375 0.13515625 0.053125
1 0.525 0.31953125 0.1234375 0.04921875
1 0.88203125 0.28984375 0.11796875 0.06328125
1 0.63203125 0.28125 0.15703125 0.08515625
1 0.14609375 0.4734375 0.08984375 0.07421875
1 0.17109375 0.690625 0.1125 0.04609375
1 0.29765625 0.728125 0.13515625 0.0921875
1 0.32265625 0.8265625 0.12890625 0.06328125
1 0.48046875 0.825 0.07890625 0.06015625
1 0.721875 0.84453125 0.0671875 0.04921875
1 0.803125 0.73515625 0.10078125 0.05625
1 0.696875 0.57265625 0.0953125 0.04921875
1 0.62109375 0.4875 0.07890625 0.053125
1 0.5109375 0.5 0.1125 0.0671875
1 0.50546875 0.4484375 0.084375 0.04609375
1 0.809375 0.49296875 0.07890625 0.04921875
1 0.809375 0.5546875 0.07265625 0.028125
1 0.9046875 0.63046875 0.1515625 0.0421875
1 0.85390625 0.65546875 0.1125 0.04609375
1 0.9046875 0.728125 0.0453125 0.04921875
1 0.359375 0.24375 0.0453125 0.03515625