1 0.3390625 0.16640625 0.20625 0.21875
1 0.090625 0.33359375 0.159375 0.2078125
1 0.12109375 0.5078125 0.1953125 0.26796875
1 0.08671875 0.71328125 0.14140625 0.21875
1 0.4203125 0.6859375 0.18828125 0.21875
1 0.421875 0.4890625 0.17734375 0.26796875
1 0.5203125 0.33359375 0.203125 0.2625
1 0.65234375 0.41796875 0.19921875 0.24609375
1 0.62109375 0.60390625 0.1953125 0.28984375
1 0.57578125 0.8171875 0.24609375 0.2953125
1 0.728125 0.78671875 0.1953125 0.24609375
1 0.8859375 0.61484375 0.1953125 0.25703125
1 0.89296875 0.2734375 0.18828125 0.284375