1 0.42734375 0.28515625 0.12421875 0.134375
1 0.546875 0.11015625 0.1203125 0.12578125
1 0.70078125 0.190625 0.08984375 0.1296875
1 0.625 0.30625 0.1234375 0.16640625
1 0.4875 0.51015625 0.12890625 0.16640625
1 0.3609375 0.6203125 0.0953125 0.1546875
1 0.55703125 0.725 0.12734375 0.1703125
1 0.715625 0.77109375 0.1078125 0.16953125
1 0.8921875 0.74140625 0.11484375 0.1546875
1 0.921875 0.47734375 0.109375 0.17265625
1 0.8234375 0.12890625 0.0875 0.13203125
1 0.7546875 0.13203125 0.07421875 0.1
1 0.7578125 0.24453125 0.109375 0.1578125
1 0.6796875 0.5203125 0.11953125 0.13671875
1 0.73125 0.45703125 0.07734375 0.1328125
1 0.0734375 0.81640625 0.1046875 0.1359375
1 0.8078125 0.8640625 0.09140625 0.1
1 0.91875 0.8734375 0.08359375 0.08671875