1 0.3359375 0.06328125 0.1421875 0.090625
1 0.48125 0.11484375 0.16953125 0.09453125
1 0.7078125 0.14765625 0.14765625 0.0875
1 0.57890625 0.19453125 0.13125 0.08359375
1 0.325 0.165625 0.12578125 0.0984375
1 0.1640625 0.12578125 0.09296875 0.065625
1 0.12265625 0.18515625 0.09296875 0.07265625
1 0.2703125 0.2125 0.1203125 0.0765625
1 0.51640625 0.24375 0.13671875 0.08359375
1 0.73515625 0.24921875 0.13671875 0.07265625
1 0.890625 0.2 0.0984375 0.109375
1 0.9375 0.265625 0.109375 0.0796875
1 0.89921875 0.3765625 0.13671875 0.1234375
1 0.784375 0.3 0.1421875 0.0765625
1 0.6171875 0.3109375 0.12578125 0.1015625
1 0.42109375 0.33984375 0.13671875 0.0875
1 0.284375 0.309375 0.1640625 0.06875
1 0.12578125 0.290625 0.15859375 0.10546875
1 0.0953125 0.38359375 0.09296875 0.10546875
1 0.26484375 0.4 0.16953125 0.09453125
1 0.2046875 0.45234375 0.09296875 0.0875
1 0.0765625 0.53125 0.12578125 0.1015625
1 0.12578125 0.56875 0.11484375 0.08359375
1 0.2484375 0.634375 0.1203125 0.13828125
1 0.3578125 0.5125 0.109375 0.0984375
1 0.4921875 0.6109375 0.1859375 0.109375
1 0.671875 0.63671875 0.16953125 0.1421875
1 0.8359375 0.56875 0.1640625 0.10546875
1 0.73515625 0.46171875 0.18046875 0.13828125
1 0.5328125 0.47265625 0.16953125 0.12734375
1 0.5765625 0.434375 0.10390625 0.08359375
1 0.7265625 0.4328125 0.1203125 0.090625
1 0.07109375 0.4234375 0.09296875 0.0875