1 0.48671875 0.325 0.246875 0.30390625
1 0.5421875 0.115625 0.2125 0.1859375
1 0.2875 0.3015625 0.1890625 0.24765625
1 0.67734375 0.31171875 0.20078125 0.2625
1 0.77578125 0.41015625 0.15859375 0.1859375
1 0.86640625 0.53125 0.146875 0.21640625
1 0.84765625 0.69296875 0.1 0.134375
1 0.78203125 0.6390625 0.11171875 0.19609375
1 0.61171875 0.5828125 0.18515625 0.30390625
1 0.4359375 0.70078125 0.15078125 0.1703125
1 0.3515625 0.56171875 0.21640625 0.29375
1 0.23359375 0.59296875 0.15859375 0.33984375