1 0.44921875 0.43984375 0.2328125 0.15859375
1 0.52578125 0.51640625 0.20390625 0.175
1 0.76328125 0.6203125 0.24375 0.23515625
1 0.79609375 0.4453125 0.15234375 0.15859375
1 0.6421875 0.3578125 0.3125 0.21875
1 0.87734375 0.0515625 0.1890625 0.103125
1 0.509375 0.128125 0.14921875 0.11484375
1 0.19296875 0.34140625 0.1421875 0.1421875
1 0.1109375 0.2734375 0.221875 0.20234375
1 0.0875 0.53515625 0.16328125 0.14765625
1 0.07421875 0.08125 0.1484375 0.115625
1 0.38359375 0.08203125 0.22578125 0.1421875